2.450878906250000266e+00 2.684878906249999808e+00 4.893652343749999467e+00 3.769089843750000224e+00
2.784277343749999911e+00 2.684878906249999808e+00 4.893652343749999467e+00 3.769089843750000224e+00
2.450878906250000266e+00 2.965542968749999897e+00 4.893652343749999467e+00 3.769089843750000224e+00
2.450878906250000266e+00 2.684878906249999808e+00 4.770019531250000000e+00 3.769089843750000224e+00
2.450878906250000266e+00 2.684878906249999808e+00 4.893652343749999467e+00 3.829441406249999957e+00
2.450878906250000266e+00 2.965542968749999897e+00 4.770019531250000000e+00 3.829441406249999957e+00
2.784277343749999911e+00 2.684878906249999808e+00 4.770019531250000000e+00 3.829441406249999957e+00
2.784277343749999911e+00 2.965542968749999897e+00 4.893652343749999467e+00 3.829441406249999957e+00
2.784277343749999911e+00 2.965542968749999897e+00 4.770019531250000000e+00 3.769089843750000224e+00
2.784277343749999911e+00 2.965542968749999897e+00 4.770019531250000000e+00 3.829441406249999957e+00
2.750878906250000089e+00 2.984878906249999631e+00 5.193652343749999289e+00 4.069089843749999602e+00
2.484277343750000089e+00 2.984878906249999631e+00 5.193652343749999289e+00 4.069089843749999602e+00
2.750878906250000089e+00 2.665542968750000075e+00 5.193652343749999289e+00 4.069089843749999602e+00
2.750878906250000089e+00 2.984878906249999631e+00 5.070019531249999822e+00 4.069089843749999602e+00
2.750878906250000089e+00 2.984878906249999631e+00 5.193652343749999289e+00 3.529441406250000135e+00
2.750878906250000089e+00 2.665542968750000075e+00 5.070019531249999822e+00 3.529441406250000135e+00
2.484277343750000089e+00 2.984878906249999631e+00 5.070019531249999822e+00 3.529441406250000135e+00
2.484277343750000089e+00 2.665542968750000075e+00 5.193652343749999289e+00 3.529441406250000135e+00
2.484277343750000089e+00 2.665542968750000075e+00 5.070019531249999822e+00 4.069089843749999602e+00
2.484277343750000089e+00 2.665542968750000075e+00 5.070019531249999822e+00 3.529441406250000135e+00
2.900878906250000000e+00 2.534878906249999897e+00 4.743652343750000000e+00 3.619089843750000313e+00
2.634277343750000000e+00 2.534878906249999897e+00 4.743652343750000000e+00 3.619089843750000313e+00
2.900878906250000000e+00 2.515542968750000163e+00 4.743652343750000000e+00 3.619089843750000313e+00
2.900878906250000000e+00 2.534878906249999897e+00 4.920019531249999467e+00 3.619089843750000313e+00
2.900878906250000000e+00 2.534878906249999897e+00 4.743652343750000000e+00 3.679441406250000046e+00
2.900878906250000000e+00 2.515542968750000163e+00 4.920019531249999467e+00 3.679441406250000046e+00
2.634277343750000000e+00 2.534878906249999897e+00 4.920019531249999467e+00 3.679441406250000046e+00
2.634277343750000000e+00 2.515542968750000163e+00 4.743652343750000000e+00 3.679441406250000046e+00
2.634277343750000000e+00 2.515542968750000163e+00 4.920019531249999467e+00 3.619089843750000313e+00
2.634277343750000000e+00 2.515542968750000163e+00 4.920019531249999467e+00 3.679441406250000046e+00
2.600878906250000178e+00 2.834878906249999719e+00 5.043652343749999822e+00 3.919089843750000135e+00
2.934277343749999822e+00 2.834878906249999719e+00 5.043652343749999822e+00 3.919089843750000135e+00
2.600878906250000178e+00 2.815542968749999986e+00 5.043652343749999822e+00 3.919089843750000135e+00
2.600878906250000178e+00 2.834878906249999719e+00 5.220019531249999289e+00 3.919089843750000135e+00
2.600878906250000178e+00 2.834878906249999719e+00 5.043652343749999822e+00 3.979441406249999869e+00
2.600878906250000178e+00 2.815542968749999986e+00 5.220019531249999289e+00 3.979441406249999869e+00
2.934277343749999822e+00 2.834878906249999719e+00 5.220019531249999289e+00 3.979441406249999869e+00
2.934277343749999822e+00 2.815542968749999986e+00 5.043652343749999822e+00 3.979441406249999869e+00
2.934277343749999822e+00 2.815542968749999986e+00 5.220019531249999289e+00 3.919089843750000135e+00
2.934277343749999822e+00 2.815542968749999986e+00 5.220019531249999289e+00 3.979441406249999869e+00
2.675878906249999911e+00 2.459878906250000163e+00 5.118652343750000000e+00 3.844089843749999957e+00
3.009277343750000000e+00 2.459878906250000163e+00 5.118652343750000000e+00 3.844089843749999957e+00
2.675878906249999911e+00 3.040542968749999631e+00 5.118652343750000000e+00 3.844089843749999957e+00
2.675878906249999911e+00 2.459878906250000163e+00 4.845019531250000178e+00 3.844089843749999957e+00
2.675878906249999911e+00 2.459878906250000163e+00 5.118652343750000000e+00 3.754441406250000224e+00
2.675878906249999911e+00 3.040542968749999631e+00 4.845019531250000178e+00 3.754441406250000224e+00
3.009277343750000000e+00 2.459878906250000163e+00 4.845019531250000178e+00 3.754441406250000224e+00
3.009277343750000000e+00 3.040542968749999631e+00 5.118652343750000000e+00 3.754441406250000224e+00
3.009277343750000000e+00 3.040542968749999631e+00 4.845019531250000178e+00 3.844089843749999957e+00
3.009277343750000000e+00 3.040542968749999631e+00 4.845019531250000178e+00 3.754441406250000224e+00
2.975878906249999734e+00 2.759878906249999986e+00 4.818652343750000178e+00 3.544089843750000135e+00
2.709277343750000178e+00 2.759878906249999986e+00 4.818652343750000178e+00 3.544089843750000135e+00
2.975878906249999734e+00 2.740542968749999808e+00 4.818652343750000178e+00 3.544089843750000135e+00
2.975878906249999734e+00 2.759878906249999986e+00 5.145019531250000000e+00 3.544089843750000135e+00
2.975878906249999734e+00 2.759878906249999986e+00 4.818652343750000178e+00 4.054441406249999602e+00
2.975878906249999734e+00 2.740542968749999808e+00 5.145019531250000000e+00 4.054441406249999602e+00
2.709277343750000178e+00 2.759878906249999986e+00 5.145019531250000000e+00 4.054441406249999602e+00
2.709277343750000178e+00 2.740542968749999808e+00 4.818652343750000178e+00 4.054441406249999602e+00
2.709277343750000178e+00 2.740542968749999808e+00 5.145019531250000000e+00 3.544089843750000135e+00
2.709277343750000178e+00 2.740542968749999808e+00 5.145019531250000000e+00 4.054441406249999602e+00
2.825878906249999822e+00 2.609878906250000075e+00 4.968652343749999645e+00 3.994089843749999869e+00
2.559277343750000266e+00 2.609878906250000075e+00 4.968652343749999645e+00 3.994089843749999869e+00
2.825878906249999822e+00 2.590542968749999897e+00 4.968652343749999645e+00 3.994089843749999869e+00
2.825878906249999822e+00 2.609878906250000075e+00 4.695019531249999822e+00 3.994089843749999869e+00
2.825878906249999822e+00 2.609878906250000075e+00 4.968652343749999645e+00 3.904441406250000135e+00
2.825878906249999822e+00 2.590542968749999897e+00 4.695019531249999822e+00 3.904441406250000135e+00
2.559277343750000266e+00 2.609878906250000075e+00 4.695019531249999822e+00 3.904441406250000135e+00
2.559277343750000266e+00 2.590542968749999897e+00 4.968652343749999645e+00 3.904441406250000135e+00
2.559277343750000266e+00 2.590542968749999897e+00 4.695019531249999822e+00 3.994089843749999869e+00
2.559277343750000266e+00 2.590542968749999897e+00 4.695019531249999822e+00 3.904441406250000135e+00
2.525878906250000000e+00 2.909878906249999897e+00 4.668652343749999822e+00 3.694089843750000046e+00
2.859277343750000089e+00 2.909878906249999897e+00 4.668652343749999822e+00 3.694089843750000046e+00
2.525878906250000000e+00 2.890542968749999719e+00 4.668652343749999822e+00 3.694089843750000046e+00
2.525878906250000000e+00 2.909878906249999897e+00 4.995019531249999645e+00 3.694089843750000046e+00
2.525878906250000000e+00 2.909878906249999897e+00 4.668652343749999822e+00 3.604441406250000313e+00
2.525878906250000000e+00 2.890542968749999719e+00 4.995019531249999645e+00 3.604441406250000313e+00
2.859277343750000089e+00 2.909878906249999897e+00 4.995019531249999645e+00 3.604441406250000313e+00
2.859277343750000089e+00 2.890542968749999719e+00 4.668652343749999822e+00 3.604441406250000313e+00
2.859277343750000089e+00 2.890542968749999719e+00 4.995019531249999645e+00 3.694089843750000046e+00
2.859277343750000089e+00 2.890542968749999719e+00 4.995019531249999645e+00 3.604441406250000313e+00
2.563378906250000089e+00 2.572378906249999986e+00 4.931152343750000000e+00 3.506589843750000490e+00
2.521777343750000178e+00 2.572378906249999986e+00 4.931152343750000000e+00 3.506589843750000490e+00
2.563378906250000089e+00 2.778042968749999897e+00 4.931152343750000000e+00 3.506589843750000490e+00
2.563378906250000089e+00 2.572378906249999986e+00 4.807519531249999645e+00 3.506589843750000490e+00
2.563378906250000089e+00 2.572378906249999986e+00 4.931152343750000000e+00 3.716941406250000135e+00
2.563378906250000089e+00 2.778042968749999897e+00 4.807519531249999645e+00 3.716941406250000135e+00
2.521777343750000178e+00 2.572378906249999986e+00 4.807519531249999645e+00 3.716941406250000135e+00
2.521777343750000178e+00 2.778042968749999897e+00 4.931152343750000000e+00 3.716941406250000135e+00
2.521777343750000178e+00 2.778042968749999897e+00 4.807519531249999645e+00 3.506589843750000490e+00
2.521777343750000178e+00 2.778042968749999897e+00 4.807519531249999645e+00 3.716941406250000135e+00
2.863378906249999911e+00 2.872378906249999808e+00 4.631152343750000178e+00 3.806589843750000313e+00
2.821777343750000000e+00 2.872378906249999808e+00 4.631152343750000178e+00 3.806589843750000313e+00
2.863378906249999911e+00 2.478042968750000075e+00 4.631152343750000178e+00 3.806589843750000313e+00
2.863378906249999911e+00 2.872378906249999808e+00 5.107519531249999467e+00 3.806589843750000313e+00
2.863378906249999911e+00 2.872378906249999808e+00 4.631152343750000178e+00 4.016941406249999957e+00
2.863378906249999911e+00 2.478042968750000075e+00 5.107519531249999467e+00 4.016941406249999957e+00
2.821777343750000000e+00 2.872378906249999808e+00 5.107519531249999467e+00 4.016941406249999957e+00
2.821777343750000000e+00 2.478042968750000075e+00 4.631152343750000178e+00 4.016941406249999957e+00
2.821777343750000000e+00 2.478042968750000075e+00 5.107519531249999467e+00 3.806589843750000313e+00
2.821777343750000000e+00 2.478042968750000075e+00 5.107519531249999467e+00 4.016941406249999957e+00
3.013378906249999822e+00 2.722378906249999897e+00 5.081152343749999467e+00 3.656589843750000401e+00
2.971777343749999911e+00 2.722378906249999897e+00 5.081152343749999467e+00 3.656589843750000401e+00
3.013378906249999822e+00 2.628042968749999986e+00 5.081152343749999467e+00 3.656589843750000401e+00
3.013378906249999822e+00 2.722378906249999897e+00 4.657519531250000178e+00 3.656589843750000401e+00
3.013378906249999822e+00 2.722378906249999897e+00 5.081152343749999467e+00 3.866941406250000046e+00
3.013378906249999822e+00 2.628042968749999986e+00 4.657519531250000178e+00 3.866941406250000046e+00
2.971777343749999911e+00 2.722378906249999897e+00 4.657519531250000178e+00 3.866941406250000046e+00
2.971777343749999911e+00 2.628042968749999986e+00 5.081152343749999467e+00 3.866941406250000046e+00
2.971777343749999911e+00 2.628042968749999986e+00 4.657519531250000178e+00 3.656589843750000401e+00
2.971777343749999911e+00 2.628042968749999986e+00 4.657519531250000178e+00 3.866941406250000046e+00
2.713378906250000000e+00 3.022378906249999719e+00 4.781152343749999645e+00 3.956589843749999780e+00
2.671777343750000089e+00 3.022378906249999719e+00 4.781152343749999645e+00 3.956589843749999780e+00
2.713378906250000000e+00 2.928042968749999808e+00 4.781152343749999645e+00 3.956589843749999780e+00
2.713378906250000000e+00 3.022378906249999719e+00 4.957519531250000000e+00 3.956589843749999780e+00
2.713378906250000000e+00 3.022378906249999719e+00 4.781152343749999645e+00 3.566941406250000224e+00
2.713378906250000000e+00 2.928042968749999808e+00 4.957519531250000000e+00 3.566941406250000224e+00
2.671777343750000089e+00 3.022378906249999719e+00 4.957519531250000000e+00 3.566941406250000224e+00
2.671777343750000089e+00 2.928042968749999808e+00 4.781152343749999645e+00 3.566941406250000224e+00
2.671777343750000089e+00 2.928042968749999808e+00 4.957519531250000000e+00 3.956589843749999780e+00
2.671777343750000089e+00 2.928042968749999808e+00 4.957519531250000000e+00 3.566941406250000224e+00
2.638378906250000266e+00 2.647378906250000163e+00 4.706152343750000355e+00 4.031589843749999957e+00
2.746777343749999822e+00 2.647378906250000163e+00 4.706152343750000355e+00 4.031589843749999957e+00
2.638378906250000266e+00 2.853042968749999631e+00 4.706152343750000355e+00 4.031589843749999957e+00
2.638378906250000266e+00 2.647378906250000163e+00 4.732519531250000355e+00 4.031589843749999957e+00
2.638378906250000266e+00 2.647378906250000163e+00 4.706152343750000355e+00 3.791941406250000313e+00
2.638378906250000266e+00 2.853042968749999631e+00 4.732519531250000355e+00 3.791941406250000313e+00
2.746777343749999822e+00 2.647378906250000163e+00 4.732519531250000355e+00 3.791941406250000313e+00
2.746777343749999822e+00 2.853042968749999631e+00 4.706152343750000355e+00 3.791941406250000313e+00
2.746777343749999822e+00 2.853042968749999631e+00 4.732519531250000355e+00 4.031589843749999957e+00
2.746777343749999822e+00 2.853042968749999631e+00 4.732519531250000355e+00 3.791941406250000313e+00
2.938378906249999645e+00 2.947378906249999986e+00 5.006152343750000178e+00 3.731589843750000135e+00
3.046777343749999645e+00 2.947378906249999986e+00 5.006152343750000178e+00 3.731589843750000135e+00
2.938378906249999645e+00 2.553042968749999808e+00 5.006152343750000178e+00 3.731589843750000135e+00
2.938378906249999645e+00 2.947378906249999986e+00 5.032519531249999289e+00 3.731589843750000135e+00
2.938378906249999645e+00 2.947378906249999986e+00 5.006152343750000178e+00 3.491941406250000490e+00
2.938378906249999645e+00 2.553042968749999808e+00 5.032519531249999289e+00 3.491941406250000490e+00
3.046777343749999645e+00 2.947378906249999986e+00 5.032519531249999289e+00 3.491941406250000490e+00
3.046777343749999645e+00 2.553042968749999808e+00 5.006152343750000178e+00 3.491941406250000490e+00
3.046777343749999645e+00 2.553042968749999808e+00 5.032519531249999289e+00 3.731589843750000135e+00
3.046777343749999645e+00 2.553042968749999808e+00 5.032519531249999289e+00 3.491941406250000490e+00
2.788378906250000178e+00 2.497378906250000252e+00 4.856152343749999822e+00 3.881589843750000046e+00
2.896777343749999734e+00 2.497378906250000252e+00 4.856152343749999822e+00 3.881589843750000046e+00
2.788378906250000178e+00 2.703042968750000163e+00 4.856152343749999822e+00 3.881589843750000046e+00
2.788378906250000178e+00 2.497378906250000252e+00 4.882519531249999822e+00 3.881589843750000046e+00
2.788378906250000178e+00 2.497378906250000252e+00 4.856152343749999822e+00 3.641941406250000401e+00
2.788378906250000178e+00 2.703042968750000163e+00 4.882519531249999822e+00 3.641941406250000401e+00
2.896777343749999734e+00 2.497378906250000252e+00 4.882519531249999822e+00 3.641941406250000401e+00
2.896777343749999734e+00 2.703042968750000163e+00 4.856152343749999822e+00 3.641941406250000401e+00
2.896777343749999734e+00 2.703042968750000163e+00 4.882519531249999822e+00 3.881589843750000046e+00
2.896777343749999734e+00 2.703042968750000163e+00 4.882519531249999822e+00 3.641941406250000401e+00
2.488378906250000355e+00 2.797378906249999631e+00 5.156152343749999645e+00 3.581589843750000224e+00
2.596777343749999911e+00 2.797378906249999631e+00 5.156152343749999645e+00 3.581589843750000224e+00
2.488378906250000355e+00 3.003042968749999986e+00 5.156152343749999645e+00 3.581589843750000224e+00
2.488378906250000355e+00 2.797378906249999631e+00 5.182519531249999645e+00 3.581589843750000224e+00
2.488378906250000355e+00 2.797378906249999631e+00 5.156152343749999645e+00 3.941941406250000224e+00
2.488378906250000355e+00 3.003042968749999986e+00 5.182519531249999645e+00 3.941941406250000224e+00
2.596777343749999911e+00 2.797378906249999631e+00 5.182519531249999645e+00 3.941941406250000224e+00
2.596777343749999911e+00 3.003042968749999986e+00 5.156152343749999645e+00 3.941941406250000224e+00
2.596777343749999911e+00 3.003042968749999986e+00 5.182519531249999645e+00 3.581589843750000224e+00
2.596777343749999911e+00 3.003042968749999986e+00 5.182519531249999645e+00 3.941941406250000224e+00
2.507128906250000178e+00 2.516128906250000075e+00 4.649902343750000000e+00 3.975339843750000046e+00
2.915527343750000000e+00 2.516128906250000075e+00 4.649902343750000000e+00 3.975339843750000046e+00
2.507128906250000178e+00 2.534292968749999986e+00 4.649902343750000000e+00 3.975339843750000046e+00
2.507128906250000178e+00 2.516128906250000075e+00 5.051269531250000000e+00 3.975339843750000046e+00
2.507128906250000178e+00 2.516128906250000075e+00 4.649902343750000000e+00 3.660691406250000224e+00
2.507128906250000178e+00 2.534292968749999986e+00 5.051269531250000000e+00 3.660691406250000224e+00
2.915527343750000000e+00 2.516128906250000075e+00 5.051269531250000000e+00 3.660691406250000224e+00
2.915527343750000000e+00 2.534292968749999986e+00 4.649902343750000000e+00 3.660691406250000224e+00
2.915527343750000000e+00 2.534292968749999986e+00 5.051269531250000000e+00 3.975339843750000046e+00
2.915527343750000000e+00 2.534292968749999986e+00 5.051269531250000000e+00 3.660691406250000224e+00
2.807128906250000000e+00 2.816128906249999897e+00 4.949902343749999822e+00 3.675339843750000224e+00
2.615527343750000178e+00 2.816128906249999897e+00 4.949902343749999822e+00 3.675339843750000224e+00
2.807128906250000000e+00 2.834292968749999808e+00 4.949902343749999822e+00 3.675339843750000224e+00
2.807128906250000000e+00 2.816128906249999897e+00 4.751269531250000178e+00 3.675339843750000224e+00
2.807128906250000000e+00 2.816128906249999897e+00 4.949902343749999822e+00 3.960691406250000046e+00
2.807128906250000000e+00 2.834292968749999808e+00 4.751269531250000178e+00 3.960691406250000046e+00
2.615527343750000178e+00 2.816128906249999897e+00 4.751269531250000178e+00 3.960691406250000046e+00
2.615527343750000178e+00 2.834292968749999808e+00 4.949902343749999822e+00 3.960691406250000046e+00
2.615527343750000178e+00 2.834292968749999808e+00 4.751269531250000178e+00 3.675339843750000224e+00
2.615527343750000178e+00 2.834292968749999808e+00 4.751269531250000178e+00 3.960691406250000046e+00
2.957128906249999911e+00 2.666128906249999986e+00 4.799902343749999467e+00 3.825339843750000135e+00
2.465527343750000266e+00 2.666128906249999986e+00 4.799902343749999467e+00 3.825339843750000135e+00
2.957128906249999911e+00 2.984292968749999719e+00 4.799902343749999467e+00 3.825339843750000135e+00
2.957128906249999911e+00 2.666128906249999986e+00 5.201269531249999467e+00 3.825339843750000135e+00
2.957128906249999911e+00 2.666128906249999986e+00 4.799902343749999467e+00 3.810691406250000135e+00
2.957128906249999911e+00 2.984292968749999719e+00 5.201269531249999467e+00 3.810691406250000135e+00
2.465527343750000266e+00 2.666128906249999986e+00 5.201269531249999467e+00 3.810691406250000135e+00
2.465527343750000266e+00 2.984292968749999719e+00 4.799902343749999467e+00 3.810691406250000135e+00
2.465527343750000266e+00 2.984292968749999719e+00 5.201269531249999467e+00 3.825339843750000135e+00
2.465527343750000266e+00 2.984292968749999719e+00 5.201269531249999467e+00 3.810691406250000135e+00
2.657128906250000089e+00 2.966128906249999808e+00 5.099902343749999289e+00 3.525339843750000313e+00
2.765527343750000089e+00 2.966128906249999808e+00 5.099902343749999289e+00 3.525339843750000313e+00
2.657128906250000089e+00 2.684292968749999897e+00 5.099902343749999289e+00 3.525339843750000313e+00
2.657128906250000089e+00 2.966128906249999808e+00 4.901269531249999645e+00 3.525339843750000313e+00
2.657128906250000089e+00 2.966128906249999808e+00 5.099902343749999289e+00 3.510691406250000313e+00
2.657128906250000089e+00 2.684292968749999897e+00 4.901269531249999645e+00 3.510691406250000313e+00
2.765527343750000089e+00 2.966128906249999808e+00 4.901269531249999645e+00 3.510691406250000313e+00
2.765527343750000089e+00 2.684292968749999897e+00 5.099902343749999289e+00 3.510691406250000313e+00
2.765527343750000089e+00 2.684292968749999897e+00 4.901269531249999645e+00 3.525339843750000313e+00
2.765527343750000089e+00 2.684292968749999897e+00 4.901269531249999645e+00 3.510691406250000313e+00
2.732128906249999822e+00 2.741128906249999719e+00 5.024902343750000000e+00 3.600339843750000046e+00
2.840527343749999822e+00 2.741128906249999719e+00 5.024902343750000000e+00 3.600339843750000046e+00
2.732128906249999822e+00 2.459292968750000252e+00 5.024902343750000000e+00 3.600339843750000046e+00
2.732128906249999822e+00 2.741128906249999719e+00 5.126269531249999289e+00 3.600339843750000046e+00
2.732128906249999822e+00 2.741128906249999719e+00 5.024902343750000000e+00 3.885691406250000313e+00
2.732128906249999822e+00 2.459292968750000252e+00 5.126269531249999289e+00 3.885691406250000313e+00
2.840527343749999822e+00 2.741128906249999719e+00 5.126269531249999289e+00 3.885691406250000313e+00
2.840527343749999822e+00 2.459292968750000252e+00 5.024902343750000000e+00 3.885691406250000313e+00
2.840527343749999822e+00 2.459292968750000252e+00 5.126269531249999289e+00 3.600339843750000046e+00
2.840527343749999822e+00 2.459292968750000252e+00 5.126269531249999289e+00 3.885691406250000313e+00
3.032128906249999645e+00 3.041128906249999986e+00 4.724902343750000178e+00 3.900339843749999869e+00
2.540527343750000000e+00 3.041128906249999986e+00 4.724902343750000178e+00 3.900339843749999869e+00
3.032128906249999645e+00 2.759292968750000075e+00 4.724902343750000178e+00 3.900339843749999869e+00
3.032128906249999645e+00 3.041128906249999986e+00 4.826269531249999467e+00 3.900339843749999869e+00
3.032128906249999645e+00 3.041128906249999986e+00 4.724902343750000178e+00 3.585691406250000046e+00
3.032128906249999645e+00 2.759292968750000075e+00 4.826269531249999467e+00 3.585691406250000046e+00
2.540527343750000000e+00 3.041128906249999986e+00 4.826269531249999467e+00 3.585691406250000046e+00
2.540527343750000000e+00 2.759292968750000075e+00 4.724902343750000178e+00 3.585691406250000046e+00
2.540527343750000000e+00 2.759292968750000075e+00 4.826269531249999467e+00 3.900339843749999869e+00
2.540527343750000000e+00 2.759292968750000075e+00 4.826269531249999467e+00 3.585691406250000046e+00
2.882128906249999734e+00 2.591128906249999808e+00 5.174902343749999467e+00 3.750339843749999957e+00
2.690527343749999911e+00 2.591128906249999808e+00 5.174902343749999467e+00 3.750339843749999957e+00
2.882128906249999734e+00 2.909292968749999986e+00 5.174902343749999467e+00 3.750339843749999957e+00
2.882128906249999734e+00 2.591128906249999808e+00 4.976269531249999822e+00 3.750339843749999957e+00
2.882128906249999734e+00 2.591128906249999808e+00 5.174902343749999467e+00 3.735691406249999957e+00
2.882128906249999734e+00 2.909292968749999986e+00 4.976269531249999822e+00 3.735691406249999957e+00
2.690527343749999911e+00 2.591128906249999808e+00 4.976269531249999822e+00 3.735691406249999957e+00
2.690527343749999911e+00 2.909292968749999986e+00 5.174902343749999467e+00 3.735691406249999957e+00
2.690527343749999911e+00 2.909292968749999986e+00 4.976269531249999822e+00 3.750339843749999957e+00
2.690527343749999911e+00 2.909292968749999986e+00 4.976269531249999822e+00 3.735691406249999957e+00
2.582128906249999911e+00 2.891128906249999631e+00 4.874902343749999645e+00 4.050339843749999780e+00
2.990527343749999734e+00 2.891128906249999631e+00 4.874902343749999645e+00 4.050339843749999780e+00
2.582128906249999911e+00 2.609292968750000163e+00 4.874902343749999645e+00 4.050339843749999780e+00
2.582128906249999911e+00 2.891128906249999631e+00 4.676269531250000000e+00 4.050339843749999780e+00
2.582128906249999911e+00 2.891128906249999631e+00 4.874902343749999645e+00 4.035691406249999780e+00
2.582128906249999911e+00 2.609292968750000163e+00 4.676269531250000000e+00 4.035691406249999780e+00
2.990527343749999734e+00 2.891128906249999631e+00 4.676269531250000000e+00 4.035691406249999780e+00
2.990527343749999734e+00 2.609292968750000163e+00 4.874902343749999645e+00 4.035691406249999780e+00
2.990527343749999734e+00 2.609292968750000163e+00 4.676269531250000000e+00 4.050339843749999780e+00
2.990527343749999734e+00 2.609292968750000163e+00 4.676269531250000000e+00 4.035691406249999780e+00
2.544628906250000266e+00 2.628628906249999897e+00 5.212402343750000000e+00 3.862839843750000224e+00
2.653027343749999822e+00 2.628628906249999897e+00 5.212402343750000000e+00 3.862839843750000224e+00
2.544628906250000266e+00 2.721792968749999986e+00 5.212402343750000000e+00 3.862839843750000224e+00
2.544628906250000266e+00 2.628628906249999897e+00 5.088769531249999645e+00 3.862839843750000224e+00
2.544628906250000266e+00 2.628628906249999897e+00 5.212402343750000000e+00 3.923191406249999957e+00
2.544628906250000266e+00 2.721792968749999986e+00 5.088769531249999645e+00 3.923191406249999957e+00
2.653027343749999822e+00 2.628628906249999897e+00 5.088769531249999645e+00 3.923191406249999957e+00
2.653027343749999822e+00 2.721792968749999986e+00 5.212402343750000000e+00 3.923191406249999957e+00
2.653027343749999822e+00 2.721792968749999986e+00 5.088769531249999645e+00 3.862839843750000224e+00
2.653027343749999822e+00 2.721792968749999986e+00 5.088769531249999645e+00 3.923191406249999957e+00
2.844628906250000089e+00 2.928628906249999719e+00 4.912402343750000178e+00 3.562839843750000401e+00
2.953027343749999645e+00 2.928628906249999719e+00 4.912402343750000178e+00 3.562839843750000401e+00
2.844628906250000089e+00 3.021792968749999808e+00 4.912402343750000178e+00 3.562839843750000401e+00
2.844628906250000089e+00 2.928628906249999719e+00 4.788769531249999822e+00 3.562839843750000401e+00
2.844628906250000089e+00 2.928628906249999719e+00 4.912402343750000178e+00 3.623191406250000135e+00
2.844628906250000089e+00 3.021792968749999808e+00 4.788769531249999822e+00 3.623191406250000135e+00
2.953027343749999645e+00 2.928628906249999719e+00 4.788769531249999822e+00 3.623191406250000135e+00
2.953027343749999645e+00 3.021792968749999808e+00 4.912402343750000178e+00 3.623191406250000135e+00
2.953027343749999645e+00 3.021792968749999808e+00 4.788769531249999822e+00 3.562839843750000401e+00
2.953027343749999645e+00 3.021792968749999808e+00 4.788769531249999822e+00 3.623191406250000135e+00
2.994628906250000000e+00 2.478628906249999986e+00 5.062402343749999645e+00 4.012839843750000135e+00
2.803027343750000178e+00 2.478628906249999986e+00 5.062402343749999645e+00 4.012839843750000135e+00
2.994628906250000000e+00 2.871792968749999897e+00 5.062402343749999645e+00 4.012839843750000135e+00
2.994628906250000000e+00 2.478628906249999986e+00 4.938769531250000178e+00 4.012839843750000135e+00
2.994628906250000000e+00 2.478628906249999986e+00 5.062402343749999645e+00 3.773191406250000046e+00
2.994628906250000000e+00 2.871792968749999897e+00 4.938769531250000178e+00 3.773191406250000046e+00
2.803027343750000178e+00 2.478628906249999986e+00 4.938769531250000178e+00 3.773191406250000046e+00
2.803027343750000178e+00 2.871792968749999897e+00 5.062402343749999645e+00 3.773191406250000046e+00
2.803027343750000178e+00 2.871792968749999897e+00 4.938769531250000178e+00 4.012839843750000135e+00
2.803027343750000178e+00 2.871792968749999897e+00 4.938769531250000178e+00 3.773191406250000046e+00
2.694628906250000178e+00 2.778628906249999808e+00 4.762402343749999822e+00 3.712839843750000313e+00
2.503027343750000355e+00 2.778628906249999808e+00 4.762402343749999822e+00 3.712839843750000313e+00
2.694628906250000178e+00 2.571792968750000075e+00 4.762402343749999822e+00 3.712839843750000313e+00
2.694628906250000178e+00 2.778628906249999808e+00 4.638769531250000355e+00 3.712839843750000313e+00
2.694628906250000178e+00 2.778628906249999808e+00 4.762402343749999822e+00 4.073191406250000313e+00
2.694628906250000178e+00 2.571792968750000075e+00 4.638769531250000355e+00 4.073191406250000313e+00
2.503027343750000355e+00 2.778628906249999808e+00 4.638769531250000355e+00 4.073191406250000313e+00
2.503027343750000355e+00 2.571792968750000075e+00 4.762402343749999822e+00 4.073191406250000313e+00
2.503027343750000355e+00 2.571792968750000075e+00 4.638769531250000355e+00 3.712839843750000313e+00
2.503027343750000355e+00 2.571792968750000075e+00 4.638769531250000355e+00 4.073191406250000313e+00
2.619628906250000000e+00 2.553628906250000163e+00 4.837402343750000000e+00 3.637839843750000135e+00
2.578027343750000089e+00 2.553628906250000163e+00 4.837402343750000000e+00 3.637839843750000135e+00
2.619628906250000000e+00 2.646792968749999808e+00 4.837402343750000000e+00 3.637839843750000135e+00
2.619628906250000000e+00 2.553628906250000163e+00 5.013769531249999467e+00 3.637839843750000135e+00
2.619628906250000000e+00 2.553628906250000163e+00 4.837402343750000000e+00 3.698191406250000313e+00
2.619628906250000000e+00 2.646792968749999808e+00 5.013769531249999467e+00 3.698191406250000313e+00
2.578027343750000089e+00 2.553628906250000163e+00 5.013769531249999467e+00 3.698191406250000313e+00
2.578027343750000089e+00 2.646792968749999808e+00 4.837402343750000000e+00 3.698191406250000313e+00
2.578027343750000089e+00 2.646792968749999808e+00 5.013769531249999467e+00 3.637839843750000135e+00
2.578027343750000089e+00 2.646792968749999808e+00 5.013769531249999467e+00 3.698191406250000313e+00
2.919628906249999822e+00 2.853628906249999986e+00 5.137402343749999822e+00 3.937839843749999957e+00
2.878027343749999911e+00 2.853628906249999986e+00 5.137402343749999822e+00 3.937839843749999957e+00
2.919628906249999822e+00 2.946792968749999631e+00 5.137402343749999822e+00 3.937839843749999957e+00
2.919628906249999822e+00 2.853628906249999986e+00 4.713769531249999645e+00 3.937839843749999957e+00
2.919628906249999822e+00 2.853628906249999986e+00 5.137402343749999822e+00 3.998191406250000135e+00
2.919628906249999822e+00 2.946792968749999631e+00 4.713769531249999645e+00 3.998191406250000135e+00
2.878027343749999911e+00 2.853628906249999986e+00 4.713769531249999645e+00 3.998191406250000135e+00
2.878027343749999911e+00 2.946792968749999631e+00 5.137402343749999822e+00 3.998191406250000135e+00
2.878027343749999911e+00 2.946792968749999631e+00 4.713769531249999645e+00 3.937839843749999957e+00
2.878027343749999911e+00 2.946792968749999631e+00 4.713769531249999645e+00 3.998191406250000135e+00
2.769628906249999911e+00 2.703628906250000075e+00 4.687402343749999645e+00 3.487839843750000224e+00
3.028027343749999822e+00 2.703628906250000075e+00 4.687402343749999645e+00 3.487839843750000224e+00
2.769628906249999911e+00 2.796792968749999719e+00 4.687402343749999645e+00 3.487839843750000224e+00
2.769628906249999911e+00 2.703628906250000075e+00 5.163769531249999822e+00 3.487839843750000224e+00
2.769628906249999911e+00 2.703628906250000075e+00 4.687402343749999645e+00 3.848191406250000224e+00
2.769628906249999911e+00 2.796792968749999719e+00 5.163769531249999822e+00 3.848191406250000224e+00
3.028027343749999822e+00 2.703628906250000075e+00 5.163769531249999822e+00 3.848191406250000224e+00
3.028027343749999822e+00 2.796792968749999719e+00 4.687402343749999645e+00 3.848191406250000224e+00
3.028027343749999822e+00 2.796792968749999719e+00 5.163769531249999822e+00 3.487839843750000224e+00
3.028027343749999822e+00 2.796792968749999719e+00 5.163769531249999822e+00 3.848191406250000224e+00
2.469628906250000089e+00 3.003628906249999897e+00 4.987402343749999467e+00 3.787839843750000046e+00
2.728027343750000000e+00 3.003628906249999897e+00 4.987402343749999467e+00 3.787839843750000046e+00
2.469628906250000089e+00 2.496792968749999897e+00 4.987402343749999467e+00 3.787839843750000046e+00
2.469628906250000089e+00 3.003628906249999897e+00 4.863769531250000000e+00 3.787839843750000046e+00
2.469628906250000089e+00 3.003628906249999897e+00 4.987402343749999467e+00 3.548191406250000401e+00
2.469628906250000089e+00 2.496792968749999897e+00 4.863769531250000000e+00 3.548191406250000401e+00
2.728027343750000000e+00 3.003628906249999897e+00 4.863769531250000000e+00 3.548191406250000401e+00
2.728027343750000000e+00 2.496792968749999897e+00 4.987402343749999467e+00 3.548191406250000401e+00
2.728027343750000000e+00 2.496792968749999897e+00 4.863769531250000000e+00 3.787839843750000046e+00
2.728027343750000000e+00 2.496792968749999897e+00 4.863769531250000000e+00 3.548191406250000401e+00
