-9.537267186088872750e-02
-2.241095496544240617e-01
5.786145136934641928e-03
-1.431116546630600284e-01
-9.537267186088872750e-02
-4.729118957516780658e-02
-2.718485324565953487e-01
-1.373465726412034238e-01
-1.904239073533042226e-01
-1.904239073533042226e-01
1.275533294681120179e-02
1.280042724609694593e-01
-1.023418596707538070e-01
-4.068977966305521721e-02
1.275533294681120179e-02
-1.497130645751676981e-01
7.455915985110632416e-02
-1.906832181165240322e-04
-4.756188812252563902e-02
-4.756188812252563902e-02
-3.672716502262792782e-01
-2.704797419621159937e-01
-3.724559822669187836e-01
-3.032400801438316362e-01
-3.672716502262792782e-01
-3.089490621713256169e-01
-2.064481718796683518e-01
-2.764571495642809129e-01
-2.129502294686877462e-01
-2.129502294686877462e-01
-4.130866945704443627e-02
-1.777393573467321020e-01
-4.827785726691279783e-02
3.086292466386972647e-02
-4.130866945704443627e-02
2.336908686714509256e-02
-1.055677632258212317e-01
-1.837167649488953558e-01
-1.120698208148391134e-01
-1.120698208148391134e-01
-1.764686754666550395e-01
-2.936648381159620014e-01
3.281814633886007138e-02
-2.726560356726750456e-01
-1.764686754666550395e-01
-8.781363548862682056e-02
-3.898521983219819242e-01
-1.141614764873541688e-01
-2.347932583148426844e-01
-2.347932583148426844e-01
-3.069448773897364702e-01
-2.009244535005780818e-01
-3.121292094303759201e-01
-1.771572375957485013e-01
-3.069448773897364702e-01
-1.833124335655485770e-01
-7.113681370659176439e-02
-2.069018611027396981e-01
-7.808508523791396483e-02
-7.808508523791396483e-02
-2.347836995051215125e-01
-1.349156193659594161e-01
-2.408604594303730417e-01
-3.372856630765248553e-01
-2.347836995051215125e-01
-3.425484311617112421e-01
-2.374175829373627589e-01
-1.417854548527362202e-01
-2.434734265840729217e-01
-2.434734265840729217e-01
-1.405018485435846898e-01
-2.807794414813501449e-01
-1.465786084688394941e-01
-3.182658268826935640e-03
-1.405018485435846898e-01
-1.023028212324219970e-02
-1.434602512065939195e-01
-2.858644211988997652e-01
-1.495160948533024448e-01
-1.495160948533024448e-01
-1.635827379666605352e-01
-1.482389366736514835e-01
-9.182896904576082209e-02
-2.091819220909467703e-01
-1.635827379666605352e-01
-1.413399726280548663e-01
-1.938381207979378573e-01
-7.516886831427541105e-02
-1.246798718965695940e-01
-1.246798718965695940e-01
-3.079050937358919215e-01
-2.906412203275039463e-01
-4.090840171226868827e-01
-1.102215855524804056e-01
-3.079050937358919215e-01
-2.403003091665132929e-01
-9.295771214408911354e-02
-3.943439885065901929e-01
-2.255602805504182129e-01
-2.255602805504182129e-01
-2.288208389281954358e-01
-2.125170015774995036e-01
-2.573795700072972759e-01
-3.948444220909467228e-01
-2.288208389281954358e-01
-4.172548764742108895e-01
-3.785405847402489865e-01
-2.416795053335102361e-01
-4.015548118004239053e-01
-4.015548118004239053e-01
-1.380005264281970734e-01
-1.197766169621172494e-01
-1.665592575072971371e-01
-6.074141728324551626e-02
-1.380005264281970734e-01
-9.185980435881682671e-02
-4.251750781716882865e-02
-1.489391207181231802e-01
-7.423966756964603397e-02
-7.423966756964603397e-02
-2.515259170532011535e-01
-2.927569955678869795e-01
-1.892643356323028825e-01
-2.414967357928709812e-01
-2.515259170532011535e-01
-1.784008800799773420e-01
-2.827278143075566685e-01
-2.339252084585122238e-01
-2.230617529061898197e-01
-2.230617529061898197e-01
-1.607056045531946031e-01
-2.069396878755748181e-01
-2.800846481322981085e-01
-1.494594761774794833e-01
-1.607056045531946031e-01
-2.704381396953606242e-01
-1.956935594998580608e-01
-3.197425161508161695e-01
-3.100960077138802395e-01
-3.100960077138802395e-01
-2.969360733031996546e-01
-3.356656494140422553e-01
-2.346744918822997183e-01
-2.875153656005610125e-01
-2.969360733031996546e-01
-2.244195098876689831e-01
-3.262449417114052230e-01
-2.768338623046658342e-01
-2.665788803100351267e-01
-2.665788803100351267e-01
3.594998438911344713e-02
-7.782596529418757229e-03
1.171959408100145678e-01
4.658763920714019402e-02
3.594998438911344713e-02
1.286678699200301257e-01
2.855058288604849382e-03
7.003356557995885079e-02
8.150549468997453362e-02
8.150549468997453362e-02
-2.642467779306044151e-01
-4.113411452073138519e-01
-2.585383064856689450e-01
-1.196848818265188186e-01
-2.642467779306044151e-01
-1.128548013540133510e-01
-2.667792491032282554e-01
-4.067739314152480912e-01
-2.610904262835925804e-01
-2.610904262835925804e-01
-1.699649269690611808e-01
-9.211193847653777189e-02
-1.642564555241241009e-01
-2.506749058649829776e-01
-1.699649269690611808e-01
-2.455215080847836517e-01
-1.728219173724578894e-01
-8.586804199216101219e-02
-1.671330945528220757e-01
-1.671330945528220757e-01
-3.320810327382932581e-01
-1.436744384765371862e-01
-2.467752055241280995e-01
-1.782568169226702026e-01
-3.320810327382932581e-01
-7.330474125785535477e-02
1.014977733908900906e-02
-3.430554199216309663e-02
1.391649222741096481e-01
1.391649222741096481e-01
5.997332646325814233e-03
-4.054943847653834366e-02
-9.558385937027484569e-02
-7.929648038421013845e-02
5.997332646325814233e-03
-1.722650777963185831e-01
-1.258432515070742885e-01
-1.374305419921604543e-01
-2.141117604182073142e-01
-2.141117604182073142e-01
-1.343170303344452809e-01
-1.771115478515389308e-01
-2.293943161010445764e-01
-9.429837341305304099e-02
-1.343170303344452809e-01
-1.937708770751643272e-01
-1.370928909301466769e-01
-2.674887451171629182e-01
-2.318653060912810593e-01
-2.318653060912810593e-01
-2.976778476421407249e-01
-8.090962477461179081e-02
-3.667395084087444190e-01
-2.529807051438285326e-01
-2.976778476421407249e-01
-3.264375838059394019e-01
-3.621248227630120137e-02
-1.712868220402407327e-01
-1.309848974374339392e-01
-1.309848974374339392e-01
-1.849194942767527494e-01
-1.136988675630722784e-01
-7.758692427412200443e-02
-2.587537219707505831e-01
-1.849194942767527494e-01
-1.611438939020910510e-01
-1.875330952570717358e-01
3.012276517458654414e-03
-8.054469311051039304e-02
-8.054469311051039304e-02
-8.371456639213602224e-02
-2.543703819861523052e-01
-1.787918521587386067e-01
-1.667164623553657743e-01
-8.371456639213602224e-02
-2.531811535174759986e-01
-3.373722779493820156e-01
-3.317397667517768545e-01
-4.061290681105175215e-01
-4.061290681105175215e-01
-3.071336446905475678e-02
-7.163175518326320157e-02
6.090359379729220340e-03
-7.738244793228360452e-02
-3.071336446905475678e-02
-4.235074486362400137e-02
-1.183008386464936834e-01
-3.638169884311906466e-02
-8.482280308647392741e-02
-8.482280308647392741e-02
-1.663818740844469346e-01
-2.123032696063432145e-01
-1.381779098510506898e-01
-2.187570873553674744e-01
-1.663818740844469346e-01
-1.923251439020923215e-01
-2.646784828772638654e-01
-1.856529728815836389e-01
-2.398002069326287122e-01
-2.398002069326287122e-01
-3.026123428344469346e-01
-2.347078970101887374e-01
-1.835880661010457771e-01
-3.464283613938307638e-01
-3.026123428344469346e-01
-2.348822352482440035e-01
-2.785239155695725666e-01
-1.040942589392747225e-01
-1.553884280864746004e-01
-1.553884280864746004e-01
-2.117920303344469346e-01
-1.350444354717282025e-01
-2.744083786010490522e-01
-2.613141787015224593e-01
-2.117920303344469346e-01
-3.199964179405539455e-01
-1.845665838388053648e-01
-2.037577204777401563e-01
-2.493457598172450773e-01
-2.493457598172450773e-01
-2.250158284113693563e-01
-2.097920316255768858e-01
-1.946619242741252365e-01
-1.604755068265178997e-01
-2.250158284113693563e-01
-1.275937436617027576e-01
-1.452517100407254569e-01
-1.788418550931233919e-01
-1.117736744807023980e-01
-1.117736744807023980e-01
-1.272724389882925744e-01
-1.101285700871147133e-01
-9.691853485104696964e-02
-3.018501462496001597e-01
-1.272724389882925744e-01
-2.775681427001710500e-01
-2.847062773484237974e-01
-7.917839355465958184e-02
-2.598280014037869790e-01
-2.598280014037869790e-01
-2.928500832190644720e-01
-3.933721998948089271e-01
-2.667960588895111895e-01
-1.075338000957463402e-01
-2.928500832190644720e-01
-7.465203693093268311e-02
-2.080559167714891022e-01
-3.710217829777399667e-01
-1.788777610191614742e-01
-1.788777610191614742e-01
5.215135908863111069e-02
-6.029683931788280826e-02
-1.363739435048943738e-01
-1.650386634211259895e-03
5.215135908863111069e-02
-1.805354503924774534e-01
-1.140985850407268132e-01
-2.286735858623553108e-01
-2.728350927499383904e-01
-2.728350927499383904e-01
