9.783197633552810635e-02
-5.839971883785483736e-02
9.783197633552810635e-02
3.989720009373017018e-02
9.783197633552810635e-02
3.989720009373017018e-02
-1.163344950796528915e-01
-5.839971883785483736e-02
-1.163344950796528915e-01
-1.163344950796528915e-01
9.783197633553226968e-02
2.227624179943861749e-01
9.783197633553226968e-02
3.989720009373412535e-02
9.783197633553226968e-02
3.989720009373412535e-02
1.648276417525880444e-01
1.670773049438068758e-01
1.648276417525880444e-01
1.648276417525880444e-01
-1.833301604967087495e-01
-5.839971883785483736e-02
-1.833301604967087495e-01
-1.006838683223862801e-01
-1.833301604967087495e-01
-1.006838683223862801e-01
2.424657333646772911e-02
-5.839971883785483736e-02
2.424657333646772911e-02
2.424657333646772911e-02
9.783197633552810635e-02
-5.839971883785483736e-02
9.783197633552810635e-02
1.804782685098506867e-01
9.783197633552810635e-02
1.804782685098506867e-01
2.424657333646772911e-02
-5.839971883785483736e-02
2.424657333646772911e-02
2.424657333646772911e-02
7.070239280697446227e-02
-5.839971883785483736e-02
9.783197633553226968e-02
-3.039333411432602883e-02
7.070239280697446227e-02
-3.039333411432602883e-02
-1.866250292877131289e-01
-5.839971883785483736e-02
-1.866250292877131289e-01
-1.866250292877131289e-01
-1.833301604967087495e-01
-5.839971883785483736e-02
-1.833301604967087495e-01
-3.039333411432602883e-02
-1.833301604967087495e-01
-3.039333411432602883e-02
9.453710754452787635e-02
-5.839971883785483736e-02
9.453710754452787635e-02
9.453710754452787635e-02
-4.274909208058823989e-02
8.218134957826567222e-02
-4.274909208058823989e-02
-1.709744025304465453e-01
-4.274909208058823989e-02
-1.709744025304465453e-01
-4.604396087159263323e-02
8.218134957826567222e-02
-4.604396087159263323e-02
-4.604396087159263323e-02
-4.274909208059239629e-02
-1.989807872539753608e-01
-4.274909208059239629e-02
1.101877343017903244e-01
-4.274909208059239629e-02
1.101877343017903244e-01
-4.604396087159263323e-02
-1.989807872539753608e-01
-4.604396087159263323e-02
-4.604396087159263323e-02
6.268670923149803620e-02
8.218134957826567222e-02
6.268670923149803620e-02
4.751932989700093091e-03
6.268670923149803620e-02
4.751932989700093091e-03
2.424657333646772911e-02
8.218134957826567222e-02
2.424657333646772911e-02
2.424657333646772911e-02
-2.184754276007389306e-01
-1.989807872539753608e-01
-2.184754276007389306e-01
4.751932989704047393e-03
-2.184754276007389306e-01
4.751932989704047393e-03
2.424657333646772911e-02
-1.989807872539753608e-01
2.424657333646772911e-02
2.424657333646772911e-02
-7.789435918461841413e-02
-5.839971883785483736e-02
-7.789435918461841413e-02
-2.764102038425368946e-01
-7.789435918461841413e-02
-2.764102038425368946e-01
-2.569155634957733803e-01
-5.839971883785483736e-02
-2.569155634957733803e-01
-2.569155634957733803e-01
-7.789435918461841413e-02
-5.839971883785483736e-02
-7.789435918461841413e-02
4.751932989704047393e-03
-7.789435918461841413e-02
4.751932989704047393e-03
2.424657333646772911e-02
-5.839971883785483736e-02
2.424657333646772911e-02
2.424657333646772911e-02
-7.789435918462248032e-02
-1.286902530459150817e-01
-7.789435918462248032e-02
-6.553860121836026231e-02
-7.789435918462248032e-02
-6.553860121836026231e-02
-1.163344950796528915e-01
-1.286902530459150817e-01
-1.163344950796528915e-01
-1.163344950796528915e-01
-7.789435918461841413e-02
-1.286902530459110294e-01
-7.789435918461841413e-02
-6.553860121835621000e-02
-7.789435918461841413e-02
-6.553860121835621000e-02
-1.163344950796488253e-01
-1.286902530459110294e-01
-1.163344950796488253e-01
-1.163344950796488253e-01
-7.789435918461841413e-02
-1.286902530459150817e-01
-7.789435918461841413e-02
-6.553860121835621000e-02
-7.789435918461841413e-02
-6.553860121835621000e-02
-1.163344950796528915e-01
-1.286902530459150817e-01
-1.163344950796528915e-01
-1.163344950796528915e-01
2.032677776476185527e-01
1.524718837863258125e-01
2.032677776476185527e-01
2.156235356138807568e-01
2.032677776476185527e-01
2.156235356138807568e-01
1.648276417525880444e-01
1.524718837863258125e-01
1.648276417525880444e-01
1.648276417525880444e-01
-4.274909208059239629e-02
-2.341260543580055420e-01
-4.274909208059239629e-02
9.706134313499711896e-02
-4.274909208059239629e-02
1.055730875117541351e-01
-4.604396087159263323e-02
-2.341260543580055420e-01
-4.604396087159263323e-02
-4.604396087159263323e-02
-4.274909208058823989e-02
4.703608247423559513e-02
-4.274909208058823989e-02
-1.358291354264163642e-01
-4.274909208058823989e-02
-1.358291354264163642e-01
-4.604396087159263323e-02
4.703608247423559513e-02
-4.604396087159263323e-02
-4.604396087159263323e-02
-1.833301604967087495e-01
4.703608247423559513e-02
-1.833301604967087495e-01
4.751932989704047393e-03
-1.833301604967087495e-01
4.751932989704047393e-03
1.673518773430572593e-01
4.703608247423559513e-02
2.351181759606483790e-01
2.351181759606483790e-01
9.783197633553226968e-02
4.703608247423559513e-02
9.783197633553226968e-02
4.751932989704047393e-03
9.783197633553226968e-02
4.751932989704047393e-03
-4.604396087159263323e-02
4.703608247423559513e-02
-4.604396087159263323e-02
-4.604396087159263323e-02
2.754144212747191428e-02
-2.325445173382476374e-02
2.754144212747191428e-02
7.504246719776440366e-02
2.754144212747191428e-02
7.042782040772406493e-02
2.424657333646772911e-02
-2.325445173382476374e-02
2.424657333646772911e-02
2.424657333646772911e-02
-2.536206947047690008e-01
-2.325445173382476374e-02
-2.536206947047690008e-01
-2.061196696344766155e-01
-2.536206947047690008e-01
-2.061196696344766155e-01
2.424657333646772911e-02
-2.325445173382476374e-02
2.424657333646772911e-02
2.424657333646772911e-02
2.754144212747191428e-02
1.173266166822957424e-01
2.754144212747191428e-02
-6.553860121835621000e-02
2.754144212747191428e-02
-6.553860121835621000e-02
2.424657333646772911e-02
1.173266166822957424e-01
2.424657333646772911e-02
2.424657333646772911e-02
2.754144212747191428e-02
-1.638355201499412106e-01
2.754144212747191428e-02
-6.553860121835621000e-02
2.754144212747191428e-02
-6.553860121835621000e-02
-2.569155634957693279e-01
-1.638355201499412106e-01
-2.569155634957693279e-01
-2.569155634957693279e-01
1.497792437910422381e-01
1.497792437910422381e-01
1.934362552718295325e-01
1.453330014058245578e-01
1.497792437910422381e-01
1.453330014058245578e-01
9.453710754452787635e-02
1.524718837863258125e-01
9.453710754452787635e-02
9.453710754452787635e-02
-7.789435918461841413e-02
-1.286902530459110294e-01
-7.789435918461841413e-02
-1.358291354264163642e-01
-7.789435918461841413e-02
-1.358291354264163642e-01
-1.866250292877090766e-01
-1.286902530459110294e-01
-1.866250292877090766e-01
-1.866250292877090766e-01
-7.789435918461841413e-02
1.189081537020531161e-02
-7.789435918461841413e-02
-1.358291354264163642e-01
-7.789435918461841413e-02
-1.358291354264163642e-01
-4.604396087159263323e-02
1.189081537020531161e-02
-4.604396087159263323e-02
-4.604396087159263323e-02
-7.789435918461841413e-02
1.189081537020531161e-02
-7.789435918461841413e-02
-1.358291354264163642e-01
-7.789435918461841413e-02
-1.358291354264163642e-01
-4.604396087159263323e-02
1.189081537020531161e-02
-4.604396087159263323e-02
-4.604396087159263323e-02
-7.603824976558161940e-03
1.189081537020531161e-02
-7.603824976558161940e-03
7.504246719776440366e-02
-7.603824976558161940e-03
7.504246719776440366e-02
9.453710754452787635e-02
1.189081537020531161e-02
9.453710754452787635e-02
9.453710754452787635e-02
-7.603824976558161940e-03
1.189081537020531161e-02
-7.603824976558161940e-03
-2.061196696344766155e-01
-7.603824976558161940e-03
-2.061196696344766155e-01
-1.866250292877131289e-01
1.189081537020531161e-02
-1.866250292877131289e-01
-1.866250292877131289e-01
-1.481848933926786793e-01
-2.692713214620315321e-01
-1.481848933926786793e-01
7.504246719776440366e-02
-1.481848933926786793e-01
7.504246719776440366e-02
-4.604396087158846990e-02
-2.692713214620315321e-01
-4.604396087158846990e-02
-4.604396087158846990e-02
1.329772434395581904e-01
1.189081537020531161e-02
8.800045395973910001e-02
7.504246719776024033e-02
1.329772434395581904e-01
7.504246719776024033e-02
-4.604396087159263323e-02
1.189081537020531161e-02
-4.604396087159263323e-02
-4.604396087159263323e-02
