-1.782936752136528302e-01
-1.782936752136528302e-01
-1.782936752136528302e-01
-1.782936752136528302e-01
-1.782936752136528302e-01
-1.676652991452768082e-01
-1.676652991452768082e-01
-1.676652991452768082e-01
-1.762328205127970393e-01
-1.657138461538215646e-01
-1.762328205127922653e-01
-1.762328205127922653e-01
-1.762328205127922653e-01
-1.762328205127922653e-01
-1.762328205127922653e-01
-1.676652991452718955e-01
-1.782936752136495273e-01
-1.889220512820271869e-01
-1.889220512820271869e-01
-1.889220512820271869e-01
-1.782936752136495273e-01
-1.782936752136495273e-01
-1.782936752136495273e-01
-1.782936752136495273e-01
-1.782936752136495273e-01
-1.676652991452718955e-01
-1.676652991452718955e-01
-1.782936752136495273e-01
-1.782936752136495273e-01
-1.867517948717677678e-01
-1.633815384615102118e-01
-1.633815384615102118e-01
-1.740646153845871458e-01
-1.740646153845871458e-01
-1.825227350427086614e-01
-1.825227350427086614e-01
-1.825227350427086614e-01
-1.930964102563852147e-01
-1.930964102563852147e-01
-1.930964102563852147e-01
-1.729794871794607114e-01
-1.623511111110831906e-01
-1.623511111110831906e-01
-1.709733333333061656e-01
-1.709733333333061656e-01
-1.814923076922816680e-01
-1.814923076922816680e-01
-1.814923076922816680e-01
-1.814923076922816680e-01
-1.814923076922816680e-01
-1.772358974358711203e-01
-1.772358974358711203e-01
-1.772358974358711203e-01
-1.666622222221930405e-01
-1.666622222221930405e-01
-1.666622222221930405e-01
-1.666622222221930405e-01
-1.772358974358711203e-01
-1.687230769230503025e-01
-1.687230769230503025e-01
-1.847476923076658839e-01
-1.847476923076658839e-01
-1.847476923076658839e-01
-1.847476923076658839e-01
-1.740646153845871458e-01
-1.740646153845871458e-01
-1.633815384615102118e-01
-1.633815384615102118e-01
-1.719490598290304428e-01
-1.719490598290304428e-01
-1.762328205127970393e-01
-1.762328205127970393e-01
-1.657138461538215646e-01
-1.657138461538215646e-01
-1.657138461538215646e-01
-1.657138461538215646e-01
-1.657138461538215646e-01
-1.570369230768991486e-01
-1.676652991452768082e-01
-1.676652991452768082e-01
-1.794061538461272642e-01
-1.794061538461272642e-01
-1.794061538461272642e-01
-1.794061538461272642e-01
-1.794061538461272642e-01
-1.687230769230503025e-01
-1.772358974358711203e-01
-1.772358974358711203e-01
-1.666622222221930405e-01
-1.666622222221930405e-01
-1.762328205127955405e-01
-1.762328205127955405e-01
-1.676652991452768082e-01
-1.570369230768991486e-01
-1.570369230768991486e-01
-1.570369230768991486e-01
-1.676652991452768082e-01
-1.676652991452768082e-01
-1.676652991452768082e-01
-1.676652991452768082e-01
-1.878095726495477014e-01
-1.878095726495477014e-01
-1.794061538461272642e-01
-1.794061538461272642e-01
-1.794061538461272642e-01
-1.794061538461272642e-01
-1.687230769230503025e-01
-1.687230769230503025e-01
-1.687230769230503025e-01
-1.580399999999732297e-01
-1.676652991452718955e-01
-1.782936752136495273e-01
-1.782936752136495273e-01
-1.782936752136495273e-01
-1.782936752136495273e-01
-1.782936752136495273e-01
-1.782936752136495273e-01
-1.889220512820271869e-01
-1.889220512820271869e-01
-1.972707692307432703e-01
-1.719490598290337180e-01
-1.719490598290337180e-01
-1.719490598290337180e-01
-1.825227350427119366e-01
-1.825227350427119366e-01
-1.825227350427119366e-01
-1.825227350427119366e-01
-1.719490598290353556e-01
-1.633815384615133481e-01
-1.633815384615133481e-01
-1.623511111110831906e-01
-1.623511111110831906e-01
-1.729794871794607114e-01
-1.729794871794607114e-01
-1.729794871794607114e-01
-1.836078632478383710e-01
-1.836078632478383710e-01
-1.920112820512571428e-01
-1.920112820512571428e-01
-1.920112820512571428e-01
-1.666622222221930405e-01
-1.666622222221930405e-01
-1.666622222221930405e-01
-1.666622222221930405e-01
-1.772358974358711203e-01
-1.772358974358711203e-01
-1.772358974358711203e-01
-1.687230769230503025e-01
-1.687230769230503025e-01
-1.794061538461272642e-01
-1.878095726495477014e-01
-1.878095726495477014e-01
-1.878095726495477014e-01
-1.794061538461272642e-01
-1.687230769230503025e-01
-1.580399999999732297e-01
-1.580399999999732297e-01
-1.580399999999732297e-01
-1.580399999999732297e-01
-1.580399999999732297e-01
-1.676652991452718955e-01
-1.782936752136495273e-01
-1.782936752136495273e-01
-1.782936752136495273e-01
-1.782936752136495273e-01
-1.889220512820271869e-01
-1.889220512820271869e-01
-1.889220512820271869e-01
-1.889220512820271869e-01
-1.972707692307432703e-01
-1.762328205127955405e-01
-1.762328205127955405e-01
-1.762328205127955405e-01
-1.762328205127955405e-01
-1.657138461538215646e-01
-1.657138461538215646e-01
-1.657138461538215646e-01
-1.657138461538215646e-01
-1.762328205127970393e-01
-1.676652991452768082e-01
-1.920112820512571428e-01
-1.920112820512571428e-01
-1.920112820512571428e-01
-1.836078632478400086e-01
-1.729794871794623490e-01
-1.623511111110847172e-01
-1.623511111110847172e-01
-1.623511111110847172e-01
-1.623511111110847172e-01
-1.623511111110847172e-01
-1.623511111110831906e-01
-1.623511111110831906e-01
-1.623511111110831906e-01
-1.623511111110831906e-01
-1.729794871794607114e-01
-1.729794871794607114e-01
-1.836078632478383710e-01
-1.836078632478383710e-01
-1.920112820512571428e-01
-1.920112820512571428e-01
-1.814923076922816680e-01
-1.814923076922816680e-01
-1.814923076922816680e-01
-1.814923076922816680e-01
-1.814923076922816680e-01
-1.814923076922816680e-01
-1.814923076922816680e-01
-1.709733333333061656e-01
-1.623511111110831906e-01
-1.729794871794607114e-01
-1.814923076922816680e-01
-1.814923076922816680e-01
-1.709733333333061656e-01
-1.623511111110831906e-01
-1.729794871794607114e-01
-1.729794871794607114e-01
-1.729794871794607114e-01
-1.729794871794607114e-01
-1.729794871794607114e-01
-1.729794871794607114e-01
-1.867517948717677678e-01
-1.762328205127922653e-01
-1.762328205127922653e-01
-1.676652991452718955e-01
-1.782936752136495273e-01
-1.782936752136495273e-01
-1.782936752136495273e-01
-1.782936752136495273e-01
-1.782936752136495273e-01
-1.782936752136495273e-01
-1.825227350427119366e-01
-1.825227350427119366e-01
-1.825227350427119366e-01
-1.825227350427119366e-01
-1.825227350427119366e-01
-1.825227350427119366e-01
-1.719490598290353556e-01
-1.719490598290353556e-01
-1.613753846153587745e-01
-1.526984615384380239e-01
-1.814923076922816680e-01
-1.814923076922816680e-01
-1.814923076922816680e-01
-1.814923076922816680e-01
-1.709733333333061656e-01
-1.709733333333061656e-01
-1.623511111110831906e-01
-1.623511111110831906e-01
-1.623511111110831906e-01
-1.729794871794607114e-01
-1.825227350427086614e-01
-1.825227350427086614e-01
-1.825227350427086614e-01
-1.719490598290304428e-01
-1.719490598290304428e-01
-1.825227350427086614e-01
-1.825227350427086614e-01
-1.825227350427086614e-01
-1.740646153845871458e-01
-1.740646153845871458e-01
-1.729794871794623490e-01
-1.729794871794623490e-01
-1.623511111110847172e-01
-1.623511111110847172e-01
-1.623511111110847172e-01
-1.623511111110847172e-01
-1.623511111110847172e-01
-1.709733333333061656e-01
-1.814923076922816680e-01
-1.814923076922816680e-01
-1.794061538461272642e-01
-1.878095726495477014e-01
-1.878095726495477014e-01
-1.772358974358711203e-01
-1.772358974358711203e-01
-1.772358974358711203e-01
-1.666622222221930405e-01
-1.666622222221930405e-01
-1.666622222221930405e-01
-1.666622222221930405e-01
-1.719490598290353556e-01
-1.825227350427119366e-01
-1.825227350427119366e-01
-1.825227350427119366e-01
-1.719490598290337180e-01
-1.719490598290337180e-01
-1.719490598290337180e-01
-1.719490598290337180e-01
-1.719490598290337180e-01
-1.633815384615149857e-01
-1.814923076922816680e-01
-1.814923076922816680e-01
-1.814923076922816680e-01
-1.814923076922816680e-01
-1.709733333333061656e-01
-1.709733333333061656e-01
-1.814923076922816680e-01
-1.814923076922816680e-01
-1.814923076922816680e-01
-1.729794871794623490e-01
-1.772358974358711203e-01
-1.772358974358711203e-01
-1.772358974358711203e-01
-1.772358974358711203e-01
-1.772358974358711203e-01
-1.687230769230503025e-01
-1.580399999999732297e-01
-1.687230769230503025e-01
-1.687230769230503025e-01
-1.687230769230503025e-01
-1.570369230768991486e-01
-1.657138461538215646e-01
-1.657138461538215646e-01
-1.657138461538215646e-01
-1.657138461538215646e-01
-1.657138461538215646e-01
-1.762328205127955405e-01
-1.762328205127955405e-01
-1.867517948717709042e-01
-1.867517948717709042e-01
-1.889220512820271869e-01
-1.889220512820271869e-01
-1.889220512820271869e-01
-1.889220512820271869e-01
-1.782936752136495273e-01
-1.782936752136495273e-01
-1.782936752136495273e-01
-1.867517948717677678e-01
-1.762328205127922653e-01
-1.762328205127922653e-01
-1.772358974358711203e-01
-1.772358974358711203e-01
-1.772358974358711203e-01
-1.878095726495477014e-01
-1.878095726495477014e-01
-1.794061538461272642e-01
-1.794061538461272642e-01
-1.794061538461272642e-01
-1.794061538461272642e-01
-1.687230769230503025e-01
-1.814923076922816680e-01
-1.814923076922816680e-01
-1.814923076922816680e-01
-1.814923076922816680e-01
-1.729794871794607114e-01
-1.836078632478383710e-01
-1.836078632478383710e-01
-1.729794871794607114e-01
-1.729794871794607114e-01
-1.729794871794607114e-01
-1.836078632478383710e-01
-1.729794871794607114e-01
-1.729794871794607114e-01
-1.729794871794607114e-01
-1.814923076922816680e-01
-1.814923076922816680e-01
-1.814923076922816680e-01
-1.709733333333061656e-01
-1.709733333333061656e-01
-1.709733333333061656e-01
-1.825227350427086614e-01
-1.825227350427086614e-01
-1.825227350427086614e-01
-1.825227350427086614e-01
-1.825227350427086614e-01
-1.719490598290304428e-01
-1.719490598290304428e-01
-1.719490598290304428e-01
-1.825227350427086614e-01
-1.740646153845871458e-01
-1.867517948717677678e-01
-1.867517948717677678e-01
-1.867517948717677678e-01
-1.782936752136495273e-01
-1.676652991452718955e-01
-1.676652991452718955e-01
-1.676652991452718955e-01
-1.676652991452718955e-01
-1.676652991452718955e-01
-1.782936752136495273e-01
-1.847476923076658839e-01
-1.930964102563852147e-01
-1.930964102563852147e-01
-1.930964102563852147e-01
-1.930964102563852147e-01
-1.825227350427086614e-01
-1.825227350427086614e-01
-1.719490598290304428e-01
-1.719490598290304428e-01
-1.719490598290304428e-01
-1.814923076922816680e-01
-1.814923076922816680e-01
-1.814923076922816680e-01
-1.709733333333061656e-01
-1.709733333333061656e-01
-1.623511111110831906e-01
-1.623511111110831906e-01
-1.623511111110831906e-01
-1.729794871794607114e-01
-1.729794871794607114e-01
-1.709733333333061656e-01
-1.814923076922816680e-01
-1.814923076922816680e-01
-1.729794871794607114e-01
-1.729794871794607114e-01
-1.729794871794607114e-01
-1.729794871794607114e-01
-1.729794871794607114e-01
-1.729794871794607114e-01
-1.836078632478383710e-01
-1.794061538461272642e-01
-1.687230769230503025e-01
-1.580399999999732297e-01
-1.580399999999732297e-01
-1.580399999999732297e-01
-1.580399999999732297e-01
-1.580399999999732297e-01
-1.580399999999732297e-01
-1.666622222221930405e-01
-1.666622222221930405e-01
-1.719490598290353556e-01
-1.719490598290353556e-01
-1.633815384615133481e-01
-1.633815384615133481e-01
-1.526984615384380239e-01
-1.633815384615149857e-01
-1.633815384615149857e-01
-1.633815384615149857e-01
-1.633815384615149857e-01
-1.633815384615149857e-01
-1.762328205127970393e-01
-1.657138461538215646e-01
-1.657138461538215646e-01
-1.657138461538215646e-01
-1.657138461538215646e-01
-1.657138461538215646e-01
-1.570369230768991486e-01
-1.676652991452768082e-01
-1.676652991452768082e-01
-1.676652991452768082e-01
-1.867517948717709042e-01
-1.867517948717709042e-01
-1.867517948717709042e-01
-1.782936752136528302e-01
-1.782936752136528302e-01
-1.782936752136528302e-01
-1.676652991452768082e-01
-1.676652991452768082e-01
-1.676652991452768082e-01
-1.570369230768991486e-01
-1.782936752136495273e-01
-1.676652991452718955e-01
-1.676652991452718955e-01
-1.676652991452718955e-01
-1.676652991452718955e-01
-1.782936752136495273e-01
-1.782936752136495273e-01
-1.867517948717677678e-01
-1.867517948717677678e-01
-1.867517948717677678e-01
-1.719490598290337180e-01
-1.633815384615149857e-01
-1.633815384615149857e-01
-1.633815384615149857e-01
-1.526984615384380239e-01
-1.526984615384380239e-01
-1.633815384615133481e-01
-1.633815384615133481e-01
-1.633815384615133481e-01
-1.633815384615133481e-01
-1.847476923076658839e-01
-1.847476923076658839e-01
-1.847476923076658839e-01
-1.847476923076658839e-01
-1.740646153845871458e-01
-1.825227350427086614e-01
-1.719490598290304428e-01
-1.719490598290304428e-01
-1.719490598290304428e-01
-1.719490598290304428e-01
-1.729794871794623490e-01
-1.729794871794623490e-01
-1.729794871794623490e-01
-1.729794871794623490e-01
-1.623511111110847172e-01
-1.729794871794623490e-01
-1.729794871794623490e-01
-1.814923076922816680e-01
-1.814923076922816680e-01
-1.814923076922816680e-01
-1.633815384615133481e-01
-1.633815384615133481e-01
-1.526984615384380239e-01
-1.526984615384380239e-01
-1.526984615384380239e-01
-1.526984615384380239e-01
-1.526984615384380239e-01
-1.526984615384380239e-01
-1.613753846153587745e-01
-1.719490598290337180e-01
-1.666622222221930405e-01
-1.666622222221930405e-01
-1.666622222221930405e-01
-1.580399999999732297e-01
-1.580399999999732297e-01
-1.687230769230503025e-01
-1.687230769230503025e-01
-1.687230769230503025e-01
-1.794061538461272642e-01
-1.794061538461272642e-01
-1.920112820512571428e-01
-1.920112820512571428e-01
-1.814923076922816680e-01
-1.709733333333061656e-01
-1.709733333333061656e-01
-1.709733333333061656e-01
-1.709733333333061656e-01
-1.709733333333061656e-01
-1.709733333333061656e-01
-1.623511111110831906e-01
-1.782936752136528302e-01
-1.782936752136528302e-01
-1.782936752136528302e-01
-1.782936752136528302e-01
-1.676652991452768082e-01
-1.676652991452768082e-01
-1.676652991452768082e-01
-1.570369230768991486e-01
-1.657138461538215646e-01
-1.657138461538215646e-01
-1.972707692307432703e-01
-1.972707692307432703e-01
-1.889220512820271869e-01
-1.889220512820271869e-01
-1.782936752136495273e-01
-1.676652991452718955e-01
-1.676652991452718955e-01
-1.676652991452718955e-01
-1.676652991452718955e-01
-1.676652991452718955e-01
-1.687230769230503025e-01
-1.687230769230503025e-01
-1.687230769230503025e-01
-1.687230769230503025e-01
-1.687230769230503025e-01
-1.794061538461272642e-01
-1.687230769230503025e-01
-1.772358974358711203e-01
-1.772358974358711203e-01
-1.772358974358711203e-01
-1.740646153845871458e-01
-1.847476923076658839e-01
-1.847476923076658839e-01
-1.847476923076658839e-01
-1.847476923076658839e-01
-1.847476923076658839e-01
-1.847476923076658839e-01
-1.930964102563852147e-01
-1.930964102563852147e-01
-1.825227350427086614e-01
-1.772358974358711203e-01
-1.772358974358711203e-01
-1.878095726495477014e-01
-1.878095726495477014e-01
-1.878095726495477014e-01
-1.878095726495477014e-01
-1.878095726495477014e-01
-1.794061538461272642e-01
-1.687230769230503025e-01
-1.687230769230503025e-01
-1.580399999999732297e-01
-1.580399999999732297e-01
-1.580399999999732297e-01
-1.580399999999732297e-01
-1.666622222221930405e-01
-1.772358974358711203e-01
-1.772358974358711203e-01
-1.772358974358711203e-01
-1.878095726495477014e-01
-1.878095726495477014e-01
-1.719490598290304428e-01
-1.633815384615102118e-01
-1.633815384615102118e-01
-1.633815384615102118e-01
-1.633815384615102118e-01
-1.740646153845871458e-01
-1.740646153845871458e-01
-1.740646153845871458e-01
-1.740646153845871458e-01
-1.847476923076658839e-01
-1.729794871794623490e-01
-1.814923076922816680e-01
-1.814923076922816680e-01
-1.814923076922816680e-01
-1.709733333333061656e-01
-1.814923076922816680e-01
-1.814923076922816680e-01
-1.814923076922816680e-01
-1.814923076922816680e-01
-1.814923076922816680e-01
-1.687230769230503025e-01
-1.772358974358711203e-01
-1.772358974358711203e-01
-1.772358974358711203e-01
-1.772358974358711203e-01
-1.666622222221930405e-01
-1.772358974358711203e-01
-1.772358974358711203e-01
-1.772358974358711203e-01
-1.772358974358711203e-01
-1.772358974358711203e-01
-1.772358974358711203e-01
-1.772358974358711203e-01
-1.878095726495477014e-01
-1.794061538461272642e-01
-1.794061538461272642e-01
-1.687230769230503025e-01
-1.687230769230503025e-01
-1.687230769230503025e-01
-1.687230769230503025e-01
-1.709733333333061656e-01
-1.814923076922816680e-01
-1.814923076922816680e-01
-1.814923076922816680e-01
-1.814923076922816680e-01
-1.814923076922816680e-01
-1.920112820512571428e-01
-1.920112820512571428e-01
-1.920112820512571428e-01
-1.836078632478400086e-01
-1.889220512820271869e-01
-1.889220512820271869e-01
-1.782936752136495273e-01
-1.782936752136495273e-01
-1.676652991452718955e-01
-1.676652991452718955e-01
-1.676652991452718955e-01
-1.676652991452718955e-01
-1.762328205127922653e-01
-1.762328205127922653e-01
