-3.411538461538211608e-01
-4.817076923076702988e-01
-3.411538461538195510e-01
-3.411538461538195510e-01
-2.257692307692063527e-01
-6.059999999997231490e-02
-2.257692307692063527e-01
-3.909384615384419726e-01
-4.817076923076702988e-01
-4.817076923076702988e-01
-7.933846153843446269e-02
9.813846153848970744e-02
-7.933846153843281124e-02
-7.933846153843281124e-02
-2.070307692307425673e-01
2.226153846156856547e-02
1.868769230769517231e-01
1.868769230769517231e-01
9.400000000027693495e-03
-1.680769230768964784e-01
2.226153846156856547e-02
1.868769230769517231e-01
9.400000000027693495e-03
-1.680769230768964784e-01
-1.680769230768964784e-01
-4.114307692307465625e-01
-2.708769230768975356e-01
-2.708769230768975356e-01
-1.431846153845892644e-01
2.198461538464312887e-02
-2.005999999999721894e-01
-3.411538461538195510e-01
-4.817076923076702988e-01
-3.909384615384419726e-01
-3.909384615384419726e-01
-6.004615384612472379e-02
-6.004615384612472379e-02
-2.005999999999738548e-01
-6.059999999997231490e-02
-2.257692307692063527e-01
