2.950000000000000178e+00 2.558999999999999719e+00 4.991666666666666252e+00 3.977000000000000313e+00
2.950000000000000178e+00 2.558999999999999719e+00 4.724999999999999645e+00 3.977000000000000313e+00
2.683333333333333126e+00 2.558999999999999719e+00 4.724999999999999645e+00 3.977000000000000313e+00
2.683333333333333126e+00 2.558999999999999719e+00 4.724999999999999645e+00 3.710333333333333261e+00
2.683333333333333126e+00 2.825666666666666771e+00 4.724999999999999645e+00 3.710333333333333261e+00
2.683333333333333126e+00 2.959000000000000075e+00 4.858333333333333393e+00 3.843666666666667009e+00
2.683333333333333126e+00 2.959000000000000075e+00 5.125000000000000000e+00 3.843666666666667009e+00
2.950000000000000178e+00 2.959000000000000075e+00 5.125000000000000000e+00 3.843666666666667009e+00
2.950000000000000178e+00 2.959000000000000075e+00 5.125000000000000000e+00 3.576999999999999957e+00
2.950000000000000178e+00 2.692333333333333023e+00 5.125000000000000000e+00 3.576999999999999957e+00
