-4.326772883472917997e-02
-7.450796626053464433e-02
-4.326772883472917997e-02
-4.326772883472917997e-02
-4.326772883472917997e-02
-1.202749140892381101e-02
-4.326772883472917997e-02
-7.450796626053464433e-02
-7.450796626053464433e-02
-7.450796626053464433e-02
-2.764761012182639227e-02
3.592627303978976252e-03
-2.764761012182639227e-02
-2.764761012182639227e-02
-2.764761012182639227e-02
1.921274601688176265e-02
1.921274601688176265e-02
1.921274601688176265e-02
-1.202749140892381101e-02
-4.326772883472917997e-02
1.921274601688176265e-02
1.921274601688176265e-02
-1.202749140892381101e-02
-4.326772883472917997e-02
-4.326772883472917997e-02
-5.888784754763196766e-02
-2.764761012182639227e-02
-2.764761012182639227e-02
-2.764761012182639227e-02
3.592627303978976252e-03
-1.202749140892381101e-02
-4.326772883472917997e-02
-7.450796626053464433e-02
-7.450796626053464433e-02
-7.450796626053464433e-02
1.921274601688176265e-02
1.921274601688176265e-02
-1.202749140892381101e-02
-1.202749140892381101e-02
-4.326772883472917997e-02
