-8.911954187543340289e-02
-8.911954187543340289e-02
-8.911954187543340289e-02
-1.487711763302155821e-01
-2.084228107850016054e-01
-1.487711763302194401e-01
-1.487711763302194401e-01
-1.487711763302194401e-01
-8.911954187543340289e-02
-1.487711763302155821e-01
-2.084228107849977474e-01
-2.084228107849977474e-01
-2.084228107849977474e-01
-2.680744452397836874e-01
-2.084228107850016054e-01
-1.487711763302155821e-01
-2.084228107849977474e-01
-2.680744452397836874e-01
-2.680744452397836874e-01
-2.680744452397836874e-01
-2.084228107850016054e-01
-2.680744452397836874e-01
-2.680744452397836874e-01
-2.680744452397836874e-01
-2.084228107849977474e-01
-1.189453591028225565e-01
-1.189453591028225565e-01
-1.785969935576085799e-01
-2.382486280123945199e-01
-2.382486280123945199e-01
-8.911954187543340289e-02
-8.911954187543340289e-02
-8.911954187543340289e-02
-1.487711763302194401e-01
-2.084228107850016054e-01
-1.189453591028225565e-01
-1.785969935576085799e-01
-1.785969935576085799e-01
-2.382486280123945199e-01
-2.382486280123945199e-01
