-2.040641025640775874e-01
-2.300538461538226831e-01
-2.040641025640775874e-01
-2.040641025640775874e-01
-1.831239316239058335e-01
-1.564504273503999343e-01
-1.831239316239058335e-01
-2.097974358974117048e-01
-2.300538461538226831e-01
-2.300538461538226831e-01
-1.591461538461283742e-01
-1.321307692307438775e-01
-1.591461538461283742e-01
-1.591461538461283742e-01
-1.804282051281790311e-01
-1.409307692307424920e-01
-1.186230769230491588e-01
-1.186230769230491588e-01
-1.456384615384352932e-01
-1.726538461538215941e-01
-1.409307692307424920e-01
-1.186230769230491588e-01
-1.456384615384369308e-01
-1.726538461538215941e-01
-1.726538461538215941e-01
-2.170589743589518283e-01
-1.910692307692050951e-01
-1.910692307692050951e-01
-1.697871794871545770e-01
-1.431136752136487056e-01
-1.780743589743324917e-01
-2.040641025640775874e-01
-2.300538461538226831e-01
-2.097974358974117048e-01
-2.097974358974117048e-01
-1.520846153845890059e-01
-1.520846153845890059e-01
-1.780743589743324917e-01
-1.564504273504015719e-01
-1.831239316239074710e-01
