-1.928230435800124334e-02
-2.969775070289336003e-02
-1.928230435800124334e-02
-2.314462277411977534e-02
-1.928230435800124334e-02
-2.314462277411977534e-02
-3.356006911901188855e-02
-2.969775070289336003e-02
-3.356006911901188855e-02
-3.356006911901188855e-02
-1.928230435800519851e-02
-1.095360824741504861e-02
-1.928230435800519851e-02
-2.314462277412373051e-02
-1.928230435800519851e-02
-2.314462277412373051e-02
-1.481592666353358061e-02
-1.095360824741504861e-02
-1.481592666353358061e-02
-1.481592666353358061e-02
-3.802644681348371636e-02
-2.969775070289336003e-02
-3.802644681348371636e-02
-3.251669400186298770e-02
-3.802644681348371636e-02
-3.251669400186298770e-02
-2.418799789127263136e-02
-2.969775070289336003e-02
-2.418799789127263136e-02
-2.418799789127263136e-02
-1.928230435800124334e-02
-2.969775070289336003e-02
-1.928230435800124334e-02
-1.377255154638051815e-02
-1.928230435800124334e-02
-1.377255154638051815e-02
-2.418799789127263136e-02
-2.969775070289336003e-02
-2.418799789127263136e-02
-2.418799789127263136e-02
-1.928230435800124334e-02
-2.969775070289336003e-02
-1.928230435800124334e-02
-2.783065838798930158e-02
-1.928230435800124334e-02
-2.783065838798930158e-02
-3.824610473288161949e-02
-2.969775070289336003e-02
-3.824610473288161949e-02
-3.824610473288161949e-02
-3.802644681348371636e-02
-2.969775070289336003e-02
-3.802644681348371636e-02
-2.783065838799346492e-02
-3.802644681348371636e-02
-2.783065838799346492e-02
-1.950196227740310512e-02
-2.969775070289336003e-02
-1.950196227740310512e-02
-1.950196227740310512e-02
-2.865437558574445917e-02
-2.032567947515430754e-02
-2.865437558574445917e-02
-3.720272961573667381e-02
-2.865437558574445917e-02
-3.720272961573667381e-02
-2.887403350514631747e-02
-2.032567947515430754e-02
-2.887403350514631747e-02
-2.887403350514631747e-02
-2.865437558574050400e-02
-3.906982193063261721e-02
-2.865437558574050400e-02
-1.845858716025004093e-02
-2.865437558574050400e-02
-1.845858716025004093e-02
-2.887403350514236577e-02
-3.906982193063261721e-02
-2.887403350514236577e-02
-2.887403350514236577e-02
-2.162532216493590412e-02
-2.032567947515430754e-02
-2.162532216493590412e-02
-2.548764058105443611e-02
-2.162532216493590412e-02
-2.548764058105443611e-02
-2.418799789127263136e-02
-2.032567947515430754e-02
-2.418799789127263136e-02
-2.418799789127263136e-02
-4.036946462042253353e-02
-3.906982193063657238e-02
-4.036946462042253353e-02
-2.548764058105859598e-02
-4.036946462042253353e-02
-2.548764058105859598e-02
-2.418799789127263136e-02
-3.906982193063657238e-02
-2.418799789127263136e-02
-2.418799789127263136e-02
-3.099739339267932464e-02
-2.969775070289336003e-02
-3.099739339267932464e-02
-4.423178303654106552e-02
-3.099739339267932464e-02
-4.423178303654106552e-02
-4.293214034675510438e-02
-2.969775070289336003e-02
-4.293214034675510438e-02
-4.293214034675510438e-02
-3.099739339267932464e-02
-2.969775070289336003e-02
-3.099739339267932464e-02
-2.548764058105859598e-02
-3.099739339267932464e-02
-2.548764058105859598e-02
-2.418799789127263136e-02
-2.969775070289336003e-02
-2.418799789127263136e-02
-2.418799789127263136e-02
-3.099739339267932464e-02
-3.438378631676309444e-02
-3.099739339267932464e-02
-3.017367619493228556e-02
-3.099739339267932464e-02
-3.017367619493228556e-02
-3.356006911901605189e-02
-3.438378631676309444e-02
-3.356006911901605189e-02
-3.356006911901605189e-02
-3.099739339267932464e-02
-3.438378631676704267e-02
-3.099739339267932464e-02
-3.017367619492812222e-02
-3.099739339267932464e-02
-3.017367619492812222e-02
-3.356006911901605189e-02
-3.438378631676704267e-02
-3.356006911901605189e-02
-3.356006911901605189e-02
-3.099739339267932464e-02
-3.438378631676309444e-02
-3.099739339267932464e-02
-3.017367619492812222e-02
-3.099739339267932464e-02
-3.017367619492812222e-02
-3.356006911901188855e-02
-3.438378631676309444e-02
-3.356006911901188855e-02
-3.356006911901188855e-02
-1.225325093719685336e-02
-1.563964386128457312e-02
-1.225325093719685336e-02
-1.142953373944565094e-02
-1.225325093719685336e-02
-1.142953373944565094e-02
-1.481592666353358061e-02
-1.563964386128457312e-02
-1.481592666353358061e-02
-1.481592666353358061e-02
-2.865437558574445917e-02
-4.141283973757143438e-02
-2.865437558574445917e-02
-1.611556935331933879e-02
-2.865437558574445917e-02
-1.611556935331933879e-02
-2.887403350514631747e-02
-4.141283973757143438e-02
-2.887403350514631747e-02
-2.887403350514631747e-02
-2.865437558574445917e-02
-2.266869728208896831e-02
-2.865437558574445917e-02
-3.485971180879785664e-02
-2.865437558574445917e-02
-3.485971180879785664e-02
-2.887403350514236577e-02
-2.266869728208896831e-02
-2.887403350514236577e-02
-2.887403350514236577e-02
-3.802644681348767153e-02
-2.266869728208896831e-02
-3.802644681348767153e-02
-2.548764058105859598e-02
-3.802644681348767153e-02
-2.548764058105859598e-02
-1.012989104965989276e-02
-2.266869728208896831e-02
-1.012989104965989276e-02
-1.012989104965989276e-02
-1.928230435800124334e-02
-2.266869728208896831e-02
-1.928230435800124334e-02
-2.548764058105859598e-02
-1.928230435800124334e-02
-2.548764058105859598e-02
-2.887403350514631747e-02
-2.266869728208896831e-02
-2.887403350514631747e-02
-2.887403350514631747e-02
-2.396833997187076959e-02
-2.735473289595869925e-02
-2.396833997187076959e-02
-2.080160496718490987e-02
-2.396833997187076959e-02
-2.080160496718490987e-02
-2.418799789127263136e-02
-2.735473289595869925e-02
-2.418799789127263136e-02
-2.418799789127263136e-02
-4.271248242735740247e-02
-2.735473289595869925e-02
-4.271248242735740247e-02
-3.954574742267154275e-02
-4.271248242735740247e-02
-3.954574742267154275e-02
-2.418799789127263136e-02
-2.735473289595869925e-02
-2.418799789127263136e-02
-2.418799789127263136e-02
-2.396833997187076959e-02
-1.798266166821527873e-02
-2.396833997187076959e-02
-3.017367619492812222e-02
-2.396833997187076959e-02
-3.017367619492812222e-02
-2.418799789127263136e-02
-1.798266166821527873e-02
-2.418799789127263136e-02
-2.418799789127263136e-02
-2.396833997187493293e-02
-3.672680412370191161e-02
-2.396833997187493293e-02
-3.017367619492812222e-02
-2.396833997187493293e-02
-3.017367619492812222e-02
-4.293214034675510438e-02
-3.672680412370191161e-02
-4.293214034675510438e-02
-4.293214034675510438e-02
-1.225325093719685336e-02
-1.563964386128062142e-02
-1.225325093719685336e-02
-1.611556935331538362e-02
-1.225325093719685336e-02
-1.611556935331538362e-02
-1.950196227739915342e-02
-1.563964386128062142e-02
-1.950196227739915342e-02
-1.950196227739915342e-02
-3.099739339267516131e-02
-3.438378631676309444e-02
-3.099739339267516131e-02
-3.485971180879785664e-02
-3.099739339267516131e-02
-3.485971180879785664e-02
-3.824610473288557466e-02
-3.438378631676309444e-02
-3.824610473288557466e-02
-3.824610473288557466e-02
-3.099739339267932464e-02
-2.501171508902383378e-02
-3.099739339267932464e-02
-3.485971180880181181e-02
-3.099739339267932464e-02
-3.485971180880181181e-02
-2.887403350514631747e-02
-2.501171508902383378e-02
-2.887403350514631747e-02
-2.887403350514631747e-02
-3.099739339267932464e-02
-2.501171508902383378e-02
-3.099739339267932464e-02
-3.485971180879785664e-02
-3.099739339267932464e-02
-3.485971180879785664e-02
-2.887403350514236577e-02
-2.501171508902383378e-02
-2.887403350514236577e-02
-2.887403350514236577e-02
-2.631135777880959023e-02
-2.501171508902383378e-02
-2.631135777880959023e-02
-2.080160496718906973e-02
-2.631135777880959023e-02
-2.080160496718906973e-02
-1.950196227740310512e-02
-2.501171508902383378e-02
-1.950196227740310512e-02
-1.950196227740310512e-02
-2.631135777880563853e-02
-2.501171508902383378e-02
-2.631135777880563853e-02
-3.954574742266737941e-02
-2.631135777880563853e-02
-3.954574742266737941e-02
-3.824610473288557466e-02
-2.501171508902383378e-02
-3.824610473288557466e-02
-3.824610473288557466e-02
-3.568342900654884742e-02
-4.375585754450630332e-02
-3.568342900654884742e-02
-2.080160496718490987e-02
-3.568342900654884742e-02
-2.080160496718490987e-02
-2.887403350514236577e-02
-4.375585754450630332e-02
-2.887403350514236577e-02
-2.887403350514236577e-02
-1.693928655106637787e-02
-2.501171508902383378e-02
-1.693928655106637787e-02
-2.080160496718906973e-02
-1.693928655106637787e-02
-2.080160496718906973e-02
-2.887403350514631747e-02
-2.501171508902383378e-02
-2.887403350514631747e-02
-2.887403350514631747e-02
