-1.746474029169512443e-01
-1.746474029169512443e-01
-1.913894729777944059e-01
-1.746474029169512443e-01
-1.710473335719238097e-01
-1.877894036327669436e-01
-1.710473335719238097e-01
-1.877894036327669436e-01
-1.913894729777944059e-01
-1.877894036327669436e-01
-1.746474029169473585e-01
-1.746474029169473585e-01
-1.555984923049205382e-01
-1.746474029169473585e-01
-2.068383142447937639e-01
-1.877894036327669436e-01
-2.068383142447937639e-01
-1.877894036327669436e-01
-1.555984923049205382e-01
-1.877894036327669436e-01
-1.746474029169473585e-01
-1.746474029169473585e-01
-1.734939826413594566e-01
-1.746474029169473585e-01
-1.710473335719238097e-01
-1.698939132963357967e-01
-1.710473335719238097e-01
-1.698939132963357967e-01
-1.734939826413594566e-01
-1.698939132963357967e-01
-1.746474029169473585e-01
-1.746474029169473585e-01
-1.734939826413594566e-01
-1.746474029169473585e-01
-1.710473335719238097e-01
-1.698939132963357967e-01
-1.710473335719238097e-01
-1.698939132963357967e-01
-1.734939826413594566e-01
-1.698939132963357967e-01
-1.567519125805123259e-01
-1.567519125805123259e-01
-1.913894729777944059e-01
-1.567519125805123259e-01
-1.620995884037081669e-01
-1.967371488009902192e-01
-1.620995884037081669e-01
-1.967371488009902192e-01
-1.913894729777944059e-01
-1.967371488009902192e-01
-1.925428932533824189e-01
-1.925428932533824189e-01
-1.913894729777944059e-01
-1.925428932533824189e-01
-1.620995884037043089e-01
-1.609461681281162959e-01
-1.620995884037043089e-01
-1.609461681281162959e-01
-1.913894729777944059e-01
-1.609461681281162959e-01
-1.567519125805162117e-01
-1.567519125805162117e-01
-1.555984923049244240e-01
-1.567519125805162117e-01
-1.620995884037081669e-01
-1.609461681281162959e-01
-1.620995884037081669e-01
-1.609461681281162959e-01
-1.555984923049244240e-01
-1.609461681281162959e-01
-1.925428932533862769e-01
-1.925428932533862769e-01
-1.913894729777944059e-01
-1.925428932533862769e-01
-1.978905690765782321e-01
-1.967371488009863612e-01
-1.978905690765782321e-01
-1.967371488009863612e-01
-1.913894729777944059e-01
-1.967371488009863612e-01
-1.835951480851668871e-01
-1.835951480851668871e-01
-1.958633455619022135e-01
-1.835951480851668871e-01
-1.710473335719276677e-01
-1.833155310486630218e-01
-1.710473335719276677e-01
-1.833155310486630218e-01
-1.958633455619022135e-01
-1.833155310486630218e-01
-1.835951480851707451e-01
-1.835951480851707451e-01
-1.600723648890360062e-01
-1.835951480851707451e-01
-1.710473335719238097e-01
-1.475245503757890708e-01
-1.710473335719238097e-01
-1.475245503757890708e-01
-1.600723648890360062e-01
-1.475245503757890708e-01
-1.835951480851668871e-01
-1.835951480851668871e-01
-1.779678552254671808e-01
-1.835951480851668871e-01
-1.710473335719238097e-01
-1.654200407122241034e-01
-1.710473335719238097e-01
-1.654200407122241034e-01
-1.779678552254671808e-01
-1.654200407122241034e-01
-1.835951480851668871e-01
-1.835951480851668871e-01
-1.779678552254671808e-01
-1.835951480851668871e-01
-2.068383142447937639e-01
-2.012110213850941687e-01
-2.068383142447937639e-01
-2.012110213850941687e-01
-1.779678552254671808e-01
-2.012110213850941687e-01
-1.567519125805162117e-01
-1.567519125805162117e-01
-1.690201100572516490e-01
-1.567519125805162117e-01
-1.710473335719238097e-01
-1.833155310486591361e-01
-1.710473335719238097e-01
-1.833155310486591361e-01
-1.690201100572516490e-01
-1.833155310486591361e-01
-1.925428932533862769e-01
-1.925428932533862769e-01
-1.690201100572516490e-01
-1.925428932533862769e-01
-2.068383142447937639e-01
-1.833155310486591361e-01
-2.068383142447937639e-01
-1.833155310486591361e-01
-1.690201100572516490e-01
-1.833155310486591361e-01
-1.567519125805123259e-01
-1.567519125805123259e-01
-1.690201100572477633e-01
-1.567519125805123259e-01
-1.710473335719238097e-01
-1.833155310486591361e-01
-1.710473335719238097e-01
-1.833155310486591361e-01
-1.690201100572477633e-01
-1.833155310486591361e-01
-1.925428932533824189e-01
-1.925428932533824189e-01
-2.048110907301178285e-01
-1.925428932533824189e-01
-1.710473335719238097e-01
-1.833155310486591361e-01
-1.710473335719238097e-01
-1.833155310486591361e-01
-2.048110907301178285e-01
-1.833155310486591361e-01
-1.522780399964046294e-01
-1.522780399964046294e-01
-1.533615560128704647e-01
-1.522780399964046294e-01
-1.710473335719238097e-01
-1.721308495883896450e-01
-1.710473335719238097e-01
-1.721308495883896450e-01
-1.533615560128704647e-01
-1.721308495883896450e-01
-1.880690206692784694e-01
-1.880690206692784694e-01
-1.891525366857405299e-01
-1.880690206692784694e-01
-1.710473335719276677e-01
-1.721308495883896450e-01
-1.710473335719276677e-01
-1.721308495883896450e-01
-1.891525366857405299e-01
-1.721308495883896450e-01
-1.701735303328396620e-01
-1.701735303328396620e-01
-1.891525366857405299e-01
-1.701735303328396620e-01
-1.710473335719238097e-01
-1.900263399248246776e-01
-1.710473335719238097e-01
-1.900263399248246776e-01
-1.891525366857405299e-01
-1.900263399248246776e-01
-2.059645110057096162e-01
-2.059645110057096162e-01
-1.891525366857366719e-01
-2.059645110057096162e-01
-2.068383142447937639e-01
-1.900263399248208196e-01
-2.068383142447937639e-01
-1.900263399248208196e-01
-1.891525366857366719e-01
-1.900263399248208196e-01
-1.880690206692745836e-01
-1.880690206692745836e-01
-1.712570463493054973e-01
-1.880690206692745836e-01
-1.710473335719238097e-01
-1.542353592519546124e-01
-1.710473335719238097e-01
-1.542353592519546124e-01
-1.712570463493054973e-01
-1.542353592519546124e-01
-1.880690206692745836e-01
-1.880690206692745836e-01
-1.712570463493054973e-01
-1.880690206692745836e-01
-2.068383142447937639e-01
-1.900263399248246776e-01
-2.068383142447937639e-01
-1.900263399248246776e-01
-1.712570463493054973e-01
-1.900263399248246776e-01
-1.701735303328435200e-01
-1.701735303328435200e-01
-1.891525366857405299e-01
-1.701735303328435200e-01
-1.710473335719276677e-01
-1.900263399248246776e-01
-1.710473335719276677e-01
-1.900263399248246776e-01
-1.891525366857405299e-01
-1.900263399248246776e-01
-1.701735303328435200e-01
-1.701735303328435200e-01
-1.533615560128704647e-01
-1.701735303328435200e-01
-1.710473335719276677e-01
-1.542353592519546124e-01
-1.710473335719276677e-01
-1.542353592519546124e-01
-1.533615560128704647e-01
-1.542353592519546124e-01
-1.656996577487318267e-01
-1.656996577487318267e-01
-1.712570463493016115e-01
-1.656996577487318267e-01
-1.620995884037081669e-01
-1.676569770042780627e-01
-1.620995884037081669e-01
-1.676569770042780627e-01
-1.712570463493016115e-01
-1.676569770042780627e-01
-2.014906384216019197e-01
-2.014906384216019197e-01
-2.070480270221755625e-01
-2.014906384216019197e-01
-1.978905690765782321e-01
-2.034479576771519027e-01
-1.978905690765782321e-01
-2.034479576771519027e-01
-2.070480270221755625e-01
-2.034479576771519027e-01
-1.478041674122967941e-01
-1.478041674122967941e-01
-1.712570463493054973e-01
-1.478041674122967941e-01
-1.620995884037043089e-01
-1.855524673407129843e-01
-1.620995884037043089e-01
-1.855524673407129843e-01
-1.712570463493054973e-01
-1.855524673407129843e-01
-1.835951480851668871e-01
-1.835951480851668871e-01
-1.712570463493054973e-01
-1.835951480851668871e-01
-1.620995884037043089e-01
-1.497614866678430301e-01
-1.620995884037043089e-01
-1.497614866678430301e-01
-1.712570463493054973e-01
-1.497614866678430301e-01
-1.746474029169473585e-01
-1.746474029169473585e-01
-1.802047915175211401e-01
-1.746474029169473585e-01
-1.710473335719238097e-01
-1.766047221724974525e-01
-1.710473335719238097e-01
-1.766047221724974525e-01
-1.802047915175211401e-01
-1.766047221724974525e-01
-1.746474029169512443e-01
-1.746474029169512443e-01
-1.802047915175211401e-01
-1.746474029169512443e-01
-1.710473335719276677e-01
-1.766047221724974525e-01
-1.710473335719276677e-01
-1.766047221724974525e-01
-1.802047915175211401e-01
-1.766047221724974525e-01
-1.925428932533862769e-01
-1.925428932533862769e-01
-1.981002818539600308e-01
-1.925428932533862769e-01
-1.710473335719238097e-01
-1.766047221724974525e-01
-1.710473335719238097e-01
-1.766047221724974525e-01
-1.981002818539600308e-01
-1.766047221724974525e-01
-1.925428932533862769e-01
-1.925428932533862769e-01
-1.623093011810899655e-01
-1.925428932533862769e-01
-2.068383142447937639e-01
-1.766047221724974525e-01
-2.068383142447937639e-01
-1.766047221724974525e-01
-1.623093011810899655e-01
-1.766047221724974525e-01
