-1.696020295832436631e-01
-1.784210460486499172e-01
-1.635775350012887430e-01
-1.728723502760382558e-01
-1.696020295832436631e-01
-1.668715817025707149e-01
-1.816913667414428446e-01
-1.724605329777390561e-01
-1.757545796790228043e-01
-1.757545796790228043e-01
-1.631624863140160031e-01
-1.560556854717319031e-01
-1.700170782705212047e-01
-1.664581675837337182e-01
-1.631624863140160031e-01
-1.732857643948833015e-01
-1.593513667414496182e-01
-1.629684897085102169e-01
-1.662371758328708149e-01
-1.662371758328708149e-01
-1.886313925640128175e-01
-1.816066229717272218e-01
-1.890385085589805503e-01
-1.839842372952714689e-01
-1.886313925640128175e-01
-1.843936850679575301e-01
-1.769594677029859009e-01
-1.820172637469665289e-01
-1.773724402559451463e-01
-1.773724402559451463e-01
-1.663822579486297637e-01
-1.752354691255757213e-01
-1.667973066359025036e-01
-1.616989247952735353e-01
-1.663822579486297637e-01
-1.621163052602661026e-01
-1.705521359722177166e-01
-1.756461099008132520e-01
-1.709651085251753244e-01
-1.709651085251753244e-01
-1.744316870351659277e-01
-1.831994114332667900e-01
-1.619676491839786014e-01
-1.816276928241146171e-01
-1.744316870351659277e-01
-1.692722968468020062e-01
-1.903954172222139529e-01
-1.708677445161980168e-01
-1.781723921790197840e-01
-1.781723921790197840e-01
-1.838940428043984165e-01
-1.768282575871136519e-01
-1.843011587993630129e-01
-1.752442793625784423e-01
-1.838940428043984165e-01
-1.756557103083414839e-01
-1.681784941452951765e-01
-1.772388983623527925e-01
-1.685934498713297647e-01
-1.685934498713297647e-01
-1.791320956890147253e-01
-1.720936542217300635e-01
-1.795431780301333935e-01
-1.863561663818099068e-01
-1.791320956890147253e-01
-1.867636309814206252e-01
-1.793177249145268548e-01
-1.725082613431232759e-01
-1.797287142944106464e-01
-1.797287142944106464e-01
-1.727540908813204878e-01
-1.816243994140336326e-01
-1.731651732224406548e-01
-1.640708538818086704e-01
-1.727540908813204878e-01
-1.644862511737259225e-01
-1.729411624145252291e-01
-1.820310738431203390e-01
-1.733521517944073831e-01
-1.733521517944073831e-01
-1.739949803043975285e-01
-1.728977407601930694e-01
-1.695909184147484372e-01
-1.772557907808447741e-01
-1.739949803043975285e-01
-1.728691147554547447e-01
-1.761585512366386497e-01
-1.684878286508162404e-01
-1.717660249915225479e-01
-1.717660249915225479e-01
-1.835188745351698514e-01
-1.824131013371149412e-01
-1.918013511070582600e-01
-1.708569927039268743e-01
-1.835188745351698514e-01
-1.792679128323808324e-01
-1.697512195058704654e-01
-1.907067949969699361e-01
-1.781733567222907599e-01
-1.781733567222907599e-01
-1.787261581890145223e-01
-1.776246518178817846e-01
-1.807269039916740705e-01
-1.899429061654659412e-01
-1.787261581890145223e-01
-1.919163262939222458e-01
-1.888413997943330647e-01
-1.796280810546604656e-01
-1.908175033569087797e-01
-1.908175033569087797e-01
-1.723635379967067560e-01
-1.712534979717285077e-01
-1.743642837993661654e-01
-1.676575936654662313e-01
-1.723635379967067560e-01
-1.696697157169973769e-01
-1.665475536404863177e-01
-1.732569272085088263e-01
-1.685623591261384002e-01
-1.685623591261384002e-01
-1.803168132370915056e-01
-1.831813765774967517e-01
-1.759549388474431486e-01
-1.796200275596981366e-01
-1.803168132370915056e-01
-1.752544452843059763e-01
-1.824845909001034105e-01
-1.788347457181201638e-01
-1.781342521549862667e-01
-1.781342521549862667e-01
-1.739541930447837392e-01
-1.768409919621149740e-01
-1.823175590397509149e-01
-1.732519987135402451e-01
-1.739541930447837392e-01
-1.816224741304573176e-01
-1.761387976308699810e-01
-1.851751303335101573e-01
-1.844800454242164212e-01
-1.844800454242164212e-01
-1.834981233332454442e-01
-1.863515688851892227e-01
-1.791362489435970873e-01
-1.828040419827721696e-01
-1.834981233332454442e-01
-1.784384597073816470e-01
-1.856574875347160869e-01
-1.820049380258127736e-01
-1.813071487895989431e-01
-1.813071487895989431e-01
-1.612182194870925567e-01
-1.640939006159624625e-01
-1.567719700974428421e-01
-1.605187294827725708e-01
-1.612182194870925567e-01
-1.560687722073806905e-01
-1.633944106116424488e-01
-1.596628947565877643e-01
-1.589596968665256127e-01
-1.589596968665256127e-01
-1.811252221914204374e-01
-1.918810069861538736e-01
-1.807390539315780198e-01
-1.705546159010440932e-01
-1.811252221914204374e-01
-1.701634627121930421e-01
-1.813104006957775571e-01
-1.914999109825472889e-01
-1.809243197631607847e-01
-1.809243197631607847e-01
-1.747472173837261722e-01
-1.696618002553836324e-01
-1.743610491238852811e-01
-1.800192553241150573e-01
-1.747472173837261722e-01
-1.796355540583408072e-01
-1.749338381957742938e-01
-1.692732523287004687e-01
-1.745477572631575214e-01
-1.745477572631575214e-01
-1.858679385375742177e-01
-1.728704541015360363e-01
-1.791690298931180592e-01
-1.752561663818113236e-01
-1.858679385375742177e-01
-1.684699410775734596e-01
-1.622586819457732532e-01
-1.660645984825464272e-01
-1.553655096670018276e-01
-1.553655096670018276e-01
-1.635649577683399580e-01
-1.664531464092297020e-01
-1.696146068161923093e-01
-1.688573683048870122e-01
-1.635649577683399580e-01
-1.748687391544979097e-01
-1.717455569457767561e-01
-1.724819061748543991e-01
-1.777360385131599718e-01
-1.777360385131599718e-01
-1.723681669029535068e-01
-1.752396788611512435e-01
-1.783889097008057589e-01
-1.696829151798864843e-01
-1.723681669029535068e-01
-1.757231922794961487e-01
-1.725544271380825834e-01
-1.812395323767756750e-01
-1.785738149554644272e-01
-1.785738149554644272e-01
-1.819766765183420953e-01
-1.688531403996129943e-01
-1.878817943161932846e-01
-1.792706315260417516e-01
-1.819766765183420953e-01
-1.851952836256535173e-01
-1.661470954073142603e-01
-1.748529939152391743e-01
-1.721664832246946053e-01
-1.721664832246946053e-01
-1.755725539221824338e-01
-1.705166139573026929e-01
-1.687757486431127607e-01
-1.808140329683479985e-01
-1.755725539221824338e-01
-1.740604398756512017e-01
-1.757580930034667588e-01
-1.636781261267734877e-01
-1.689628173593087923e-01
-1.689628173593087923e-01
-1.691637798837262452e-01
-1.800242822265362141e-01
-1.751845226815784973e-01
-1.744460041221935209e-01
-1.691637798837262452e-01
-1.804284687218041805e-01
-1.853065064650049887e-01
-1.859663232421617518e-01
-1.912102692823874350e-01
-1.912102692823874350e-01
-1.648664241144937592e-01
-1.677295977313421615e-01
-1.628523111431174897e-01
-1.681319896991163854e-01
-1.648664241144937592e-01
-1.661257523756501930e-01
-1.709951633159631224e-01
-1.657223899488900476e-01
-1.689958311814242498e-01
-1.689958311814242498e-01
-1.743518568068013475e-01
-1.772372660005725464e-01
-1.723759649892651624e-01
-1.776427829683485948e-01
-1.743518568068013475e-01
-1.756747667987257899e-01
-1.805281921621230690e-01
-1.752682793719653465e-01
-1.785670811814291103e-01
-1.785670811814291103e-01
-1.838957870952630524e-01
-1.788545857121121851e-01
-1.755572750854222652e-01
-1.871486723914273231e-01
-1.838957870952630524e-01
-1.788433966064197633e-01
-1.821074710082765946e-01
-1.704645654296611246e-01
-1.737506869506584839e-01
-1.737506869506584839e-01
-1.775331669029585613e-01
-1.724526626351907121e-01
-1.819198952777333067e-01
-1.808114127760426793e-01
-1.775331669029585613e-01
-1.851806562218043795e-01
-1.757309085082748301e-01
-1.768664885065840964e-01
-1.801272494506568345e-01
-1.801272494506568345e-01
-1.783508111337279989e-01
-1.772541049428843218e-01
-1.763653640277321188e-01
-1.737013947471979236e-01
-1.783508111337279989e-01
-1.717047127121912875e-01
-1.726046885563509714e-01
-1.752660077373545955e-01
-1.706053564218121266e-01
-1.706053564218121266e-01
-1.719574217106454583e-01
-1.708521818659579083e-01
-1.699719746046528812e-01
-1.832121880164235828e-01
-1.719574217106454583e-01
-1.812537271352652468e-01
-1.821069481717361715e-01
-1.688640846604314849e-01
-1.801458371910438505e-01
-1.801458371910438505e-01
-1.830935274798785040e-01
-1.899319655198055401e-01
-1.811271909508084255e-01
-1.704866110933458689e-01
-1.830935274798785040e-01
-1.684899290583408704e-01
-1.773250491332745427e-01
-1.879820894681223653e-01
-1.753448275756564201e-01
-1.753448275756564201e-01
-1.607597774798791845e-01
-1.676512203274972412e-01
-1.716650755661923711e-01
-1.640570437856581354e-01
-1.607597774798791845e-01
-1.749194963660351543e-01
-1.709484866332777186e-01
-1.784669692758154014e-01
-1.817213900756580458e-01
-1.817213900756580458e-01
