2.689999999999999947e+00 3.058999999999999719e+00 5.224999999999999645e+00 3.717000000000000082e+00
3.049999999999999822e+00 3.058999999999999719e+00 5.224999999999999645e+00 3.717000000000000082e+00
3.049999999999999822e+00 3.058999999999999719e+00 5.224999999999999645e+00 4.076999999999999957e+00
3.049999999999999822e+00 2.698999999999999844e+00 5.224999999999999645e+00 4.076999999999999957e+00
3.049999999999999822e+00 2.698999999999999844e+00 4.865000000000000213e+00 4.076999999999999957e+00
2.689999999999999947e+00 3.058999999999999719e+00 4.865000000000000213e+00 4.076999999999999957e+00
3.049999999999999822e+00 3.058999999999999719e+00 4.865000000000000213e+00 4.076999999999999957e+00
3.049999999999999822e+00 3.058999999999999719e+00 5.224999999999999645e+00 4.076999999999999957e+00
3.049999999999999822e+00 2.698999999999999844e+00 5.224999999999999645e+00 4.076999999999999957e+00
3.049999999999999822e+00 2.698999999999999844e+00 5.224999999999999645e+00 3.717000000000000082e+00
2.810000000000000053e+00 2.818999999999999950e+00 4.745000000000000107e+00 4.076999999999999957e+00
2.810000000000000053e+00 2.459000000000000075e+00 4.745000000000000107e+00 4.076999999999999957e+00
2.450000000000000178e+00 2.459000000000000075e+00 4.745000000000000107e+00 4.076999999999999957e+00
2.450000000000000178e+00 2.459000000000000075e+00 5.104999999999999538e+00 4.076999999999999957e+00
2.450000000000000178e+00 2.459000000000000075e+00 5.104999999999999538e+00 3.717000000000000082e+00
3.049999999999999822e+00 2.698999999999999844e+00 4.984999999999999432e+00 3.477000000000000313e+00
3.049999999999999822e+00 3.058999999999999719e+00 4.984999999999999432e+00 3.477000000000000313e+00
3.049999999999999822e+00 3.058999999999999719e+00 4.625000000000000000e+00 3.477000000000000313e+00
2.689999999999999947e+00 3.058999999999999719e+00 4.625000000000000000e+00 3.477000000000000313e+00
2.689999999999999947e+00 3.058999999999999719e+00 4.625000000000000000e+00 3.837000000000000188e+00
2.570000000000000284e+00 2.818999999999999950e+00 5.224999999999999645e+00 4.076999999999999957e+00
2.570000000000000284e+00 2.459000000000000075e+00 5.224999999999999645e+00 4.076999999999999957e+00
2.929999999999999716e+00 2.459000000000000075e+00 5.224999999999999645e+00 4.076999999999999957e+00
2.929999999999999716e+00 2.459000000000000075e+00 4.865000000000000213e+00 4.076999999999999957e+00
2.929999999999999716e+00 2.459000000000000075e+00 4.865000000000000213e+00 3.717000000000000082e+00
2.450000000000000178e+00 2.698999999999999844e+00 4.625000000000000000e+00 3.837000000000000188e+00
2.450000000000000178e+00 3.058999999999999719e+00 4.625000000000000000e+00 3.837000000000000188e+00
2.450000000000000178e+00 3.058999999999999719e+00 4.625000000000000000e+00 3.477000000000000313e+00
2.450000000000000178e+00 3.058999999999999719e+00 4.984999999999999432e+00 3.477000000000000313e+00
2.810000000000000053e+00 3.058999999999999719e+00 4.984999999999999432e+00 3.477000000000000313e+00
2.450000000000000178e+00 2.459000000000000075e+00 4.625000000000000000e+00 3.837000000000000188e+00
2.450000000000000178e+00 2.459000000000000075e+00 4.625000000000000000e+00 3.477000000000000313e+00
2.450000000000000178e+00 2.459000000000000075e+00 4.984999999999999432e+00 3.477000000000000313e+00
2.450000000000000178e+00 2.818999999999999950e+00 4.984999999999999432e+00 3.477000000000000313e+00
2.810000000000000053e+00 2.818999999999999950e+00 4.984999999999999432e+00 3.477000000000000313e+00
2.929999999999999716e+00 2.818999999999999950e+00 4.625000000000000000e+00 3.477000000000000313e+00
2.929999999999999716e+00 2.459000000000000075e+00 4.625000000000000000e+00 3.477000000000000313e+00
2.570000000000000284e+00 2.459000000000000075e+00 4.625000000000000000e+00 3.477000000000000313e+00
2.570000000000000284e+00 2.459000000000000075e+00 4.984999999999999432e+00 3.477000000000000313e+00
2.570000000000000284e+00 2.459000000000000075e+00 4.984999999999999432e+00 3.837000000000000188e+00
