-2.143879742304786729e-01
-2.143879742304786729e-01
-2.143879742304786729e-01
-2.143879742304786729e-01
-2.143879742304786729e-01
-2.143879742304786729e-01
-1.905273204485665728e-01
-1.905273204485665728e-01
-1.905273204485665728e-01
-1.666666666666544727e-01
-1.785969935576085799e-01
-1.785969935576085799e-01
-1.547363397756965075e-01
-1.547363397756965075e-01
-1.547363397756965075e-01
-1.547363397756965075e-01
-1.547363397756965075e-01
-1.785969935576085799e-01
-1.785969935576085799e-01
-1.785969935576085799e-01
