-2.139956263666286176e-02
-3.389565760698596414e-02
-3.389565760698596414e-02
-3.389565760698596414e-02
-4.639175257730886182e-02
-4.639175257730886182e-02
-4.639175257730886182e-02
-4.639175257730886182e-02
-4.639175257730886182e-02
-4.639175257730886182e-02
-8.903467666343919257e-03
-8.903467666343919257e-03
-8.903467666343919257e-03
-8.903467666343919257e-03
-8.903467666343919257e-03
-2.139956263666702510e-02
-2.139956263666702510e-02
-2.139956263666702510e-02
-2.139956263666702510e-02
-3.389565760698991931e-02
