-1.633815384615102118e-01
-1.740646153845871458e-01
-1.740646153845871458e-01
-1.740646153845871458e-01
-1.847476923076658839e-01
-1.847476923076658839e-01
-1.847476923076658839e-01
-1.847476923076658839e-01
-1.847476923076658839e-01
-1.930964102563852147e-01
-1.570369230768991486e-01
-1.570369230768991486e-01
-1.657138461538215646e-01
-1.657138461538215646e-01
-1.657138461538215646e-01
-1.762328205127955405e-01
-1.762328205127955405e-01
-1.762328205127955405e-01
-1.762328205127955405e-01
-1.867517948717709042e-01
