-6.870533622305018129e-02
-6.870533622305018129e-02
-6.870533622305018129e-02
-6.401930060917650211e-02
-6.870533622305018129e-02
-6.870533622305018129e-02
-6.870533622305018129e-02
-6.870533622305018129e-02
-6.870533622305018129e-02
-6.870533622305018129e-02
-6.870533622305018129e-02
-6.870533622305018129e-02
-6.870533622305018129e-02
-6.870533622305018129e-02
-6.870533622305018129e-02
-7.037107544516582602e-02
-6.568503983129213297e-02
-6.568503983129213297e-02
-7.037107544516582602e-02
-6.568503983129213297e-02
-6.568503983129213297e-02
-6.568503983129213297e-02
-6.568503983129213297e-02
-6.568503983129213297e-02
-6.568503983129213297e-02
-6.568503983129213297e-02
-6.568503983129213297e-02
-6.568503983129213297e-02
-6.568503983129213297e-02
-6.568503983129213297e-02
-6.401930060917650211e-02
-6.568503983129213297e-02
-6.870533622304612897e-02
-6.870533622304612897e-02
-6.870533622304612897e-02
-6.401930060917650211e-02
-6.870533622304612897e-02
-6.870533622304612897e-02
-6.870533622304612897e-02
-6.870533622304612897e-02
-6.870533622304612897e-02
-6.870533622304612897e-02
-6.870533622304612897e-02
-6.870533622304612897e-02
-6.870533622304612897e-02
-6.870533622304612897e-02
-6.870533622304612897e-02
-7.037107544516582602e-02
-6.568503983129619916e-02
-6.568503983129619916e-02
-7.037107544516582602e-02
-6.568503983129619916e-02
-6.568503983129619916e-02
-6.568503983129619916e-02
-6.568503983129619916e-02
-6.568503983129619916e-02
-6.568503983129619916e-02
-6.568503983129619916e-02
-6.568503983129619916e-02
-6.568503983129619916e-02
-6.568503983129619916e-02
-6.568503983129619916e-02
-6.401930060917650211e-02
-6.568503983129619916e-02
-4.996119376756365249e-02
-4.996119376756365249e-02
-4.996119376756365249e-02
-5.464722938143734554e-02
-4.996119376756365249e-02
-4.996119376756365249e-02
-4.996119376756365249e-02
-4.996119376756365249e-02
-4.996119376756365249e-02
-4.996119376756365249e-02
-4.996119376756365249e-02
-4.996119376756365249e-02
-4.996119376756365249e-02
-4.996119376756365249e-02
-4.996119376756365249e-02
-5.162693298968334954e-02
-5.631296860355703565e-02
-5.631296860355703565e-02
-5.162693298968334954e-02
-5.631296860355703565e-02
-5.631296860355703565e-02
-5.631296860355703565e-02
-5.631296860355703565e-02
-5.631296860355703565e-02
-5.631296860355703565e-02
-5.631296860355703565e-02
-5.631296860355703565e-02
-5.631296860355703565e-02
-5.631296860355703565e-02
-5.631296860355703565e-02
-5.464722938143734554e-02
-5.631296860355703565e-02
-6.870533622305018129e-02
-6.870533622305018129e-02
-6.870533622305018129e-02
-7.339137183691980815e-02
-6.870533622305018129e-02
-6.870533622305018129e-02
-6.870533622305018129e-02
-6.870533622305018129e-02
-6.870533622305018129e-02
-6.870533622305018129e-02
-6.870533622305018129e-02
-6.870533622305018129e-02
-6.870533622305018129e-02
-6.870533622305018129e-02
-6.870533622305018129e-02
-7.037107544516582602e-02
-7.505711105903534186e-02
-7.505711105903534186e-02
-7.037107544516582602e-02
-7.505711105903534186e-02
-7.505711105903534186e-02
-7.505711105903534186e-02
-7.505711105903534186e-02
-7.505711105903534186e-02
-7.505711105903534186e-02
-7.505711105903534186e-02
-7.505711105903534186e-02
-7.505711105903534186e-02
-7.505711105903534186e-02
-7.505711105903534186e-02
-7.339137183691980815e-02
-7.505711105903534186e-02
-7.339137183691980815e-02
-7.339137183691980815e-02
-7.339137183691980815e-02
-7.339137183691980815e-02
-7.339137183691980815e-02
-7.339137183691980815e-02
-7.339137183691980815e-02
-7.339137183691980815e-02
-7.339137183691980815e-02
-7.339137183691980815e-02
-7.339137183691980815e-02
-7.339137183691980815e-02
-7.339137183691980815e-02
-7.339137183691980815e-02
-7.339137183691980815e-02
-7.505711105903534186e-02
-7.505711105903534186e-02
-7.505711105903534186e-02
-7.505711105903534186e-02
-7.505711105903534186e-02
-7.505711105903534186e-02
-7.505711105903534186e-02
-7.505711105903534186e-02
-7.505711105903534186e-02
-7.505711105903534186e-02
-7.505711105903534186e-02
-7.505711105903534186e-02
-7.505711105903534186e-02
-7.505711105903534186e-02
-7.505711105903534186e-02
-7.339137183691980815e-02
-7.505711105903534186e-02
-5.464722938143318220e-02
-5.464722938143318220e-02
-5.464722938143318220e-02
-5.464722938143318220e-02
-5.464722938143318220e-02
-5.464722938143318220e-02
-5.464722938143318220e-02
-5.464722938143318220e-02
-5.464722938143318220e-02
-5.464722938143318220e-02
-5.464722938143318220e-02
-5.464722938143318220e-02
-5.464722938143318220e-02
-5.464722938143318220e-02
-5.464722938143318220e-02
-5.631296860355287925e-02
-5.631296860355287925e-02
-5.631296860355287925e-02
-5.631296860355287925e-02
-5.631296860355287925e-02
-5.631296860355287925e-02
-5.631296860355287925e-02
-5.631296860355287925e-02
-5.631296860355287925e-02
-5.631296860355287925e-02
-5.631296860355287925e-02
-5.631296860355287925e-02
-5.631296860355287925e-02
-5.631296860355287925e-02
-5.631296860355287925e-02
-5.464722938143318220e-02
-5.631296860355287925e-02
-6.401930060918055443e-02
-6.401930060918055443e-02
-6.401930060918055443e-02
-6.401930060918055443e-02
-6.401930060918055443e-02
-6.401930060918055443e-02
-6.401930060918055443e-02
-6.401930060918055443e-02
-6.401930060918055443e-02
-6.401930060918055443e-02
-6.401930060918055443e-02
-6.401930060918055443e-02
-6.401930060918055443e-02
-6.401930060918055443e-02
-6.401930060918055443e-02
-5.631296860355703565e-02
-5.631296860355703565e-02
-5.631296860355703565e-02
-5.631296860355703565e-02
-5.631296860355703565e-02
-5.631296860355703565e-02
-5.631296860355703565e-02
-5.631296860355703565e-02
-5.631296860355703565e-02
-5.631296860355703565e-02
-5.631296860355703565e-02
-5.631296860355703565e-02
-5.631296860355703565e-02
-5.631296860355703565e-02
-5.631296860355703565e-02
-6.401930060918055443e-02
-5.631296860355703565e-02
-6.401930060917650211e-02
-6.401930060917650211e-02
-6.401930060917650211e-02
-6.401930060917650211e-02
-6.401930060917650211e-02
-6.401930060917650211e-02
-6.401930060917650211e-02
-6.401930060917650211e-02
-6.401930060917650211e-02
-6.401930060917650211e-02
-6.401930060917650211e-02
-6.401930060917650211e-02
-6.401930060917650211e-02
-6.401930060917650211e-02
-6.401930060917650211e-02
-5.631296860355287925e-02
-5.631296860355287925e-02
-5.631296860355287925e-02
-5.631296860355287925e-02
-5.631296860355287925e-02
-5.631296860355287925e-02
-5.631296860355287925e-02
-5.631296860355287925e-02
-5.631296860355287925e-02
-5.631296860355287925e-02
-5.631296860355287925e-02
-5.631296860355287925e-02
-5.631296860355287925e-02
-5.631296860355287925e-02
-5.631296860355287925e-02
-6.401930060917650211e-02
-5.631296860355287925e-02
-5.464722938143734554e-02
-5.464722938143734554e-02
-5.464722938143734554e-02
-6.167628280224173726e-02
-5.464722938143734554e-02
-5.464722938143734554e-02
-5.464722938143734554e-02
-5.464722938143734554e-02
-5.464722938143734554e-02
-5.464722938143734554e-02
-5.464722938143734554e-02
-5.464722938143734554e-02
-5.464722938143734554e-02
-5.464722938143734554e-02
-5.464722938143734554e-02
-5.396995079662217365e-02
-6.099900421742656537e-02
-6.099900421742656537e-02
-5.396995079662217365e-02
-6.099900421742656537e-02
-6.099900421742656537e-02
-6.099900421742656537e-02
-6.099900421742656537e-02
-6.099900421742656537e-02
-6.099900421742656537e-02
-6.099900421742656537e-02
-6.099900421742656537e-02
-6.099900421742656537e-02
-6.099900421742656537e-02
-6.099900421742656537e-02
-6.167628280224173726e-02
-6.099900421742656537e-02
-5.464722938143734554e-02
-5.464722938143734554e-02
-5.464722938143734554e-02
-6.167628280224173726e-02
-5.464722938143734554e-02
-5.464722938143734554e-02
-5.464722938143734554e-02
-5.464722938143734554e-02
-5.464722938143734554e-02
-5.464722938143734554e-02
-5.464722938143734554e-02
-5.464722938143734554e-02
-5.464722938143734554e-02
-5.464722938143734554e-02
-5.464722938143734554e-02
-5.396995079662217365e-02
-6.099900421742656537e-02
-6.099900421742656537e-02
-5.396995079662217365e-02
-6.099900421742656537e-02
-6.099900421742656537e-02
-6.099900421742656537e-02
-6.099900421742656537e-02
-6.099900421742656537e-02
-6.099900421742656537e-02
-6.099900421742656537e-02
-6.099900421742656537e-02
-6.099900421742656537e-02
-6.099900421742656537e-02
-6.099900421742656537e-02
-6.167628280224173726e-02
-6.099900421742656537e-02
-7.339137183691980815e-02
-7.339137183691980815e-02
-7.339137183691980815e-02
-7.104835402998495308e-02
-7.339137183691980815e-02
-7.339137183691980815e-02
-7.339137183691980815e-02
-7.339137183691980815e-02
-7.339137183691980815e-02
-7.339137183691980815e-02
-7.339137183691980815e-02
-7.339137183691980815e-02
-7.339137183691980815e-02
-7.339137183691980815e-02
-7.339137183691980815e-02
-7.271409325210058394e-02
-7.037107544516582602e-02
-7.037107544516582602e-02
-7.271409325210058394e-02
-7.037107544516582602e-02
-7.037107544516582602e-02
-7.037107544516582602e-02
-7.037107544516582602e-02
-7.037107544516582602e-02
-7.037107544516582602e-02
-7.037107544516582602e-02
-7.037107544516582602e-02
-7.037107544516582602e-02
-7.037107544516582602e-02
-7.037107544516582602e-02
-7.104835402998495308e-02
-7.037107544516582602e-02
-5.464722938143734554e-02
-5.464722938143734554e-02
-5.464722938143734554e-02
-5.230421157450247660e-02
-5.464722938143734554e-02
-5.464722938143734554e-02
-5.464722938143734554e-02
-5.464722938143734554e-02
-5.464722938143734554e-02
-5.464722938143734554e-02
-5.464722938143734554e-02
-5.464722938143734554e-02
-5.464722938143734554e-02
-5.464722938143734554e-02
-5.464722938143734554e-02
-5.396995079662217365e-02
-5.162693298968730471e-02
-5.162693298968730471e-02
-5.396995079662217365e-02
-5.162693298968730471e-02
-5.162693298968730471e-02
-5.162693298968730471e-02
-5.162693298968730471e-02
-5.162693298968730471e-02
-5.162693298968730471e-02
-5.162693298968730471e-02
-5.162693298968730471e-02
-5.162693298968730471e-02
-5.162693298968730471e-02
-5.162693298968730471e-02
-5.230421157450247660e-02
-5.162693298968730471e-02
-5.464722938143734554e-02
-5.464722938143734554e-02
-5.464722938143734554e-02
-5.230421157450247660e-02
-5.464722938143734554e-02
-5.464722938143734554e-02
-5.464722938143734554e-02
-5.464722938143734554e-02
-5.464722938143734554e-02
-5.464722938143734554e-02
-5.464722938143734554e-02
-5.464722938143734554e-02
-5.464722938143734554e-02
-5.464722938143734554e-02
-5.464722938143734554e-02
-4.928391518275264394e-02
-4.694089737581778193e-02
-4.694089737581778193e-02
-4.928391518275264394e-02
-4.694089737581778193e-02
-4.694089737581778193e-02
-4.694089737581778193e-02
-4.694089737581778193e-02
-4.694089737581778193e-02
-4.694089737581778193e-02
-4.694089737581778193e-02
-4.694089737581778193e-02
-4.694089737581778193e-02
-4.694089737581778193e-02
-4.694089737581778193e-02
-5.230421157450247660e-02
-4.694089737581778193e-02
-7.339137183691980815e-02
-7.339137183691980815e-02
-7.339137183691980815e-02
-7.104835402998495308e-02
-7.339137183691980815e-02
-7.339137183691980815e-02
-7.339137183691980815e-02
-7.339137183691980815e-02
-7.339137183691980815e-02
-7.339137183691980815e-02
-7.339137183691980815e-02
-7.339137183691980815e-02
-7.339137183691980815e-02
-7.339137183691980815e-02
-7.339137183691980815e-02
-6.802805763823095708e-02
-6.568503983129619916e-02
-6.568503983129619916e-02
-6.802805763823095708e-02
-6.568503983129619916e-02
-6.568503983129619916e-02
-6.568503983129619916e-02
-6.568503983129619916e-02
-6.568503983129619916e-02
-6.568503983129619916e-02
-6.568503983129619916e-02
-6.568503983129619916e-02
-6.568503983129619916e-02
-6.568503983129619916e-02
-6.568503983129619916e-02
-7.104835402998495308e-02
-6.568503983129619916e-02
-6.401930060917650211e-02
-6.401930060917650211e-02
-6.401930060917650211e-02
-6.167628280224173726e-02
-6.401930060917650211e-02
-6.401930060917650211e-02
-6.401930060917650211e-02
-6.401930060917650211e-02
-6.401930060917650211e-02
-6.401930060917650211e-02
-6.401930060917650211e-02
-6.401930060917650211e-02
-6.401930060917650211e-02
-6.401930060917650211e-02
-6.401930060917650211e-02
-6.802805763823095708e-02
-6.568503983129619916e-02
-6.568503983129619916e-02
-6.802805763823095708e-02
-6.568503983129619916e-02
-6.568503983129619916e-02
-6.568503983129619916e-02
-6.568503983129619916e-02
-6.568503983129619916e-02
-6.568503983129619916e-02
-6.568503983129619916e-02
-6.568503983129619916e-02
-6.568503983129619916e-02
-6.568503983129619916e-02
-6.568503983129619916e-02
-6.167628280224173726e-02
-6.568503983129619916e-02
-6.401930060917650211e-02
-6.401930060917650211e-02
-6.401930060917650211e-02
-6.167628280224173726e-02
-6.401930060917650211e-02
-6.401930060917650211e-02
-6.401930060917650211e-02
-6.401930060917650211e-02
-6.401930060917650211e-02
-6.401930060917650211e-02
-6.401930060917650211e-02
-6.401930060917650211e-02
-6.401930060917650211e-02
-6.401930060917650211e-02
-6.401930060917650211e-02
-6.802805763823095708e-02
-6.568503983129619916e-02
-6.568503983129619916e-02
-6.802805763823095708e-02
-6.568503983129619916e-02
-6.568503983129619916e-02
-6.568503983129619916e-02
-6.568503983129619916e-02
-6.568503983129619916e-02
-6.568503983129619916e-02
-6.568503983129619916e-02
-6.568503983129619916e-02
-6.568503983129619916e-02
-6.568503983129619916e-02
-6.568503983129619916e-02
-6.167628280224173726e-02
-6.568503983129619916e-02
