-1.294605031057301237e-01
-1.178426822486083464e-01
-1.294605031057301237e-01
-1.294605031057301237e-01
-1.294605031057301237e-01
-1.294605031057301237e-01
-1.294605031057301237e-01
-1.294605031057301237e-01
-1.294605031057301237e-01
-1.294605031057301237e-01
-1.273340602815872524e-01
-1.294605031057301237e-01
-1.294605031057301237e-01
-1.294605031057301237e-01
-1.294605031057301237e-01
-1.294605031057301237e-01
-1.273340602815872524e-01
-1.156878608938151504e-01
-1.156878608938151504e-01
-1.156878608938151504e-01
-1.156878608938151504e-01
-1.156878608938151504e-01
-1.156878608938151504e-01
-1.156878608938151504e-01
-1.156878608938151504e-01
-1.178426822486083464e-01
-1.156878608938151504e-01
-1.156878608938151504e-01
-1.156878608938151504e-01
-1.156878608938151504e-01
-1.156878608938151504e-01
-1.156878608938151504e-01
-1.306211281057324536e-01
-1.325661678255337927e-01
-1.306211281057324536e-01
-1.306211281057324536e-01
-1.306211281057324536e-01
-1.306211281057324536e-01
-1.306211281057324536e-01
-1.306211281057324536e-01
-1.306211281057324536e-01
-1.306211281057324536e-01
-1.284780987431300148e-01
-1.306211281057324536e-01
-1.306211281057324536e-01
-1.306211281057324536e-01
-1.306211281057324536e-01
-1.306211281057324536e-01
-1.284780987431300148e-01
-1.304279330092034395e-01
-1.304279330092034395e-01
-1.304279330092034395e-01
-1.304279330092034395e-01
-1.304279330092034395e-01
-1.304279330092034395e-01
-1.304279330092034395e-01
-1.304279330092034395e-01
-1.325661678255337927e-01
-1.304279330092034395e-01
-1.304279330092034395e-01
-1.304279330092034395e-01
-1.304279330092034395e-01
-1.304279330092034395e-01
-1.304279330092034395e-01
-1.232658757018892104e-01
-1.252198096524568816e-01
-1.232658757018892104e-01
-1.232658757018892104e-01
-1.232658757018892104e-01
-1.232658757018892104e-01
-1.232658757018892104e-01
-1.232658757018892104e-01
-1.232658757018892104e-01
-1.232658757018892104e-01
-1.211145530700482725e-01
-1.232658757018892104e-01
-1.232658757018892104e-01
-1.232658757018892104e-01
-1.232658757018892104e-01
-1.232658757018892104e-01
-1.211145530700482725e-01
-1.230732815668942881e-01
-1.230732815668942881e-01
-1.230732815668942881e-01
-1.230732815668942881e-01
-1.230732815668942881e-01
-1.230732815668942881e-01
-1.230732815668942881e-01
-1.230732815668942881e-01
-1.252198096524568816e-01
-1.230732815668942881e-01
-1.230732815668942881e-01
-1.230732815668942881e-01
-1.230732815668942881e-01
-1.230732815668942881e-01
-1.230732815668942881e-01
-1.221052507018852429e-01
-1.240769731139949594e-01
-1.221052507018852429e-01
-1.221052507018852429e-01
-1.221052507018852429e-01
-1.221052507018852429e-01
-1.221052507018852429e-01
-1.221052507018852429e-01
-1.221052507018852429e-01
-1.221052507018852429e-01
-1.358108751854322227e-01
-1.221052507018852429e-01
-1.221052507018852429e-01
-1.221052507018852429e-01
-1.221052507018852429e-01
-1.221052507018852429e-01
-1.358108751854322227e-01
-1.377518152207394819e-01
-1.377518152207394819e-01
-1.377518152207394819e-01
-1.377518152207394819e-01
-1.377518152207394819e-01
-1.377518152207394819e-01
-1.377518152207394819e-01
-1.377518152207394819e-01
-1.240769731139949594e-01
-1.377518152207394819e-01
-1.377518152207394819e-01
-1.377518152207394819e-01
-1.377518152207394819e-01
-1.377518152207394819e-01
-1.377518152207394819e-01
-1.342872158461156373e-01
-1.362278084505315623e-01
-1.342872158461156373e-01
-1.342872158461156373e-01
-1.342872158461156373e-01
-1.342872158461156373e-01
-1.342872158461156373e-01
-1.342872158461156373e-01
-1.342872158461156373e-01
-1.342872158461156373e-01
-1.321483331181278198e-01
-1.342872158461156373e-01
-1.342872158461156373e-01
-1.342872158461156373e-01
-1.342872158461156373e-01
-1.342872158461156373e-01
-1.321483331181278198e-01
-1.340937202688188279e-01
-1.340937202688188279e-01
-1.340937202688188279e-01
-1.340937202688188279e-01
-1.340937202688188279e-01
-1.340937202688188279e-01
-1.340937202688188279e-01
-1.340937202688188279e-01
-1.362278084505315623e-01
-1.340937202688188279e-01
-1.340937202688188279e-01
-1.340937202688188279e-01
-1.340937202688188279e-01
-1.340937202688188279e-01
-1.340937202688188279e-01
-1.195767110384228782e-01
-1.215350921043776011e-01
-1.195767110384228782e-01
-1.195767110384228782e-01
-1.195767110384228782e-01
-1.195767110384228782e-01
-1.195767110384228782e-01
-1.195767110384228782e-01
-1.195767110384228782e-01
-1.195767110384228782e-01
-1.174212417719738694e-01
-1.195767110384228782e-01
-1.195767110384228782e-01
-1.195767110384228782e-01
-1.195767110384228782e-01
-1.195767110384228782e-01
-1.174212417719738694e-01
-1.193844173842005252e-01
-1.193844173842005252e-01
-1.193844173842005252e-01
-1.193844173842005252e-01
-1.193844173842005252e-01
-1.193844173842005252e-01
-1.193844173842005252e-01
-1.193844173842005252e-01
-1.215350921043776011e-01
-1.193844173842005252e-01
-1.193844173842005252e-01
-1.193844173842005252e-01
-1.193844173842005252e-01
-1.193844173842005252e-01
-1.193844173842005252e-01
-1.189810139230400021e-01
-1.209482892197610293e-01
-1.189810139230400021e-01
-1.189810139230400021e-01
-1.189810139230400021e-01
-1.189810139230400021e-01
-1.189810139230400021e-01
-1.189810139230400021e-01
-1.189810139230400021e-01
-1.189810139230400021e-01
-1.248001720604358378e-01
-1.189810139230400021e-01
-1.189810139230400021e-01
-1.189810139230400021e-01
-1.189810139230400021e-01
-1.189810139230400021e-01
-1.248001720604358378e-01
-1.267544534418963142e-01
-1.267544534418963142e-01
-1.267544534418963142e-01
-1.267544534418963142e-01
-1.267544534418963142e-01
-1.267544534418963142e-01
-1.267544534418963142e-01
-1.267544534418963142e-01
-1.209482892197610293e-01
-1.267544534418963142e-01
-1.267544534418963142e-01
-1.267544534418963142e-01
-1.267544534418963142e-01
-1.267544534418963142e-01
-1.267544534418963142e-01
-1.336915187307345376e-01
-1.221526642197641316e-01
-1.336915187307345376e-01
-1.336915187307345376e-01
-1.336915187307345376e-01
-1.336915187307345376e-01
-1.336915187307345376e-01
-1.336915187307345376e-01
-1.336915187307345376e-01
-1.336915187307345376e-01
-1.236561335988962118e-01
-1.336915187307345376e-01
-1.336915187307345376e-01
-1.336915187307345376e-01
-1.336915187307345376e-01
-1.336915187307345376e-01
-1.236561335988962118e-01
-1.119836120957381775e-01
-1.119836120957381775e-01
-1.119836120957381775e-01
-1.119836120957381775e-01
-1.119836120957381775e-01
-1.119836120957381775e-01
-1.119836120957381775e-01
-1.119836120957381775e-01
-1.221526642197641316e-01
-1.119836120957381775e-01
-1.119836120957381775e-01
-1.119836120957381775e-01
-1.119836120957381775e-01
-1.119836120957381775e-01
-1.119836120957381775e-01
-1.219688264230394670e-01
-1.222355758784175045e-01
-1.219688264230394670e-01
-1.219688264230394670e-01
-1.219688264230394670e-01
-1.219688264230394670e-01
-1.219688264230394670e-01
-1.219688264230394670e-01
-1.219688264230394670e-01
-1.219688264230394670e-01
-1.257705296325475619e-01
-1.219688264230394670e-01
-1.219688264230394670e-01
-1.219688264230394670e-01
-1.219688264230394670e-01
-1.219688264230394670e-01
-1.257705296325475619e-01
-1.260361241149711153e-01
-1.260361241149711153e-01
-1.260361241149711153e-01
-1.260361241149711153e-01
-1.260361241149711153e-01
-1.260361241149711153e-01
-1.260361241149711153e-01
-1.260361241149711153e-01
-1.222355758784175045e-01
-1.260361241149711153e-01
-1.260361241149711153e-01
-1.260361241149711153e-01
-1.260361241149711153e-01
-1.260361241149711153e-01
-1.260361241149711153e-01
-1.231140668076569356e-01
-1.233784124168825630e-01
-1.231140668076569356e-01
-1.231140668076569356e-01
-1.231140668076569356e-01
-1.231140668076569356e-01
-1.231140668076569356e-01
-1.231140668076569356e-01
-1.231140668076569356e-01
-1.231140668076569356e-01
-1.269453373248553840e-01
-1.231140668076569356e-01
-1.231140668076569356e-01
-1.231140668076569356e-01
-1.231140668076569356e-01
-1.231140668076569356e-01
-1.269453373248553840e-01
-1.272085279611233910e-01
-1.272085279611233910e-01
-1.272085279611233910e-01
-1.272085279611233910e-01
-1.272085279611233910e-01
-1.272085279611233910e-01
-1.272085279611233910e-01
-1.272085279611233910e-01
-1.233784124168825630e-01
-1.272085279611233910e-01
-1.272085279611233910e-01
-1.272085279611233910e-01
-1.272085279611233910e-01
-1.272085279611233910e-01
-1.272085279611233910e-01
-1.237328408461162710e-01
-1.307324628976495873e-01
-1.237328408461162710e-01
-1.237328408461162710e-01
-1.237328408461162710e-01
-1.237328408461162710e-01
-1.237328408461162710e-01
-1.237328408461162710e-01
-1.237328408461162710e-01
-1.237328408461162710e-01
-1.115693036710111163e-01
-1.237328408461162710e-01
-1.237328408461162710e-01
-1.237328408461162710e-01
-1.237328408461162710e-01
-1.237328408461162710e-01
-1.115693036710111163e-01
-1.186660880572786153e-01
-1.186660880572786153e-01
-1.186660880572786153e-01
-1.186660880572786153e-01
-1.186660880572786153e-01
-1.186660880572786153e-01
-1.186660880572786153e-01
-1.186660880572786153e-01
-1.307324628976495873e-01
-1.186660880572786153e-01
-1.186660880572786153e-01
-1.186660880572786153e-01
-1.186660880572786153e-01
-1.186660880572786153e-01
-1.186660880572786153e-01
-1.225260619999608835e-01
-1.159935927053375032e-01
-1.225260619999608835e-01
-1.225260619999608835e-01
-1.225260619999608835e-01
-1.225260619999608835e-01
-1.225260619999608835e-01
-1.225260619999608835e-01
-1.225260619999608835e-01
-1.225260619999608835e-01
-1.263425488633181104e-01
-1.225260619999608835e-01
-1.225260619999608835e-01
-1.225260619999608835e-01
-1.225260619999608835e-01
-1.225260619999608835e-01
-1.263425488633181104e-01
-1.198384919034325286e-01
-1.198384919034325286e-01
-1.198384919034325286e-01
-1.198384919034325286e-01
-1.198384919034325286e-01
-1.198384919034325286e-01
-1.198384919034325286e-01
-1.198384919034325286e-01
-1.159935927053375032e-01
-1.198384919034325286e-01
-1.198384919034325286e-01
-1.198384919034325286e-01
-1.198384919034325286e-01
-1.198384919034325286e-01
-1.198384919034325286e-01
-1.301714706538079080e-01
-1.236833523207275659e-01
-1.301714706538079080e-01
-1.301714706538079080e-01
-1.301714706538079080e-01
-1.301714706538079080e-01
-1.301714706538079080e-01
-1.301714706538079080e-01
-1.301714706538079080e-01
-1.301714706538079080e-01
-1.300166293921641014e-01
-1.301714706538079080e-01
-1.301714706538079080e-01
-1.301714706538079080e-01
-1.301714706538079080e-01
-1.301714706538079080e-01
-1.300166293921641014e-01
-1.235273560861261527e-01
-1.235273560861261527e-01
-1.235273560861261527e-01
-1.235273560861261527e-01
-1.235273560861261527e-01
-1.235273560861261527e-01
-1.235273560861261527e-01
-1.235273560861261527e-01
-1.236833523207275659e-01
-1.235273560861261527e-01
-1.235273560861261527e-01
-1.235273560861261527e-01
-1.235273560861261527e-01
-1.235273560861261527e-01
-1.235273560861261527e-01
-1.154301966153468278e-01
-1.225097465514958101e-01
-1.154301966153468278e-01
-1.154301966153468278e-01
-1.154301966153468278e-01
-1.154301966153468278e-01
-1.154301966153468278e-01
-1.154301966153468278e-01
-1.154301966153468278e-01
-1.154301966153468278e-01
-1.152741534306269550e-01
-1.154301966153468278e-01
-1.154301966153468278e-01
-1.154301966153468278e-01
-1.154301966153468278e-01
-1.154301966153468278e-01
-1.152741534306269550e-01
-1.223549522399707407e-01
-1.223549522399707407e-01
-1.223549522399707407e-01
-1.223549522399707407e-01
-1.223549522399707407e-01
-1.223549522399707407e-01
-1.223549522399707407e-01
-1.223549522399707407e-01
-1.225097465514958101e-01
-1.223549522399707407e-01
-1.223549522399707407e-01
-1.223549522399707407e-01
-1.223549522399707407e-01
-1.223549522399707407e-01
-1.223549522399707407e-01
-1.228162182499614036e-01
-1.230811648207258829e-01
-1.228162182499614036e-01
-1.228162182499614036e-01
-1.228162182499614036e-01
-1.228162182499614036e-01
-1.228162182499614036e-01
-1.228162182499614036e-01
-1.228162182499614036e-01
-1.228162182499614036e-01
-1.306194178537062878e-01
-1.228162182499614036e-01
-1.228162182499614036e-01
-1.228162182499614036e-01
-1.228162182499614036e-01
-1.228162182499614036e-01
-1.306194178537062878e-01
-1.308820075284321538e-01
-1.308820075284321538e-01
-1.308820075284321538e-01
-1.308820075284321538e-01
-1.308820075284321538e-01
-1.308820075284321538e-01
-1.308820075284321538e-01
-1.308820075284321538e-01
-1.230811648207258829e-01
-1.308820075284321538e-01
-1.308820075284321538e-01
-1.308820075284321538e-01
-1.308820075284321538e-01
-1.308820075284321538e-01
-1.308820075284321538e-01
-1.374959538268860915e-01
-1.377584965514933590e-01
-1.374959538268860915e-01
-1.374959538268860915e-01
-1.374959538268860915e-01
-1.374959538268860915e-01
-1.374959538268860915e-01
-1.374959538268860915e-01
-1.374959538268860915e-01
-1.374959538268860915e-01
-1.294446101613935529e-01
-1.374959538268860915e-01
-1.374959538268860915e-01
-1.374959538268860915e-01
-1.374959538268860915e-01
-1.374959538268860915e-01
-1.294446101613935529e-01
-1.297096036822766307e-01
-1.297096036822766307e-01
-1.297096036822766307e-01
-1.297096036822766307e-01
-1.297096036822766307e-01
-1.297096036822766307e-01
-1.297096036822766307e-01
-1.297096036822766307e-01
-1.377584965514933590e-01
-1.297096036822766307e-01
-1.297096036822766307e-01
-1.297096036822766307e-01
-1.297096036822766307e-01
-1.297096036822766307e-01
-1.297096036822766307e-01
