-1.834203874373383503e-01
-1.834203874373383503e-01
-2.005469309233801067e-01
-1.834203874373383503e-01
-1.834203874373383503e-01
-1.834203874373383503e-01
-1.834203874373383503e-01
-1.876845472440683560e-01
-1.834203874373383503e-01
-1.834203874373383503e-01
-1.834203874373383503e-01
-1.834203874373383503e-01
-1.834203874373383503e-01
-1.834203874373383503e-01
-1.834203874373383503e-01
-1.834203874373383503e-01
-2.048110907301100847e-01
-1.876845472440683560e-01
-2.048110907301100847e-01
-2.048110907301100847e-01
-2.048110907301100847e-01
-2.048110907301100847e-01
-2.005469309233801067e-01
-2.048110907301100847e-01
-2.048110907301100847e-01
-2.048110907301100847e-01
-2.048110907301100847e-01
-2.048110907301100847e-01
-2.048110907301100847e-01
-2.048110907301100847e-01
-2.048110907301100847e-01
-2.048110907301100847e-01
-1.834203874373383503e-01
-1.834203874373383503e-01
-1.647559502505101248e-01
-1.834203874373383503e-01
-1.834203874373383503e-01
-1.834203874373383503e-01
-1.834203874373383503e-01
-1.876845472440683560e-01
-1.834203874373383503e-01
-1.834203874373383503e-01
-1.834203874373383503e-01
-1.834203874373383503e-01
-1.834203874373383503e-01
-1.834203874373383503e-01
-1.834203874373383503e-01
-1.834203874373383503e-01
-1.690201100572400195e-01
-1.876845472440683560e-01
-1.690201100572400195e-01
-1.690201100572400195e-01
-1.690201100572400195e-01
-1.690201100572400195e-01
-1.647559502505101248e-01
-1.690201100572400195e-01
-1.690201100572400195e-01
-1.690201100572400195e-01
-1.690201100572400195e-01
-1.690201100572400195e-01
-1.690201100572400195e-01
-1.690201100572400195e-01
-1.690201100572400195e-01
-1.690201100572400195e-01
-1.655248971009033176e-01
-1.655248971009033176e-01
-1.647559502505101248e-01
-1.655248971009033176e-01
-1.655248971009033176e-01
-1.655248971009033176e-01
-1.655248971009033176e-01
-1.518935665711944050e-01
-1.655248971009033176e-01
-1.655248971009033176e-01
-1.655248971009033176e-01
-1.655248971009033176e-01
-1.655248971009033176e-01
-1.655248971009033176e-01
-1.655248971009033176e-01
-1.655248971009033176e-01
-1.511246197208011011e-01
-1.518935665711944050e-01
-1.511246197208011011e-01
-1.511246197208011011e-01
-1.511246197208011011e-01
-1.511246197208011011e-01
-1.647559502505101248e-01
-1.511246197208011011e-01
-1.511246197208011011e-01
-1.511246197208011011e-01
-1.511246197208011011e-01
-1.511246197208011011e-01
-1.511246197208011011e-01
-1.511246197208011011e-01
-1.511246197208011011e-01
-1.511246197208011011e-01
-1.655248971009033176e-01
-1.655248971009033176e-01
-1.647559502505140105e-01
-1.655248971009033176e-01
-1.655248971009033176e-01
-1.655248971009033176e-01
-1.655248971009033176e-01
-1.876845472440644702e-01
-1.655248971009033176e-01
-1.655248971009033176e-01
-1.655248971009033176e-01
-1.655248971009033176e-01
-1.655248971009033176e-01
-1.655248971009033176e-01
-1.655248971009033176e-01
-1.655248971009033176e-01
-1.869156003936750521e-01
-1.876845472440644702e-01
-1.869156003936750521e-01
-1.869156003936750521e-01
-1.869156003936750521e-01
-1.869156003936750521e-01
-1.647559502505140105e-01
-1.869156003936750521e-01
-1.869156003936750521e-01
-1.869156003936750521e-01
-1.869156003936750521e-01
-1.869156003936750521e-01
-1.869156003936750521e-01
-1.869156003936750521e-01
-1.869156003936750521e-01
-1.869156003936750521e-01
-1.655248971009033176e-01
-1.655248971009033176e-01
-1.915991857551645750e-01
-1.655248971009033176e-01
-1.655248971009033176e-01
-1.655248971009033176e-01
-1.655248971009033176e-01
-1.697890569076333234e-01
-1.655248971009033176e-01
-1.655248971009033176e-01
-1.655248971009033176e-01
-1.655248971009033176e-01
-1.655248971009033176e-01
-1.655248971009033176e-01
-1.655248971009033176e-01
-1.655248971009033176e-01
-1.958633455618944696e-01
-1.697890569076333234e-01
-1.958633455618944696e-01
-1.958633455618944696e-01
-1.958633455618944696e-01
-1.958633455618944696e-01
-1.915991857551645750e-01
-1.958633455618944696e-01
-1.958633455618944696e-01
-1.958633455618944696e-01
-1.958633455618944696e-01
-1.958633455618944696e-01
-1.958633455618944696e-01
-1.958633455618944696e-01
-1.958633455618944696e-01
-1.958633455618944696e-01
-1.655248971009033176e-01
-1.655248971009033176e-01
-1.558082050822944820e-01
-1.655248971009033176e-01
-1.655248971009033176e-01
-1.655248971009033176e-01
-1.655248971009033176e-01
-1.697890569076333234e-01
-1.655248971009033176e-01
-1.655248971009033176e-01
-1.655248971009033176e-01
-1.655248971009033176e-01
-1.655248971009033176e-01
-1.655248971009033176e-01
-1.655248971009033176e-01
-1.655248971009033176e-01
-1.600723648890243767e-01
-1.697890569076333234e-01
-1.600723648890243767e-01
-1.600723648890243767e-01
-1.600723648890243767e-01
-1.600723648890243767e-01
-1.558082050822944820e-01
-1.600723648890243767e-01
-1.600723648890243767e-01
-1.600723648890243767e-01
-1.600723648890243767e-01
-1.600723648890243767e-01
-1.600723648890243767e-01
-1.600723648890243767e-01
-1.600723648890243767e-01
-1.600723648890243767e-01
-1.834203874373383503e-01
-1.834203874373383503e-01
-1.915991857551606892e-01
-1.834203874373383503e-01
-1.834203874373383503e-01
-1.834203874373383503e-01
-1.834203874373383503e-01
-1.518935665711982907e-01
-1.834203874373383503e-01
-1.834203874373383503e-01
-1.834203874373383503e-01
-1.834203874373383503e-01
-1.834203874373383503e-01
-1.834203874373383503e-01
-1.834203874373383503e-01
-1.834203874373383503e-01
-1.600723648890205186e-01
-1.518935665711982907e-01
-1.600723648890205186e-01
-1.600723648890205186e-01
-1.600723648890205186e-01
-1.600723648890205186e-01
-1.915991857551606892e-01
-1.600723648890205186e-01
-1.600723648890205186e-01
-1.600723648890205186e-01
-1.600723648890205186e-01
-1.600723648890205186e-01
-1.600723648890205186e-01
-1.600723648890205186e-01
-1.600723648890205186e-01
-1.600723648890205186e-01
-1.834203874373383503e-01
-1.834203874373383503e-01
-1.915991857551606892e-01
-1.834203874373383503e-01
-1.834203874373383503e-01
-1.834203874373383503e-01
-1.834203874373383503e-01
-1.876845472440683560e-01
-1.834203874373383503e-01
-1.834203874373383503e-01
-1.834203874373383503e-01
-1.834203874373383503e-01
-1.834203874373383503e-01
-1.834203874373383503e-01
-1.834203874373383503e-01
-1.834203874373383503e-01
-1.958633455618905839e-01
-1.876845472440683560e-01
-1.958633455618905839e-01
-1.958633455618905839e-01
-1.958633455618905839e-01
-1.958633455618905839e-01
-1.915991857551606892e-01
-1.958633455618905839e-01
-1.958633455618905839e-01
-1.958633455618905839e-01
-1.958633455618905839e-01
-1.958633455618905839e-01
-1.958633455618905839e-01
-1.958633455618905839e-01
-1.958633455618905839e-01
-1.958633455618905839e-01
-1.744726422691228185e-01
-1.744726422691228185e-01
-1.692298228346178490e-01
-1.744726422691228185e-01
-1.744726422691228185e-01
-1.744726422691228185e-01
-1.744726422691228185e-01
-1.608413117394176806e-01
-1.744726422691228185e-01
-1.744726422691228185e-01
-1.744726422691228185e-01
-1.744726422691228185e-01
-1.744726422691228185e-01
-1.744726422691228185e-01
-1.744726422691228185e-01
-1.744726422691228185e-01
-1.555984923049127944e-01
-1.608413117394176806e-01
-1.555984923049127944e-01
-1.555984923049127944e-01
-1.555984923049127944e-01
-1.555984923049127944e-01
-1.692298228346178490e-01
-1.555984923049127944e-01
-1.555984923049127944e-01
-1.555984923049127944e-01
-1.555984923049127944e-01
-1.555984923049127944e-01
-1.555984923049127944e-01
-1.555984923049127944e-01
-1.555984923049127944e-01
-1.555984923049127944e-01
-1.744726422691228185e-01
-1.744726422691228185e-01
-1.692298228346178490e-01
-1.744726422691228185e-01
-1.744726422691228185e-01
-1.744726422691228185e-01
-1.744726422691228185e-01
-1.966322924122877736e-01
-1.744726422691228185e-01
-1.744726422691228185e-01
-1.744726422691228185e-01
-1.744726422691228185e-01
-1.744726422691228185e-01
-1.744726422691228185e-01
-1.744726422691228185e-01
-1.744726422691228185e-01
-1.913894729777827763e-01
-1.966322924122877736e-01
-1.913894729777827763e-01
-1.913894729777827763e-01
-1.913894729777827763e-01
-1.913894729777827763e-01
-1.692298228346178490e-01
-1.913894729777827763e-01
-1.913894729777827763e-01
-1.913894729777827763e-01
-1.913894729777827763e-01
-1.913894729777827763e-01
-1.913894729777827763e-01
-1.913894729777827763e-01
-1.913894729777827763e-01
-1.913894729777827763e-01
-1.923681326055578789e-01
-1.923681326055578789e-01
-2.050208035074918000e-01
-1.923681326055578789e-01
-1.923681326055578789e-01
-1.923681326055578789e-01
-1.923681326055578789e-01
-1.787368020758488552e-01
-1.923681326055578789e-01
-1.923681326055578789e-01
-1.923681326055578789e-01
-1.923681326055578789e-01
-1.923681326055578789e-01
-1.923681326055578789e-01
-1.923681326055578789e-01
-1.923681326055578789e-01
-1.913894729777827763e-01
-1.787368020758488552e-01
-1.913894729777827763e-01
-1.913894729777827763e-01
-1.913894729777827763e-01
-1.913894729777827763e-01
-2.050208035074918000e-01
-1.913894729777827763e-01
-1.913894729777827763e-01
-1.913894729777827763e-01
-1.913894729777827763e-01
-1.913894729777827763e-01
-1.913894729777827763e-01
-1.913894729777827763e-01
-1.913894729777827763e-01
-1.913894729777827763e-01
-1.923681326055578789e-01
-1.923681326055578789e-01
-1.692298228346217071e-01
-1.923681326055578789e-01
-1.923681326055578789e-01
-1.923681326055578789e-01
-1.923681326055578789e-01
-1.787368020758488552e-01
-1.923681326055578789e-01
-1.923681326055578789e-01
-1.923681326055578789e-01
-1.923681326055578789e-01
-1.923681326055578789e-01
-1.923681326055578789e-01
-1.923681326055578789e-01
-1.923681326055578789e-01
-1.555984923049127944e-01
-1.787368020758488552e-01
-1.555984923049127944e-01
-1.555984923049127944e-01
-1.555984923049127944e-01
-1.555984923049127944e-01
-1.692298228346217071e-01
-1.555984923049127944e-01
-1.555984923049127944e-01
-1.555984923049127944e-01
-1.555984923049127944e-01
-1.555984923049127944e-01
-1.555984923049127944e-01
-1.555984923049127944e-01
-1.555984923049127944e-01
-1.555984923049127944e-01
-1.834203874373383503e-01
-1.834203874373383503e-01
-1.871253131710528816e-01
-1.834203874373383503e-01
-1.834203874373383503e-01
-1.834203874373383503e-01
-1.834203874373383503e-01
-1.697890569076333234e-01
-1.834203874373383503e-01
-1.834203874373383503e-01
-1.834203874373383503e-01
-1.834203874373383503e-01
-1.834203874373383503e-01
-1.834203874373383503e-01
-1.834203874373383503e-01
-1.834203874373383503e-01
-1.734939826413477437e-01
-1.697890569076333234e-01
-1.734939826413477437e-01
-1.734939826413477437e-01
-1.734939826413477437e-01
-1.734939826413477437e-01
-1.871253131710528816e-01
-1.734939826413477437e-01
-1.734939826413477437e-01
-1.734939826413477437e-01
-1.734939826413477437e-01
-1.734939826413477437e-01
-1.734939826413477437e-01
-1.734939826413477437e-01
-1.734939826413477437e-01
-1.734939826413477437e-01
-1.834203874373383503e-01
-1.834203874373383503e-01
-1.871253131710528816e-01
-1.834203874373383503e-01
-1.834203874373383503e-01
-1.834203874373383503e-01
-1.834203874373383503e-01
-2.055800375805032776e-01
-1.834203874373383503e-01
-1.834203874373383503e-01
-1.834203874373383503e-01
-1.834203874373383503e-01
-1.834203874373383503e-01
-1.834203874373383503e-01
-1.834203874373383503e-01
-1.834203874373383503e-01
-2.092849633142178090e-01
-2.055800375805032776e-01
-2.092849633142178090e-01
-2.092849633142178090e-01
-2.092849633142178090e-01
-2.092849633142178090e-01
-1.871253131710528816e-01
-2.092849633142178090e-01
-2.092849633142178090e-01
-2.092849633142178090e-01
-2.092849633142178090e-01
-2.092849633142178090e-01
-2.092849633142178090e-01
-2.092849633142178090e-01
-2.092849633142178090e-01
-2.092849633142178090e-01
-1.655248971009033176e-01
-1.655248971009033176e-01
-1.871253131710567397e-01
-1.655248971009033176e-01
-1.655248971009033176e-01
-1.655248971009033176e-01
-1.655248971009033176e-01
-1.697890569076294376e-01
-1.655248971009033176e-01
-1.655248971009033176e-01
-1.655248971009033176e-01
-1.655248971009033176e-01
-1.655248971009033176e-01
-1.655248971009033176e-01
-1.655248971009033176e-01
-1.655248971009033176e-01
-1.913894729777827763e-01
-1.697890569076294376e-01
-1.913894729777827763e-01
-1.913894729777827763e-01
-1.913894729777827763e-01
-1.913894729777827763e-01
-1.871253131710567397e-01
-1.913894729777827763e-01
-1.913894729777827763e-01
-1.913894729777827763e-01
-1.913894729777827763e-01
-1.913894729777827763e-01
-1.913894729777827763e-01
-1.913894729777827763e-01
-1.913894729777827763e-01
-1.913894729777827763e-01
-1.655248971009033176e-01
-1.655248971009033176e-01
-1.513343324981828164e-01
-1.655248971009033176e-01
-1.655248971009033176e-01
-1.655248971009033176e-01
-1.655248971009033176e-01
-1.697890569076294376e-01
-1.655248971009033176e-01
-1.655248971009033176e-01
-1.655248971009033176e-01
-1.655248971009033176e-01
-1.655248971009033176e-01
-1.655248971009033176e-01
-1.655248971009033176e-01
-1.655248971009033176e-01
-1.555984923049089086e-01
-1.697890569076294376e-01
-1.555984923049089086e-01
-1.555984923049089086e-01
-1.555984923049089086e-01
-1.555984923049089086e-01
-1.513343324981828164e-01
-1.555984923049089086e-01
-1.555984923049089086e-01
-1.555984923049089086e-01
-1.555984923049089086e-01
-1.555984923049089086e-01
-1.555984923049089086e-01
-1.555984923049089086e-01
-1.555984923049089086e-01
-1.555984923049089086e-01
