-6.718603561386642109e-02
-6.718603561386642109e-02
-6.718603561386642109e-02
-6.718603561386642109e-02
-6.718603561386642109e-02
-6.718603561386642109e-02
-6.718603561386642109e-02
-6.718603561386642109e-02
-6.271965791939479451e-02
-6.718603561386642109e-02
-6.718603561386642109e-02
-5.541603209934000546e-02
-6.718603561386642109e-02
-6.718603561386642109e-02
-6.718603561386642109e-02
-6.718603561386642109e-02
-5.094965440486817765e-02
-5.094965440486817765e-02
-5.094965440486817765e-02
-5.094965440486817765e-02
-5.094965440486817765e-02
-5.094965440486817765e-02
-5.094965440486817765e-02
-5.541603209934000546e-02
-5.094965440486817765e-02
-5.094965440486817765e-02
-6.271965791939479451e-02
-5.094965440486817765e-02
-5.094965440486817765e-02
-5.094965440486817765e-02
-5.094965440486817765e-02
-5.094965440486817765e-02
-6.718603561386235490e-02
-6.718603561386235490e-02
-6.718603561386235490e-02
-6.718603561386235490e-02
-6.718603561386235490e-02
-6.718603561386235490e-02
-6.718603561386235490e-02
-6.718603561386235490e-02
-6.271965791939479451e-02
-6.718603561386235490e-02
-6.718603561386235490e-02
-7.416017455481831167e-02
-6.718603561386235490e-02
-6.718603561386235490e-02
-6.718603561386235490e-02
-6.718603561386235490e-02
-6.969379686035065413e-02
-6.969379686035065413e-02
-6.969379686035065413e-02
-6.969379686035065413e-02
-6.969379686035065413e-02
-6.969379686035065413e-02
-6.969379686035065413e-02
-7.416017455481831167e-02
-6.969379686035065413e-02
-6.969379686035065413e-02
-6.271965791939479451e-02
-6.969379686035065413e-02
-6.969379686035065413e-02
-6.969379686035065413e-02
-6.969379686035065413e-02
-6.969379686035065413e-02
-5.781396438612320526e-02
-5.781396438612320526e-02
-5.781396438612320526e-02
-5.781396438612320526e-02
-5.781396438612320526e-02
-5.781396438612320526e-02
-5.781396438612320526e-02
-5.781396438612320526e-02
-5.334758669165137746e-02
-5.781396438612320526e-02
-5.781396438612320526e-02
-7.416017455481831167e-02
-5.781396438612320526e-02
-5.781396438612320526e-02
-5.781396438612320526e-02
-5.781396438612320526e-02
-6.969379686034658794e-02
-6.969379686034658794e-02
-6.969379686034658794e-02
-6.969379686034658794e-02
-6.969379686034658794e-02
-6.969379686034658794e-02
-6.969379686034658794e-02
-7.416017455481831167e-02
-6.969379686034658794e-02
-6.969379686034658794e-02
-5.334758669165137746e-02
-6.969379686034658794e-02
-6.969379686034658794e-02
-6.969379686034658794e-02
-6.969379686034658794e-02
-6.969379686034658794e-02
-5.781396438612320526e-02
-5.781396438612320526e-02
-5.781396438612320526e-02
-5.781396438612320526e-02
-5.781396438612320526e-02
-5.781396438612320526e-02
-5.781396438612320526e-02
-5.781396438612320526e-02
-7.209172914713395108e-02
-5.781396438612320526e-02
-5.781396438612320526e-02
-5.541603209934000546e-02
-5.781396438612320526e-02
-5.781396438612320526e-02
-5.781396438612320526e-02
-5.781396438612320526e-02
-6.969379686035065413e-02
-6.969379686035065413e-02
-6.969379686035065413e-02
-6.969379686035065413e-02
-6.969379686035065413e-02
-6.969379686035065413e-02
-6.969379686035065413e-02
-5.541603209934000546e-02
-6.969379686035065413e-02
-6.969379686035065413e-02
-7.209172914713395108e-02
-6.969379686035065413e-02
-6.969379686035065413e-02
-6.969379686035065413e-02
-6.969379686035065413e-02
-6.969379686035065413e-02
-5.781396438612320526e-02
-5.781396438612320526e-02
-5.781396438612320526e-02
-5.781396438612320526e-02
-5.781396438612320526e-02
-5.781396438612320526e-02
-5.781396438612320526e-02
-5.781396438612320526e-02
-5.334758669165137746e-02
-5.781396438612320526e-02
-5.781396438612320526e-02
-6.947413894094879583e-02
-5.781396438612320526e-02
-5.781396438612320526e-02
-5.781396438612320526e-02
-5.781396438612320526e-02
-6.500776124647696108e-02
-6.500776124647696108e-02
-6.500776124647696108e-02
-6.500776124647696108e-02
-6.500776124647696108e-02
-6.500776124647696108e-02
-6.500776124647696108e-02
-6.947413894094879583e-02
-6.500776124647696108e-02
-6.500776124647696108e-02
-5.334758669165137746e-02
-6.500776124647696108e-02
-6.500776124647696108e-02
-6.500776124647696108e-02
-6.500776124647696108e-02
-6.500776124647696108e-02
-5.781396438612320526e-02
-5.781396438612320526e-02
-5.781396438612320526e-02
-5.781396438612320526e-02
-5.781396438612320526e-02
-5.781396438612320526e-02
-5.781396438612320526e-02
-5.781396438612320526e-02
-7.209172914713395108e-02
-5.781396438612320526e-02
-5.781396438612320526e-02
-5.072999648547027451e-02
-5.781396438612320526e-02
-5.781396438612320526e-02
-5.781396438612320526e-02
-5.781396438612320526e-02
-6.500776124648102727e-02
-6.500776124648102727e-02
-6.500776124648102727e-02
-6.500776124648102727e-02
-6.500776124648102727e-02
-6.500776124648102727e-02
-6.500776124648102727e-02
-5.072999648547027451e-02
-6.500776124648102727e-02
-6.500776124648102727e-02
-7.209172914713395108e-02
-6.500776124648102727e-02
-6.500776124648102727e-02
-6.500776124648102727e-02
-6.500776124648102727e-02
-6.500776124648102727e-02
-6.718603561386642109e-02
-6.718603561386642109e-02
-6.718603561386642109e-02
-6.718603561386642109e-02
-6.718603561386642109e-02
-6.718603561386642109e-02
-6.718603561386642109e-02
-6.718603561386642109e-02
-6.271965791939479451e-02
-6.718603561386642109e-02
-6.718603561386642109e-02
-5.072999648547027451e-02
-6.718603561386642109e-02
-6.718603561386642109e-02
-6.718603561386642109e-02
-6.718603561386642109e-02
-4.626361879099865487e-02
-4.626361879099865487e-02
-4.626361879099865487e-02
-4.626361879099865487e-02
-4.626361879099865487e-02
-4.626361879099865487e-02
-4.626361879099865487e-02
-5.072999648547027451e-02
-4.626361879099865487e-02
-4.626361879099865487e-02
-6.271965791939479451e-02
-4.626361879099865487e-02
-4.626361879099865487e-02
-4.626361879099865487e-02
-4.626361879099865487e-02
-4.626361879099865487e-02
-6.718603561386235490e-02
-6.718603561386235490e-02
-6.718603561386235490e-02
-6.718603561386235490e-02
-6.718603561386235490e-02
-6.718603561386235490e-02
-6.718603561386235490e-02
-6.718603561386235490e-02
-6.271965791939479451e-02
-6.718603561386235490e-02
-6.718603561386235490e-02
-6.947413894094879583e-02
-6.718603561386235490e-02
-6.718603561386235490e-02
-6.718603561386235490e-02
-6.718603561386235490e-02
-6.500776124648102727e-02
-6.500776124648102727e-02
-6.500776124648102727e-02
-6.500776124648102727e-02
-6.500776124648102727e-02
-6.500776124648102727e-02
-6.500776124648102727e-02
-6.947413894094879583e-02
-6.500776124648102727e-02
-6.500776124648102727e-02
-6.271965791939479451e-02
-6.500776124648102727e-02
-6.500776124648102727e-02
-6.500776124648102727e-02
-6.500776124648102727e-02
-6.500776124648102727e-02
-6.249999999999272804e-02
-6.249999999999272804e-02
-6.249999999999272804e-02
-6.249999999999272804e-02
-6.249999999999272804e-02
-6.249999999999272804e-02
-6.249999999999272804e-02
-6.249999999999272804e-02
-5.334758669165137746e-02
-6.249999999999272804e-02
-6.249999999999272804e-02
-5.775904990627071106e-02
-6.249999999999272804e-02
-6.249999999999272804e-02
-6.249999999999272804e-02
-6.249999999999272804e-02
-4.860663659792936048e-02
-4.860663659792936048e-02
-4.860663659792936048e-02
-4.860663659792936048e-02
-4.860663659792936048e-02
-4.860663659792936048e-02
-4.860663659792936048e-02
-5.775904990627071106e-02
-4.860663659792936048e-02
-4.860663659792936048e-02
-5.334758669165137746e-02
-4.860663659792936048e-02
-4.860663659792936048e-02
-4.860663659792936048e-02
-4.860663659792936048e-02
-4.860663659792936048e-02
-6.249999999999272804e-02
-6.249999999999272804e-02
-6.249999999999272804e-02
-6.249999999999272804e-02
-6.249999999999272804e-02
-6.249999999999272804e-02
-6.249999999999272804e-02
-6.249999999999272804e-02
-7.209172914713395108e-02
-6.249999999999272804e-02
-6.249999999999272804e-02
-5.775904990627071106e-02
-6.249999999999272804e-02
-6.249999999999272804e-02
-6.249999999999272804e-02
-6.249999999999272804e-02
-6.735077905341183002e-02
-6.735077905341183002e-02
-6.735077905341183002e-02
-6.735077905341183002e-02
-6.735077905341183002e-02
-6.735077905341183002e-02
-6.735077905341183002e-02
-5.775904990627071106e-02
-6.735077905341183002e-02
-6.735077905341183002e-02
-7.209172914713395108e-02
-6.735077905341183002e-02
-6.735077905341183002e-02
-6.735077905341183002e-02
-6.735077905341183002e-02
-6.735077905341183002e-02
-6.249999999999689138e-02
-6.249999999999689138e-02
-6.249999999999689138e-02
-6.249999999999689138e-02
-6.249999999999689138e-02
-6.249999999999689138e-02
-6.249999999999689138e-02
-6.249999999999689138e-02
-6.271965791939479451e-02
-6.249999999999689138e-02
-6.249999999999689138e-02
-6.713112113401392689e-02
-6.249999999999689138e-02
-6.249999999999689138e-02
-6.249999999999689138e-02
-6.249999999999689138e-02
-6.735077905341183002e-02
-6.735077905341183002e-02
-6.735077905341183002e-02
-6.735077905341183002e-02
-6.735077905341183002e-02
-6.735077905341183002e-02
-6.735077905341183002e-02
-6.713112113401392689e-02
-6.735077905341183002e-02
-6.735077905341183002e-02
-6.271965791939479451e-02
-6.735077905341183002e-02
-6.735077905341183002e-02
-6.735077905341183002e-02
-6.735077905341183002e-02
-6.735077905341183002e-02
-6.249999999999272804e-02
-6.249999999999272804e-02
-6.249999999999272804e-02
-6.249999999999272804e-02
-6.249999999999272804e-02
-6.249999999999272804e-02
-6.249999999999272804e-02
-6.249999999999272804e-02
-6.271965791939479451e-02
-6.249999999999272804e-02
-6.249999999999272804e-02
-6.713112113401392689e-02
-6.249999999999272804e-02
-6.249999999999272804e-02
-6.249999999999272804e-02
-6.249999999999272804e-02
-6.735077905341588234e-02
-6.735077905341588234e-02
-6.735077905341588234e-02
-6.735077905341588234e-02
-6.735077905341588234e-02
-6.735077905341588234e-02
-6.735077905341588234e-02
-6.713112113401392689e-02
-6.735077905341588234e-02
-6.735077905341588234e-02
-6.271965791939479451e-02
-6.735077905341588234e-02
-6.735077905341588234e-02
-6.735077905341588234e-02
-6.735077905341588234e-02
-6.735077905341588234e-02
-6.249999999999272804e-02
-6.249999999999272804e-02
-6.249999999999272804e-02
-6.249999999999272804e-02
-6.249999999999272804e-02
-6.249999999999272804e-02
-6.249999999999272804e-02
-6.249999999999272804e-02
-6.271965791939063117e-02
-6.249999999999272804e-02
-6.249999999999272804e-02
-6.713112113401392689e-02
-6.249999999999272804e-02
-6.249999999999272804e-02
-6.249999999999272804e-02
-6.249999999999272804e-02
-6.735077905341183002e-02
-6.735077905341183002e-02
-6.735077905341183002e-02
-6.735077905341183002e-02
-6.735077905341183002e-02
-6.735077905341183002e-02
-6.735077905341183002e-02
-6.713112113401392689e-02
-6.735077905341183002e-02
-6.735077905341183002e-02
-6.271965791939063117e-02
-6.735077905341183002e-02
-6.735077905341183002e-02
-6.735077905341183002e-02
-6.735077905341183002e-02
-6.735077905341183002e-02
-6.249999999999272804e-02
-6.249999999999272804e-02
-6.249999999999272804e-02
-6.249999999999272804e-02
-6.249999999999272804e-02
-6.249999999999272804e-02
-6.249999999999272804e-02
-6.249999999999272804e-02
-6.271965791939479451e-02
-6.249999999999272804e-02
-6.249999999999272804e-02
-6.713112113401392689e-02
-6.249999999999272804e-02
-6.249999999999272804e-02
-6.249999999999272804e-02
-6.249999999999272804e-02
-6.735077905341588234e-02
-6.735077905341588234e-02
-6.735077905341588234e-02
-6.735077905341588234e-02
-6.735077905341588234e-02
-6.735077905341588234e-02
-6.735077905341588234e-02
-6.713112113401392689e-02
-6.735077905341588234e-02
-6.735077905341588234e-02
-6.271965791939479451e-02
-6.735077905341588234e-02
-6.735077905341588234e-02
-6.735077905341588234e-02
-6.735077905341588234e-02
-6.735077905341588234e-02
-6.249999999999272804e-02
-6.249999999999272804e-02
-6.249999999999272804e-02
-6.249999999999272804e-02
-6.249999999999272804e-02
-6.249999999999272804e-02
-6.249999999999272804e-02
-6.249999999999272804e-02
-5.334758669165137746e-02
-6.249999999999272804e-02
-6.249999999999272804e-02
-5.775904990627071106e-02
-6.249999999999272804e-02
-6.249999999999272804e-02
-6.249999999999272804e-02
-6.249999999999272804e-02
-4.860663659792936048e-02
-4.860663659792936048e-02
-4.860663659792936048e-02
-4.860663659792936048e-02
-4.860663659792936048e-02
-4.860663659792936048e-02
-4.860663659792936048e-02
-5.775904990627071106e-02
-4.860663659792936048e-02
-4.860663659792936048e-02
-5.334758669165137746e-02
-4.860663659792936048e-02
-4.860663659792936048e-02
-4.860663659792936048e-02
-4.860663659792936048e-02
-4.860663659792936048e-02
-6.249999999999272804e-02
-6.249999999999272804e-02
-6.249999999999272804e-02
-6.249999999999272804e-02
-6.249999999999272804e-02
-6.249999999999272804e-02
-6.249999999999272804e-02
-6.249999999999272804e-02
-7.209172914713395108e-02
-6.249999999999272804e-02
-6.249999999999272804e-02
-5.775904990627071106e-02
-6.249999999999272804e-02
-6.249999999999272804e-02
-6.249999999999272804e-02
-6.249999999999272804e-02
-6.735077905341183002e-02
-6.735077905341183002e-02
-6.735077905341183002e-02
-6.735077905341183002e-02
-6.735077905341183002e-02
-6.735077905341183002e-02
-6.735077905341183002e-02
-5.775904990627071106e-02
-6.735077905341183002e-02
-6.735077905341183002e-02
-7.209172914713395108e-02
-6.735077905341183002e-02
-6.735077905341183002e-02
-6.735077905341183002e-02
-6.735077905341183002e-02
-6.735077905341183002e-02
