-5.634042584348931959e-02
-5.634042584348931959e-02
-5.634042584348931959e-02
-5.634042584348931959e-02
-5.634042584348931959e-02
-5.634042584348931959e-02
-6.232610414714481045e-02
-5.634042584348931959e-02
-5.634042584348931959e-02
-5.634042584348931959e-02
-5.634042584348931959e-02
-5.634042584348931959e-02
-5.634042584348931959e-02
-5.634042584348931959e-02
-5.634042584348931959e-02
-5.634042584348931959e-02
-6.232610414714481045e-02
-6.232610414714481045e-02
-6.232610414714481045e-02
-6.232610414714481045e-02
-6.232610414714481045e-02
-5.634042584348931959e-02
-6.232610414714481045e-02
-6.232610414714481045e-02
-6.232610414714481045e-02
-6.232610414714481045e-02
-6.232610414714481045e-02
-6.232610414714481045e-02
-6.232610414714481045e-02
-6.232610414714481045e-02
-6.232610414714481045e-02
-6.232610414714481045e-02
-6.571249707123252848e-02
-6.571249707123252848e-02
-6.571249707123252848e-02
-6.571249707123252848e-02
-6.571249707123252848e-02
-6.571249707123252848e-02
-7.169817537488802628e-02
-6.571249707123252848e-02
-6.571249707123252848e-02
-6.571249707123252848e-02
-6.571249707123252848e-02
-6.571249707123252848e-02
-6.571249707123252848e-02
-6.571249707123252848e-02
-6.571249707123252848e-02
-6.571249707123252848e-02
-7.169817537488802628e-02
-7.169817537488802628e-02
-7.169817537488802628e-02
-7.169817537488802628e-02
-7.169817537488802628e-02
-6.571249707123252848e-02
-7.169817537488802628e-02
-7.169817537488802628e-02
-7.169817537488802628e-02
-7.169817537488802628e-02
-7.169817537488802628e-02
-7.169817537488802628e-02
-7.169817537488802628e-02
-7.169817537488802628e-02
-7.169817537488802628e-02
-7.169817537488802628e-02
-7.039853268510215534e-02
-7.039853268510215534e-02
-7.039853268510215534e-02
-7.039853268510215534e-02
-7.039853268510215534e-02
-7.039853268510215534e-02
-5.764006853327507951e-02
-7.039853268510215534e-02
-7.039853268510215534e-02
-7.039853268510215534e-02
-7.039853268510215534e-02
-7.039853268510215534e-02
-7.039853268510215534e-02
-7.039853268510215534e-02
-7.039853268510215534e-02
-7.039853268510215534e-02
-5.764006853327507951e-02
-5.764006853327507951e-02
-5.764006853327507951e-02
-5.764006853327507951e-02
-5.764006853327507951e-02
-7.039853268510215534e-02
-5.764006853327507951e-02
-5.764006853327507951e-02
-5.764006853327507951e-02
-5.764006853327507951e-02
-5.764006853327507951e-02
-5.764006853327507951e-02
-5.764006853327507951e-02
-5.764006853327507951e-02
-5.764006853327507951e-02
-5.764006853327507951e-02
-6.102646145736300570e-02
-6.102646145736300570e-02
-6.102646145736300570e-02
-6.102646145736300570e-02
-6.102646145736300570e-02
-6.102646145736300570e-02
-6.701213976101839942e-02
-6.102646145736300570e-02
-6.102646145736300570e-02
-6.102646145736300570e-02
-6.102646145736300570e-02
-6.102646145736300570e-02
-6.102646145736300570e-02
-6.102646145736300570e-02
-6.102646145736300570e-02
-6.102646145736300570e-02
-6.701213976101839942e-02
-6.701213976101839942e-02
-6.701213976101839942e-02
-6.701213976101839942e-02
-6.701213976101839942e-02
-6.102646145736300570e-02
-6.701213976101839942e-02
-6.701213976101839942e-02
-6.701213976101839942e-02
-6.701213976101839942e-02
-6.701213976101839942e-02
-6.701213976101839942e-02
-6.701213976101839942e-02
-6.701213976101839942e-02
-6.701213976101839942e-02
-6.701213976101839942e-02
-5.399740803655445065e-02
-5.399740803655445065e-02
-5.399740803655445065e-02
-5.399740803655445065e-02
-5.399740803655445065e-02
-5.399740803655445065e-02
-5.998308634020994151e-02
-5.399740803655445065e-02
-5.399740803655445065e-02
-5.399740803655445065e-02
-5.399740803655445065e-02
-5.399740803655445065e-02
-5.399740803655445065e-02
-5.399740803655445065e-02
-5.399740803655445065e-02
-5.399740803655445065e-02
-5.998308634020994151e-02
-5.998308634020994151e-02
-5.998308634020994151e-02
-5.998308634020994151e-02
-5.998308634020994151e-02
-5.399740803655445065e-02
-5.998308634020994151e-02
-5.998308634020994151e-02
-5.998308634020994151e-02
-5.998308634020994151e-02
-5.998308634020994151e-02
-5.998308634020994151e-02
-5.998308634020994151e-02
-5.998308634020994151e-02
-5.998308634020994151e-02
-5.998308634020994151e-02
-6.336947926429777056e-02
-6.336947926429777056e-02
-6.336947926429777056e-02
-6.336947926429777056e-02
-6.336947926429777056e-02
-6.336947926429777056e-02
-6.935515756795325448e-02
-6.336947926429777056e-02
-6.336947926429777056e-02
-6.336947926429777056e-02
-6.336947926429777056e-02
-6.336947926429777056e-02
-6.336947926429777056e-02
-6.336947926429777056e-02
-6.336947926429777056e-02
-6.336947926429777056e-02
-6.935515756795325448e-02
-6.935515756795325448e-02
-6.935515756795325448e-02
-6.935515756795325448e-02
-6.935515756795325448e-02
-6.336947926429777056e-02
-6.935515756795325448e-02
-6.935515756795325448e-02
-6.935515756795325448e-02
-6.935515756795325448e-02
-6.935515756795325448e-02
-6.935515756795325448e-02
-6.935515756795325448e-02
-6.935515756795325448e-02
-6.935515756795325448e-02
-6.935515756795325448e-02
-6.805551487816739742e-02
-6.805551487816739742e-02
-6.805551487816739742e-02
-6.805551487816739742e-02
-6.805551487816739742e-02
-6.805551487816739742e-02
-5.529705072634041874e-02
-6.805551487816739742e-02
-6.805551487816739742e-02
-6.805551487816739742e-02
-6.805551487816739742e-02
-6.805551487816739742e-02
-6.805551487816739742e-02
-6.805551487816739742e-02
-6.805551487816739742e-02
-6.805551487816739742e-02
-5.529705072634041874e-02
-5.529705072634041874e-02
-5.529705072634041874e-02
-5.529705072634041874e-02
-5.529705072634041874e-02
-6.805551487816739742e-02
-5.529705072634041874e-02
-5.529705072634041874e-02
-5.529705072634041874e-02
-5.529705072634041874e-02
-5.529705072634041874e-02
-5.529705072634041874e-02
-5.529705072634041874e-02
-5.529705072634041874e-02
-5.529705072634041874e-02
-5.529705072634041874e-02
-5.868344365042814370e-02
-5.868344365042814370e-02
-5.868344365042814370e-02
-5.868344365042814370e-02
-5.868344365042814370e-02
-5.868344365042814370e-02
-6.466912195407957531e-02
-5.868344365042814370e-02
-5.868344365042814370e-02
-5.868344365042814370e-02
-5.868344365042814370e-02
-5.868344365042814370e-02
-5.868344365042814370e-02
-5.868344365042814370e-02
-5.868344365042814370e-02
-5.868344365042814370e-02
-6.466912195407957531e-02
-6.466912195407957531e-02
-6.466912195407957531e-02
-6.466912195407957531e-02
-6.466912195407957531e-02
-5.868344365042814370e-02
-6.466912195407957531e-02
-6.466912195407957531e-02
-6.466912195407957531e-02
-6.466912195407957531e-02
-6.466912195407957531e-02
-6.466912195407957531e-02
-6.466912195407957531e-02
-6.466912195407957531e-02
-6.466912195407957531e-02
-6.466912195407957531e-02
-6.219797036083044017e-02
-6.219797036083044017e-02
-6.219797036083044017e-02
-6.219797036083044017e-02
-6.219797036083044017e-02
-6.219797036083044017e-02
-5.881157743674251398e-02
-6.219797036083044017e-02
-6.219797036083044017e-02
-6.219797036083044017e-02
-6.219797036083044017e-02
-6.219797036083044017e-02
-6.219797036083044017e-02
-6.219797036083044017e-02
-6.219797036083044017e-02
-6.219797036083044017e-02
-5.881157743674251398e-02
-5.881157743674251398e-02
-5.881157743674251398e-02
-5.881157743674251398e-02
-5.881157743674251398e-02
-6.219797036083044017e-02
-5.881157743674251398e-02
-5.881157743674251398e-02
-5.881157743674251398e-02
-5.881157743674251398e-02
-5.881157743674251398e-02
-5.881157743674251398e-02
-5.881157743674251398e-02
-5.881157743674251398e-02
-5.881157743674251398e-02
-5.881157743674251398e-02
-7.157004158856959675e-02
-7.157004158856959675e-02
-7.157004158856959675e-02
-7.157004158856959675e-02
-7.157004158856959675e-02
-7.157004158856959675e-02
-6.818364866448582695e-02
-7.157004158856959675e-02
-7.157004158856959675e-02
-7.157004158856959675e-02
-7.157004158856959675e-02
-7.157004158856959675e-02
-7.157004158856959675e-02
-7.157004158856959675e-02
-7.157004158856959675e-02
-7.157004158856959675e-02
-6.818364866448582695e-02
-6.818364866448582695e-02
-6.818364866448582695e-02
-6.818364866448582695e-02
-6.818364866448582695e-02
-7.157004158856959675e-02
-6.818364866448582695e-02
-6.818364866448582695e-02
-6.818364866448582695e-02
-6.818364866448582695e-02
-6.818364866448582695e-02
-6.818364866448582695e-02
-6.818364866448582695e-02
-6.818364866448582695e-02
-6.818364866448582695e-02
-6.818364866448582695e-02
-6.688400597469996989e-02
-6.688400597469996989e-02
-6.688400597469996989e-02
-6.688400597469996989e-02
-6.688400597469996989e-02
-6.688400597469996989e-02
-5.412554182287298427e-02
-6.688400597469996989e-02
-6.688400597469996989e-02
-6.688400597469996989e-02
-6.688400597469996989e-02
-6.688400597469996989e-02
-6.688400597469996989e-02
-6.688400597469996989e-02
-6.688400597469996989e-02
-6.688400597469996989e-02
-5.412554182287298427e-02
-5.412554182287298427e-02
-5.412554182287298427e-02
-5.412554182287298427e-02
-5.412554182287298427e-02
-6.688400597469996989e-02
-5.412554182287298427e-02
-5.412554182287298427e-02
-5.412554182287298427e-02
-5.412554182287298427e-02
-5.412554182287298427e-02
-5.412554182287298427e-02
-5.412554182287298427e-02
-5.412554182287298427e-02
-5.412554182287298427e-02
-5.412554182287298427e-02
-5.751193474695675406e-02
-5.751193474695675406e-02
-5.751193474695675406e-02
-5.751193474695675406e-02
-5.751193474695675406e-02
-5.751193474695675406e-02
-6.349761305061213390e-02
-5.751193474695675406e-02
-5.751193474695675406e-02
-5.751193474695675406e-02
-5.751193474695675406e-02
-5.751193474695675406e-02
-5.751193474695675406e-02
-5.751193474695675406e-02
-5.751193474695675406e-02
-5.751193474695675406e-02
-6.349761305061213390e-02
-6.349761305061213390e-02
-6.349761305061213390e-02
-6.349761305061213390e-02
-6.349761305061213390e-02
-5.751193474695675406e-02
-6.349761305061213390e-02
-6.349761305061213390e-02
-6.349761305061213390e-02
-6.349761305061213390e-02
-6.349761305061213390e-02
-6.349761305061213390e-02
-6.349761305061213390e-02
-6.349761305061213390e-02
-6.349761305061213390e-02
-6.349761305061213390e-02
-5.985495255389557123e-02
-5.985495255389557123e-02
-5.985495255389557123e-02
-5.985495255389557123e-02
-5.985495255389557123e-02
-5.985495255389557123e-02
-6.115459524367737598e-02
-5.985495255389557123e-02
-5.985495255389557123e-02
-5.985495255389557123e-02
-5.985495255389557123e-02
-5.985495255389557123e-02
-5.985495255389557123e-02
-5.985495255389557123e-02
-5.985495255389557123e-02
-5.985495255389557123e-02
-6.115459524367737598e-02
-6.115459524367737598e-02
-6.115459524367737598e-02
-6.115459524367737598e-02
-6.115459524367737598e-02
-5.985495255389557123e-02
-6.115459524367737598e-02
-6.115459524367737598e-02
-6.115459524367737598e-02
-6.115459524367737598e-02
-6.115459524367737598e-02
-6.115459524367737598e-02
-6.115459524367737598e-02
-6.115459524367737598e-02
-6.115459524367737598e-02
-6.115459524367737598e-02
-6.922702378163483883e-02
-6.922702378163483883e-02
-6.922702378163483883e-02
-6.922702378163483883e-02
-6.922702378163483883e-02
-6.922702378163483883e-02
-7.052666647142069589e-02
-6.922702378163483883e-02
-6.922702378163483883e-02
-6.922702378163483883e-02
-6.922702378163483883e-02
-6.922702378163483883e-02
-6.922702378163483883e-02
-6.922702378163483883e-02
-6.922702378163483883e-02
-6.922702378163483883e-02
-7.052666647142069589e-02
-7.052666647142069589e-02
-7.052666647142069589e-02
-7.052666647142069589e-02
-7.052666647142069589e-02
-6.922702378163483883e-02
-7.052666647142069589e-02
-7.052666647142069589e-02
-7.052666647142069589e-02
-7.052666647142069589e-02
-7.052666647142069589e-02
-7.052666647142069589e-02
-7.052666647142069589e-02
-7.052666647142069589e-02
-7.052666647142069589e-02
-7.052666647142069589e-02
-6.454098816776519809e-02
-6.454098816776519809e-02
-6.454098816776519809e-02
-6.454098816776519809e-02
-6.454098816776519809e-02
-6.454098816776519809e-02
-5.646855962980785321e-02
-6.454098816776519809e-02
-6.454098816776519809e-02
-6.454098816776519809e-02
-6.454098816776519809e-02
-6.454098816776519809e-02
-6.454098816776519809e-02
-6.454098816776519809e-02
-6.454098816776519809e-02
-6.454098816776519809e-02
-5.646855962980785321e-02
-5.646855962980785321e-02
-5.646855962980785321e-02
-5.646855962980785321e-02
-5.646855962980785321e-02
-6.454098816776519809e-02
-5.646855962980785321e-02
-5.646855962980785321e-02
-5.646855962980785321e-02
-5.646855962980785321e-02
-5.646855962980785321e-02
-5.646855962980785321e-02
-5.646855962980785321e-02
-5.646855962980785321e-02
-5.646855962980785321e-02
-5.646855962980785321e-02
-5.516891694002188512e-02
-5.516891694002188512e-02
-5.516891694002188512e-02
-5.516891694002188512e-02
-5.516891694002188512e-02
-5.516891694002188512e-02
-6.584063085754700284e-02
-5.516891694002188512e-02
-5.516891694002188512e-02
-5.516891694002188512e-02
-5.516891694002188512e-02
-5.516891694002188512e-02
-5.516891694002188512e-02
-5.516891694002188512e-02
-5.516891694002188512e-02
-5.516891694002188512e-02
-6.584063085754700284e-02
-6.584063085754700284e-02
-6.584063085754700284e-02
-6.584063085754700284e-02
-6.584063085754700284e-02
-5.516891694002188512e-02
-6.584063085754700284e-02
-6.584063085754700284e-02
-6.584063085754700284e-02
-6.584063085754700284e-02
-6.584063085754700284e-02
-6.584063085754700284e-02
-6.584063085754700284e-02
-6.584063085754700284e-02
-6.584063085754700284e-02
-6.584063085754700284e-02
