-1.250699698203592766e-02
-1.250699698203592766e-02
-1.250699698203592766e-02
-7.538185755493032048e-03
-1.250699698203592766e-02
-1.250699698203592766e-02
-1.250699698203592766e-02
-1.250699698203592766e-02
-1.250699698203592766e-02
-1.250699698203592766e-02
-1.250699698203592766e-02
-1.250699698203592766e-02
-1.250699698203592766e-02
-1.413130024225071543e-02
-1.250699698203592766e-02
-1.427325409771831692e-02
-1.093401393487825925e-02
-1.093401393487825925e-02
-1.589465208449630448e-02
-1.093401393487825925e-02
-1.093401393487825925e-02
-1.093401393487825925e-02
-1.093401393487825925e-02
-1.093401393487825925e-02
-1.093401393487825925e-02
-1.093401393487825925e-02
-1.093401393487825925e-02
-1.093401393487825925e-02
-9.304442871175421306e-03
-1.093401393487825925e-02
-9.170662092632671930e-03
-1.093401393487825925e-02
-6.391972943569830881e-03
-6.391972943569830881e-03
-6.391972943569830881e-03
-1.392392486262012318e-03
-6.391972943569830881e-03
-6.391972943569830881e-03
-6.391972943569830881e-03
-6.391972943569830881e-03
-6.391972943569830881e-03
-6.391972943569830881e-03
-6.391972943569830881e-03
-6.391972943569830881e-03
-6.391972943569830881e-03
-8.016276203784755694e-03
-6.391972943569830881e-03
-8.169167559254940716e-03
-4.799158165649823268e-03
-4.799158165649823268e-03
-9.790565546032926544e-03
-4.799158165649823268e-03
-4.799158165649823268e-03
-4.799158165649823268e-03
-4.799158165649823268e-03
-4.799158165649823268e-03
-4.799158165649823268e-03
-4.799158165649823268e-03
-4.799158165649823268e-03
-4.799158165649823268e-03
-3.169587101946984460e-03
-4.799158165649823268e-03
-3.024868823401651551e-03
-4.799158165649823268e-03
4.249197443353016322e-03
4.249197443353016322e-03
4.249197443353016322e-03
-7.042291678048903268e-04
4.249197443353016322e-03
4.249197443353016322e-03
4.249197443353016322e-03
4.249197443353016322e-03
4.249197443353016322e-03
4.249197443353016322e-03
4.249197443353016322e-03
4.249197443353016322e-03
4.249197443353016322e-03
1.506840379852046261e-02
4.249197443353016322e-03
2.488409077667068543e-03
8.281853710502837598e-03
8.281853710502837598e-03
1.328864570627257165e-02
8.281853710502837598e-03
8.281853710502837598e-03
8.281853710502837598e-03
8.281853710502837598e-03
8.281853710502837598e-03
8.281853710502837598e-03
8.281853710502837598e-03
8.281853710502837598e-03
8.281853710502837598e-03
-2.465017533490837780e-03
8.281853710502837598e-03
1.006161180275072856e-02
8.281853710502837598e-03
-9.449484962806091112e-03
-9.449484962806091112e-03
-9.449484962806091112e-03
-1.443368080472741746e-02
-9.449484962806091112e-03
-9.449484962806091112e-03
-9.449484962806091112e-03
-9.449484962806091112e-03
-9.449484962806091112e-03
-9.449484962806091112e-03
-9.449484962806091112e-03
-9.449484962806091112e-03
-9.449484962806091112e-03
-1.107378822302101593e-02
-9.449484962806091112e-03
-1.122121082848820048e-02
-1.781863158026443864e-02
-1.781863158026443864e-02
-1.284260881526632335e-02
-1.781863158026443864e-02
-1.781863158026443864e-02
-1.781863158026443864e-02
-1.781863158026443864e-02
-1.781863158026443864e-02
-1.781863158026443864e-02
-1.781863158026443864e-02
-1.781863158026443864e-02
-1.781863158026443864e-02
-1.620540667040952509e-02
-1.781863158026443864e-02
-1.604981098801926825e-02
-1.781863158026443864e-02
-1.899687191049714841e-02
-1.899687191049714841e-02
-1.899687191049714841e-02
-1.899687191049714841e-02
-1.899687191049714841e-02
-1.899687191049714841e-02
-1.899687191049714841e-02
-1.899687191049714841e-02
-1.899687191049714841e-02
-1.899687191049714841e-02
-1.899687191049714841e-02
-1.899687191049714841e-02
-1.899687191049714841e-02
-1.452874728609766276e-02
-1.899687191049714841e-02
-2.076039465117796717e-02
-1.630030225334112154e-02
-1.630030225334112154e-02
-1.630030225334112154e-02
-1.630030225334112154e-02
-1.630030225334112154e-02
-1.630030225334112154e-02
-1.630030225334112154e-02
-1.630030225334112154e-02
-1.630030225334112154e-02
-1.630030225334112154e-02
-1.630030225334112154e-02
-1.630030225334112154e-02
-2.076039465117796717e-02
-1.630030225334112154e-02
-1.452874728609766276e-02
-1.630030225334112154e-02
7.054935495662179729e-03
7.054935495662179729e-03
7.054935495662179729e-03
7.054935495662179729e-03
7.054935495662179729e-03
7.054935495662179729e-03
7.054935495662179729e-03
7.054935495662179729e-03
7.054935495662179729e-03
7.054935495662179729e-03
7.054935495662179729e-03
7.054935495662179729e-03
7.054935495662179729e-03
-8.012187260959535706e-04
7.054935495662179729e-03
5.280475254976999336e-03
-2.561836193343252927e-03
-2.561836193343252927e-03
-2.561836193343252927e-03
-2.561836193343252927e-03
-2.561836193343252927e-03
-2.561836193343252927e-03
-2.561836193343252927e-03
-2.561836193343252927e-03
-2.561836193343252927e-03
-2.561836193343252927e-03
-2.561836193343252927e-03
-2.561836193343252927e-03
5.280475254976999336e-03
-2.561836193343252927e-03
-8.012187260959535706e-04
-2.561836193343252927e-03
-6.001737438192997556e-03
-6.001737438192997556e-03
-6.001737438192997556e-03
-6.001737438192997556e-03
-6.001737438192997556e-03
-6.001737438192997556e-03
-6.001737438192997556e-03
-6.001737438192997556e-03
-6.001737438192997556e-03
-6.001737438192997556e-03
-6.001737438192997556e-03
-6.001737438192997556e-03
-6.001737438192997556e-03
-7.634213775327717763e-03
-6.001737438192997556e-03
2.182278139587268129e-03
5.363609220415591463e-04
5.363609220415591463e-04
5.363609220415591463e-04
5.363609220415591463e-04
5.363609220415591463e-04
5.363609220415591463e-04
5.363609220415591463e-04
5.363609220415591463e-04
5.363609220415591463e-04
5.363609220415591463e-04
5.363609220415591463e-04
5.363609220415591463e-04
2.182278139587268129e-03
5.363609220415591463e-04
-7.634213775327717763e-03
5.363609220415591463e-04
1.440558310445812164e-04
1.440558310445812164e-04
1.440558310445812164e-04
1.440558310445812164e-04
1.440558310445812164e-04
1.440558310445812164e-04
1.440558310445812164e-04
1.440558310445812164e-04
1.440558310445812164e-04
1.440558310445812164e-04
1.440558310445812164e-04
1.440558310445812164e-04
1.440558310445812164e-04
-1.488420506093418106e-03
1.440558310445812164e-04
8.378672370360171553e-03
6.732755152812959325e-03
6.732755152812959325e-03
6.732755152812959325e-03
6.732755152812959325e-03
6.732755152812959325e-03
6.732755152812959325e-03
6.732755152812959325e-03
6.732755152812959325e-03
6.732755152812959325e-03
6.732755152812959325e-03
6.732755152812959325e-03
6.732755152812959325e-03
8.378672370360171553e-03
6.732755152812959325e-03
-1.488420506093418106e-03
6.732755152812959325e-03
7.830851962000661207e-03
7.830851962000661207e-03
7.830851962000661207e-03
3.372505068104039586e-04
7.830851962000661207e-03
7.830851962000661207e-03
7.830851962000661207e-03
7.830851962000661207e-03
7.830851962000661207e-03
7.830851962000661207e-03
7.830851962000661207e-03
7.830851962000661207e-03
7.830851962000661207e-03
-2.530225975105027838e-05
7.830851962000661207e-03
8.552891685546900463e-03
-6.744078910267412366e-03
-6.744078910267412366e-03
6.911090833849715346e-04
-6.744078910267412366e-03
-6.744078910267412366e-03
-6.744078910267412366e-03
-6.744078910267412366e-03
-6.744078910267412366e-03
-6.744078910267412366e-03
-6.744078910267412366e-03
-6.744078910267412366e-03
-6.744078910267412366e-03
1.059290230356779716e-03
-6.744078910267412366e-03
-7.460490253403433830e-03
-6.744078910267412366e-03
1.623520231231459368e-03
1.623520231231459368e-03
1.623520231231459368e-03
-5.823927377803828596e-03
1.623520231231459368e-03
1.623520231231459368e-03
1.623520231231459368e-03
1.623520231231459368e-03
1.623520231231459368e-03
1.623520231231459368e-03
1.623520231231459368e-03
1.623520231231459368e-03
1.623520231231459368e-03
6.182029471016374685e-03
1.623520231231459368e-03
2.341112839393926122e-03
-5.784539102658542691e-04
-5.784539102658542691e-04
6.902887929539584973e-03
-5.784539102658542691e-04
-5.784539102658542691e-04
-5.784539102658542691e-04
-5.784539102658542691e-04
-5.784539102658542691e-04
-5.784539102658542691e-04
-5.784539102658542691e-04
-5.784539102658542691e-04
-5.784539102658542691e-04
-5.106334769643138850e-03
-5.784539102658542691e-04
-1.299312368787424810e-03
-5.784539102658542691e-04
-9.109957847996131772e-03
-9.109957847996131772e-03
-9.109957847996131772e-03
-6.604398388573893587e-03
-9.109957847996131772e-03
-9.109957847996131772e-03
-9.109957847996131772e-03
-9.109957847996131772e-03
-9.109957847996131772e-03
-9.109957847996131772e-03
-9.109957847996131772e-03
-9.109957847996131772e-03
-9.109957847996131772e-03
-1.072608803128784552e-02
-9.109957847996131772e-03
-8.385694566754590268e-03
-7.501533094111978960e-03
-7.501533094111978960e-03
-1.000300601507110934e-02
-7.501533094111978960e-03
-7.501533094111978960e-03
-7.501533094111978960e-03
-7.501533094111978960e-03
-7.501533094111978960e-03
-7.501533094111978960e-03
-7.501533094111978960e-03
-7.501533094111978960e-03
-7.501533094111978960e-03
-5.880135107332352083e-03
-7.501533094111978960e-03
-8.224615110328851314e-03
-7.501533094111978960e-03
4.727186096619271152e-03
4.727186096619271152e-03
4.727186096619271152e-03
7.217360940656656655e-03
4.727186096619271152e-03
4.727186096619271152e-03
4.727186096619271152e-03
4.727186096619271152e-03
4.727186096619271152e-03
4.727186096619271152e-03
4.727186096619271152e-03
4.727186096619271152e-03
4.727186096619271152e-03
3.078363605631842179e-03
4.727186096619271152e-03
5.447002262471984518e-03
6.283086812035667233e-03
6.283086812035667233e-03
3.796998506459886829e-03
6.283086812035667233e-03
6.283086812035667233e-03
6.283086812035667233e-03
6.283086812035667233e-03
6.283086812035667233e-03
6.283086812035667233e-03
6.283086812035667233e-03
6.283086812035667233e-03
6.283086812035667233e-03
7.937177106509370889e-03
6.283086812035667233e-03
5.564451911209262330e-03
6.283086812035667233e-03
9.382684894696890002e-03
9.382684894696890002e-03
9.382684894696890002e-03
1.188439820027421302e-02
9.382684894696890002e-03
9.382684894696890002e-03
9.382684894696890002e-03
9.382684894696890002e-03
9.382684894696890002e-03
9.382684894696890002e-03
9.382684894696890002e-03
9.382684894696890002e-03
9.382684894696890002e-03
7.733862403711100342e-03
9.382684894696890002e-03
1.510926300823961857e-02
1.594871294241852547e-02
1.594871294241852547e-02
1.345108617530608661e-02
1.594871294241852547e-02
1.594871294241852547e-02
1.594871294241852547e-02
1.594871294241852547e-02
1.594871294241852547e-02
1.594871294241852547e-02
1.594871294241852547e-02
1.594871294241852547e-02
1.594871294241852547e-02
1.761097631381530401e-02
1.594871294241852547e-02
1.023148917082353920e-02
1.594871294241852547e-02
-1.671527635761221528e-02
-1.671527635761221528e-02
-1.671527635761221528e-02
-1.422894766741988025e-02
-1.671527635761221528e-02
-1.671527635761221528e-02
-1.671527635761221528e-02
-1.671527635761221528e-02
-1.671527635761221528e-02
-1.671527635761221528e-02
-1.671527635761221528e-02
-1.671527635761221528e-02
-1.671527635761221528e-02
-1.833140654090570365e-02
-1.671527635761221528e-02
-1.102391459021681390e-02
-1.016715696372895786e-02
-1.016715696372895786e-02
-1.264939911545968562e-02
-1.016715696372895786e-02
-1.016715696372895786e-02
-1.016715696372895786e-02
-1.016715696372895786e-02
-1.016715696372895786e-02
-1.016715696372895786e-02
-1.016715696372895786e-02
-1.016715696372895786e-02
-1.016715696372895786e-02
-8.537585900026119917e-03
-1.016715696372895786e-02
-1.584916438917647816e-02
-1.016715696372895786e-02
-3.697064962221765713e-03
-3.697064962221765713e-03
-3.697064962221765713e-03
-1.203043964339464830e-03
-3.697064962221765713e-03
-3.697064962221765713e-03
-3.697064962221765713e-03
-3.697064962221765713e-03
-3.697064962221765713e-03
-3.697064962221765713e-03
-3.697064962221765713e-03
-3.697064962221765713e-03
-3.697064962221765713e-03
-5.329541299363044909e-03
-3.697064962221765713e-03
-7.964179013293449724e-03
-7.099729079112348552e-03
-7.099729079112348552e-03
-9.589663538534683868e-03
-7.099729079112348552e-03
-7.099729079112348552e-03
-7.099729079112348552e-03
-7.099729079112348552e-03
-7.099729079112348552e-03
-7.099729079112348552e-03
-7.099729079112348552e-03
-7.099729079112348552e-03
-7.099729079112348552e-03
-5.470158015407870430e-03
-7.099729079112348552e-03
-2.839606839942212732e-03
-7.099729079112348552e-03
-9.842858231457704901e-03
-9.842858231457704901e-03
-9.842858231457704901e-03
-7.364221848956977422e-03
-9.842858231457704901e-03
-9.842858231457704901e-03
-9.842858231457704901e-03
-9.842858231457704901e-03
-9.842858231457704901e-03
-9.842858231457704901e-03
-9.842858231457704901e-03
-9.842858231457704901e-03
-9.842858231457704901e-03
8.162519698679751448e-04
-9.842858231457704901e-03
-1.408365016714017634e-02
-9.648733098789927893e-04
-9.648733098789927893e-04
-3.470192384687956818e-03
-9.648733098789927893e-04
-9.648733098789927893e-04
-9.648733098789927893e-04
-9.648733098789927893e-04
-9.648733098789927893e-04
-9.648733098789927893e-04
-9.648733098789927893e-04
-9.648733098789927893e-04
-9.648733098789927893e-04
-1.160501378463944973e-02
-9.648733098789927893e-04
3.321571044673659896e-03
-9.648733098789927893e-04
