-1.864262705797972430e-01
-1.864262705797972430e-01
-1.864262705797972430e-01
-1.864262705797972430e-01
-1.864262705797972430e-01
-1.788766105941123619e-01
-1.864262705797972430e-01
-1.864262705797972430e-01
-1.864262705797972430e-01
-1.864262705797972430e-01
-1.864262705797972430e-01
-1.864262705797972430e-01
-1.864262705797972430e-01
-1.864262705797972430e-01
-1.872651216893164716e-01
-1.864262705797972430e-01
-1.797154617036315905e-01
-1.797154617036315905e-01
-1.797154617036315905e-01
-1.797154617036315905e-01
-1.872651216893164716e-01
-1.797154617036315905e-01
-1.797154617036315905e-01
-1.797154617036315905e-01
-1.797154617036315905e-01
-1.797154617036315905e-01
-1.797154617036315905e-01
-1.797154617036315905e-01
-1.797154617036315905e-01
-1.788766105941123619e-01
-1.797154617036315905e-01
-1.797154617036315905e-01
-1.506352899069271778e-01
-1.506352899069271778e-01
-1.506352899069271778e-01
-1.506352899069271778e-01
-1.506352899069271778e-01
-1.788766105941162199e-01
-1.506352899069271778e-01
-1.506352899069271778e-01
-1.506352899069271778e-01
-1.506352899069271778e-01
-1.506352899069271778e-01
-1.506352899069271778e-01
-1.506352899069271778e-01
-1.506352899069271778e-01
-1.514741410164464064e-01
-1.506352899069271778e-01
-1.797154617036354762e-01
-1.797154617036354762e-01
-1.797154617036354762e-01
-1.797154617036354762e-01
-1.514741410164464064e-01
-1.797154617036354762e-01
-1.797154617036354762e-01
-1.797154617036354762e-01
-1.797154617036354762e-01
-1.797154617036354762e-01
-1.797154617036354762e-01
-1.797154617036354762e-01
-1.797154617036354762e-01
-1.788766105941162199e-01
-1.797154617036354762e-01
-1.797154617036354762e-01
-1.864262705798011288e-01
-1.864262705798011288e-01
-1.864262705798011288e-01
-1.864262705798011288e-01
-1.864262705798011288e-01
-1.788766105941162199e-01
-1.864262705798011288e-01
-1.864262705798011288e-01
-1.864262705798011288e-01
-1.864262705798011288e-01
-1.864262705798011288e-01
-1.864262705798011288e-01
-1.864262705798011288e-01
-1.864262705798011288e-01
-1.872651216893203574e-01
-1.864262705798011288e-01
-1.797154617036354762e-01
-1.797154617036354762e-01
-1.797154617036354762e-01
-1.797154617036354762e-01
-1.872651216893203574e-01
-1.797154617036354762e-01
-1.797154617036354762e-01
-1.797154617036354762e-01
-1.797154617036354762e-01
-1.797154617036354762e-01
-1.797154617036354762e-01
-1.797154617036354762e-01
-1.797154617036354762e-01
-1.788766105941162199e-01
-1.797154617036354762e-01
-1.797154617036354762e-01
-1.864262705798011288e-01
-1.864262705798011288e-01
-1.864262705798011288e-01
-1.864262705798011288e-01
-1.864262705798011288e-01
-1.788766105941162199e-01
-1.864262705798011288e-01
-1.864262705798011288e-01
-1.864262705798011288e-01
-1.864262705798011288e-01
-1.864262705798011288e-01
-1.864262705798011288e-01
-1.864262705798011288e-01
-1.864262705798011288e-01
-1.872651216893203574e-01
-1.864262705798011288e-01
-1.797154617036354762e-01
-1.797154617036354762e-01
-1.797154617036354762e-01
-1.797154617036354762e-01
-1.872651216893203574e-01
-1.797154617036354762e-01
-1.797154617036354762e-01
-1.797154617036354762e-01
-1.797154617036354762e-01
-1.797154617036354762e-01
-1.797154617036354762e-01
-1.797154617036354762e-01
-1.797154617036354762e-01
-1.788766105941162199e-01
-1.797154617036354762e-01
-1.797154617036354762e-01
-1.774785254115816002e-01
-1.774785254115816002e-01
-1.774785254115816002e-01
-1.774785254115816002e-01
-1.774785254115816002e-01
-1.609811202576812983e-01
-1.774785254115816002e-01
-1.774785254115816002e-01
-1.774785254115816002e-01
-1.774785254115816002e-01
-1.774785254115816002e-01
-1.774785254115816002e-01
-1.774785254115816002e-01
-1.774785254115816002e-01
-1.962128668575358892e-01
-1.774785254115816002e-01
-1.797154617036354762e-01
-1.797154617036354762e-01
-1.797154617036354762e-01
-1.797154617036354762e-01
-1.962128668575358892e-01
-1.797154617036354762e-01
-1.797154617036354762e-01
-1.797154617036354762e-01
-1.797154617036354762e-01
-1.797154617036354762e-01
-1.797154617036354762e-01
-1.797154617036354762e-01
-1.797154617036354762e-01
-1.609811202576812983e-01
-1.797154617036354762e-01
-1.797154617036354762e-01
-1.774785254115816002e-01
-1.774785254115816002e-01
-1.774785254115816002e-01
-1.774785254115816002e-01
-1.774785254115816002e-01
-1.967721009305512525e-01
-1.774785254115816002e-01
-1.774785254115816002e-01
-1.774785254115816002e-01
-1.774785254115816002e-01
-1.774785254115816002e-01
-1.774785254115816002e-01
-1.774785254115816002e-01
-1.774785254115816002e-01
-1.604218861846658239e-01
-1.774785254115816002e-01
-1.797154617036354762e-01
-1.797154617036354762e-01
-1.797154617036354762e-01
-1.797154617036354762e-01
-1.604218861846658239e-01
-1.797154617036354762e-01
-1.797154617036354762e-01
-1.797154617036354762e-01
-1.797154617036354762e-01
-1.797154617036354762e-01
-1.797154617036354762e-01
-1.797154617036354762e-01
-1.797154617036354762e-01
-1.967721009305512525e-01
-1.797154617036354762e-01
-1.797154617036354762e-01
-1.595830350751427096e-01
-1.595830350751427096e-01
-1.595830350751427096e-01
-1.595830350751427096e-01
-1.595830350751427096e-01
-1.609811202576774125e-01
-1.595830350751427096e-01
-1.595830350751427096e-01
-1.595830350751427096e-01
-1.595830350751427096e-01
-1.595830350751427096e-01
-1.595830350751427096e-01
-1.595830350751427096e-01
-1.595830350751427096e-01
-1.783173765211008566e-01
-1.595830350751427096e-01
-1.797154617036354762e-01
-1.797154617036354762e-01
-1.797154617036354762e-01
-1.797154617036354762e-01
-1.783173765211008566e-01
-1.797154617036354762e-01
-1.797154617036354762e-01
-1.797154617036354762e-01
-1.797154617036354762e-01
-1.797154617036354762e-01
-1.797154617036354762e-01
-1.797154617036354762e-01
-1.797154617036354762e-01
-1.609811202576774125e-01
-1.797154617036354762e-01
-1.797154617036354762e-01
-1.953740157480166606e-01
-1.953740157480166606e-01
-1.953740157480166606e-01
-1.953740157480166606e-01
-1.953740157480166606e-01
-1.967721009305473945e-01
-1.953740157480166606e-01
-1.953740157480166606e-01
-1.953740157480166606e-01
-1.953740157480166606e-01
-1.953740157480166606e-01
-1.953740157480166606e-01
-1.953740157480166606e-01
-1.953740157480166606e-01
-1.783173765211047146e-01
-1.953740157480166606e-01
-1.797154617036354762e-01
-1.797154617036354762e-01
-1.797154617036354762e-01
-1.797154617036354762e-01
-1.783173765211047146e-01
-1.797154617036354762e-01
-1.797154617036354762e-01
-1.797154617036354762e-01
-1.797154617036354762e-01
-1.797154617036354762e-01
-1.797154617036354762e-01
-1.797154617036354762e-01
-1.797154617036354762e-01
-1.967721009305473945e-01
-1.797154617036354762e-01
-1.797154617036354762e-01
-1.595830350751465676e-01
-1.595830350751465676e-01
-1.595830350751465676e-01
-1.595830350751465676e-01
-1.595830350751465676e-01
-1.565072476735734630e-01
-1.595830350751465676e-01
-1.595830350751465676e-01
-1.595830350751465676e-01
-1.595830350751465676e-01
-1.595830350751465676e-01
-1.595830350751465676e-01
-1.595830350751465676e-01
-1.595830350751465676e-01
-1.514741410164464064e-01
-1.595830350751465676e-01
-1.483983536148732185e-01
-1.483983536148732185e-01
-1.483983536148732185e-01
-1.483983536148732185e-01
-1.514741410164464064e-01
-1.483983536148732185e-01
-1.483983536148732185e-01
-1.483983536148732185e-01
-1.483983536148732185e-01
-1.483983536148732185e-01
-1.483983536148732185e-01
-1.483983536148732185e-01
-1.483983536148732185e-01
-1.565072476735734630e-01
-1.483983536148732185e-01
-1.483983536148732185e-01
-1.953740157480166606e-01
-1.953740157480166606e-01
-1.953740157480166606e-01
-1.953740157480166606e-01
-1.953740157480166606e-01
-1.922982283464435560e-01
-1.953740157480166606e-01
-1.953740157480166606e-01
-1.953740157480166606e-01
-1.953740157480166606e-01
-1.953740157480166606e-01
-1.953740157480166606e-01
-1.953740157480166606e-01
-1.953740157480166606e-01
-1.872651216893164716e-01
-1.953740157480166606e-01
-1.841893342877432838e-01
-1.841893342877432838e-01
-1.841893342877432838e-01
-1.841893342877432838e-01
-1.872651216893164716e-01
-1.841893342877432838e-01
-1.841893342877432838e-01
-1.841893342877432838e-01
-1.841893342877432838e-01
-1.841893342877432838e-01
-1.841893342877432838e-01
-1.841893342877432838e-01
-1.841893342877432838e-01
-1.922982283464435560e-01
-1.841893342877432838e-01
-1.841893342877432838e-01
-1.774785254115816002e-01
-1.774785254115816002e-01
-1.774785254115816002e-01
-1.774785254115816002e-01
-1.774785254115816002e-01
-1.565072476735696050e-01
-1.774785254115816002e-01
-1.774785254115816002e-01
-1.774785254115816002e-01
-1.774785254115816002e-01
-1.774785254115816002e-01
-1.774785254115816002e-01
-1.774785254115816002e-01
-1.774785254115816002e-01
-1.872651216893203574e-01
-1.774785254115816002e-01
-1.662938439513082511e-01
-1.662938439513082511e-01
-1.662938439513082511e-01
-1.662938439513082511e-01
-1.872651216893203574e-01
-1.662938439513082511e-01
-1.662938439513082511e-01
-1.662938439513082511e-01
-1.662938439513082511e-01
-1.662938439513082511e-01
-1.662938439513082511e-01
-1.662938439513082511e-01
-1.662938439513082511e-01
-1.565072476735696050e-01
-1.662938439513082511e-01
-1.662938439513082511e-01
-1.774785254115816002e-01
-1.774785254115816002e-01
-1.774785254115816002e-01
-1.774785254115816002e-01
-1.774785254115816002e-01
-1.922982283464396702e-01
-1.774785254115816002e-01
-1.774785254115816002e-01
-1.774785254115816002e-01
-1.774785254115816002e-01
-1.774785254115816002e-01
-1.774785254115816002e-01
-1.774785254115816002e-01
-1.774785254115816002e-01
-1.872651216893203574e-01
-1.774785254115816002e-01
-2.020848246241783164e-01
-2.020848246241783164e-01
-2.020848246241783164e-01
-2.020848246241783164e-01
-1.872651216893203574e-01
-2.020848246241783164e-01
-2.020848246241783164e-01
-2.020848246241783164e-01
-2.020848246241783164e-01
-2.020848246241783164e-01
-2.020848246241783164e-01
-2.020848246241783164e-01
-2.020848246241783164e-01
-1.922982283464396702e-01
-2.020848246241783164e-01
-2.020848246241783164e-01
-1.953740157480166606e-01
-1.953740157480166606e-01
-1.953740157480166606e-01
-1.953740157480166606e-01
-1.953740157480166606e-01
-1.833504831782240552e-01
-1.953740157480166606e-01
-1.953740157480166606e-01
-1.953740157480166606e-01
-1.953740157480166606e-01
-1.953740157480166606e-01
-1.953740157480166606e-01
-1.953740157480166606e-01
-1.953740157480166606e-01
-1.693696313528853248e-01
-1.953740157480166606e-01
-1.573460987830927194e-01
-1.573460987830927194e-01
-1.573460987830927194e-01
-1.573460987830927194e-01
-1.693696313528853248e-01
-1.573460987830927194e-01
-1.573460987830927194e-01
-1.573460987830927194e-01
-1.573460987830927194e-01
-1.573460987830927194e-01
-1.573460987830927194e-01
-1.573460987830927194e-01
-1.573460987830927194e-01
-1.833504831782240552e-01
-1.573460987830927194e-01
-1.573460987830927194e-01
-1.953740157480166606e-01
-1.953740157480166606e-01
-1.953740157480166606e-01
-1.953740157480166606e-01
-1.953740157480166606e-01
-1.833504831782240552e-01
-1.953740157480166606e-01
-1.953740157480166606e-01
-1.953740157480166606e-01
-1.953740157480166606e-01
-1.953740157480166606e-01
-1.953740157480166606e-01
-1.953740157480166606e-01
-1.953740157480166606e-01
-2.051606120257514210e-01
-1.953740157480166606e-01
-1.931370794559589266e-01
-1.931370794559589266e-01
-1.931370794559589266e-01
-1.931370794559589266e-01
-2.051606120257514210e-01
-1.931370794559589266e-01
-1.931370794559589266e-01
-1.931370794559589266e-01
-1.931370794559589266e-01
-1.931370794559589266e-01
-1.931370794559589266e-01
-1.931370794559589266e-01
-1.931370794559589266e-01
-1.833504831782240552e-01
-1.931370794559589266e-01
-1.931370794559589266e-01
-1.953740157480166606e-01
-1.953740157480166606e-01
-1.953740157480166606e-01
-1.953740157480166606e-01
-1.953740157480166606e-01
-1.833504831782240552e-01
-1.953740157480166606e-01
-1.953740157480166606e-01
-1.953740157480166606e-01
-1.953740157480166606e-01
-1.953740157480166606e-01
-1.953740157480166606e-01
-1.953740157480166606e-01
-1.953740157480166606e-01
-1.872651216893203574e-01
-1.953740157480166606e-01
-1.752415891195277520e-01
-1.752415891195277520e-01
-1.752415891195277520e-01
-1.752415891195277520e-01
-1.872651216893203574e-01
-1.752415891195277520e-01
-1.752415891195277520e-01
-1.752415891195277520e-01
-1.752415891195277520e-01
-1.752415891195277520e-01
-1.752415891195277520e-01
-1.752415891195277520e-01
-1.752415891195277520e-01
-1.833504831782240552e-01
-1.752415891195277520e-01
-1.752415891195277520e-01
-1.595830350751427096e-01
-1.595830350751427096e-01
-1.595830350751427096e-01
-1.595830350751427096e-01
-1.595830350751427096e-01
-1.833504831782240552e-01
-1.595830350751427096e-01
-1.595830350751427096e-01
-1.595830350751427096e-01
-1.595830350751427096e-01
-1.595830350751427096e-01
-1.595830350751427096e-01
-1.595830350751427096e-01
-1.595830350751427096e-01
-1.872651216893164716e-01
-1.595830350751427096e-01
-2.110325697923978172e-01
-2.110325697923978172e-01
-2.110325697923978172e-01
-2.110325697923978172e-01
-1.872651216893164716e-01
-2.110325697923978172e-01
-2.110325697923978172e-01
-2.110325697923978172e-01
-2.110325697923978172e-01
-2.110325697923978172e-01
-2.110325697923978172e-01
-2.110325697923978172e-01
-2.110325697923978172e-01
-1.833504831782240552e-01
-2.110325697923978172e-01
-2.110325697923978172e-01
