-1.134697897141578177e-01
-1.134697897141578177e-01
-1.134697897141578177e-01
-1.134697897141578177e-01
-1.134697897141578177e-01
-1.134697897141578177e-01
-1.134697897141578177e-01
-1.134697897141578177e-01
-1.134697897141578177e-01
-1.134697897141578177e-01
-1.134697897141578177e-01
-1.134697897141578177e-01
-1.164900861059077614e-01
-1.134697897141578177e-01
-1.134697897141578177e-01
-1.134697897141578177e-01
-1.164900861059077614e-01
-1.164900861059077614e-01
-1.164900861059077614e-01
-1.164900861059077614e-01
-1.164900861059077614e-01
-1.164900861059077614e-01
-1.164900861059077614e-01
-1.164900861059077614e-01
-1.164900861059077614e-01
-1.164900861059077614e-01
-1.164900861059077614e-01
-1.134697897141578177e-01
-1.164900861059077614e-01
-1.164900861059077614e-01
-1.164900861059077614e-01
-1.164900861059077614e-01
-1.228418609418969742e-01
-1.228418609418969742e-01
-1.228418609418969742e-01
-1.228418609418969742e-01
-1.228418609418969742e-01
-1.228418609418969742e-01
-1.228418609418969742e-01
-1.228418609418969742e-01
-1.228418609418969742e-01
-1.228418609418969742e-01
-1.228418609418969742e-01
-1.228418609418969742e-01
-1.258621573336509702e-01
-1.228418609418969742e-01
-1.228418609418969742e-01
-1.228418609418969742e-01
-1.258621573336509702e-01
-1.258621573336509702e-01
-1.258621573336509702e-01
-1.258621573336509702e-01
-1.258621573336509702e-01
-1.258621573336509702e-01
-1.258621573336509702e-01
-1.258621573336509702e-01
-1.258621573336509702e-01
-1.258621573336509702e-01
-1.258621573336509702e-01
-1.228418609418969742e-01
-1.258621573336509702e-01
-1.258621573336509702e-01
-1.258621573336509702e-01
-1.258621573336509702e-01
-1.275278965557666011e-01
-1.275278965557666011e-01
-1.275278965557666011e-01
-1.275278965557666011e-01
-1.275278965557666011e-01
-1.275278965557666011e-01
-1.275278965557666011e-01
-1.275278965557666011e-01
-1.275278965557666011e-01
-1.275278965557666011e-01
-1.275278965557666011e-01
-1.275278965557666011e-01
-1.211761217197772772e-01
-1.275278965557666011e-01
-1.275278965557666011e-01
-1.275278965557666011e-01
-1.211761217197772772e-01
-1.211761217197772772e-01
-1.211761217197772772e-01
-1.211761217197772772e-01
-1.211761217197772772e-01
-1.211761217197772772e-01
-1.211761217197772772e-01
-1.211761217197772772e-01
-1.211761217197772772e-01
-1.211761217197772772e-01
-1.211761217197772772e-01
-1.275278965557666011e-01
-1.211761217197772772e-01
-1.211761217197772772e-01
-1.211761217197772772e-01
-1.211761217197772772e-01
-1.181558253280274584e-01
-1.181558253280274584e-01
-1.181558253280274584e-01
-1.181558253280274584e-01
-1.181558253280274584e-01
-1.181558253280274584e-01
-1.181558253280274584e-01
-1.181558253280274584e-01
-1.181558253280274584e-01
-1.181558253280274584e-01
-1.181558253280274584e-01
-1.181558253280274584e-01
-1.305481929475205971e-01
-1.181558253280274584e-01
-1.181558253280274584e-01
-1.181558253280274584e-01
-1.305481929475205971e-01
-1.305481929475205971e-01
-1.305481929475205971e-01
-1.305481929475205971e-01
-1.305481929475205971e-01
-1.305481929475205971e-01
-1.305481929475205971e-01
-1.305481929475205971e-01
-1.305481929475205971e-01
-1.305481929475205971e-01
-1.305481929475205971e-01
-1.181558253280274584e-01
-1.305481929475205971e-01
-1.305481929475205971e-01
-1.305481929475205971e-01
-1.305481929475205971e-01
-1.204988431349622163e-01
-1.204988431349622163e-01
-1.204988431349622163e-01
-1.204988431349622163e-01
-1.204988431349622163e-01
-1.204988431349622163e-01
-1.204988431349622163e-01
-1.204988431349622163e-01
-1.204988431349622163e-01
-1.204988431349622163e-01
-1.204988431349622163e-01
-1.204988431349622163e-01
-1.188331039128425193e-01
-1.204988431349622163e-01
-1.204988431349622163e-01
-1.204988431349622163e-01
-1.188331039128425193e-01
-1.188331039128425193e-01
-1.188331039128425193e-01
-1.188331039128425193e-01
-1.188331039128425193e-01
-1.188331039128425193e-01
-1.188331039128425193e-01
-1.188331039128425193e-01
-1.188331039128425193e-01
-1.188331039128425193e-01
-1.188331039128425193e-01
-1.204988431349622163e-01
-1.188331039128425193e-01
-1.188331039128425193e-01
-1.188331039128425193e-01
-1.188331039128425193e-01
-1.298709143627054252e-01
-1.298709143627054252e-01
-1.298709143627054252e-01
-1.298709143627054252e-01
-1.298709143627054252e-01
-1.298709143627054252e-01
-1.298709143627054252e-01
-1.298709143627054252e-01
-1.298709143627054252e-01
-1.298709143627054252e-01
-1.298709143627054252e-01
-1.298709143627054252e-01
-1.282051751405858253e-01
-1.298709143627054252e-01
-1.298709143627054252e-01
-1.298709143627054252e-01
-1.282051751405858253e-01
-1.282051751405858253e-01
-1.282051751405858253e-01
-1.282051751405858253e-01
-1.282051751405858253e-01
-1.282051751405858253e-01
-1.282051751405858253e-01
-1.282051751405858253e-01
-1.282051751405858253e-01
-1.282051751405858253e-01
-1.282051751405858253e-01
-1.298709143627054252e-01
-1.282051751405858253e-01
-1.282051751405858253e-01
-1.282051751405858253e-01
-1.282051751405858253e-01
-1.251848787488318571e-01
-1.251848787488318571e-01
-1.251848787488318571e-01
-1.251848787488318571e-01
-1.251848787488318571e-01
-1.251848787488318571e-01
-1.251848787488318571e-01
-1.251848787488318571e-01
-1.251848787488318571e-01
-1.251848787488318571e-01
-1.251848787488318571e-01
-1.251848787488318571e-01
-1.141470682989728924e-01
-1.251848787488318571e-01
-1.251848787488318571e-01
-1.251848787488318571e-01
-1.141470682989728924e-01
-1.141470682989728924e-01
-1.141470682989728924e-01
-1.141470682989728924e-01
-1.141470682989728924e-01
-1.141470682989728924e-01
-1.141470682989728924e-01
-1.141470682989728924e-01
-1.141470682989728924e-01
-1.141470682989728924e-01
-1.141470682989728924e-01
-1.251848787488318571e-01
-1.141470682989728924e-01
-1.141470682989728924e-01
-1.141470682989728924e-01
-1.141470682989728924e-01
-1.158128075210925895e-01
-1.158128075210925895e-01
-1.158128075210925895e-01
-1.158128075210925895e-01
-1.158128075210925895e-01
-1.158128075210925895e-01
-1.158128075210925895e-01
-1.158128075210925895e-01
-1.158128075210925895e-01
-1.158128075210925895e-01
-1.158128075210925895e-01
-1.158128075210925895e-01
-1.235191395267162123e-01
-1.158128075210925895e-01
-1.158128075210925895e-01
-1.158128075210925895e-01
-1.235191395267162123e-01
-1.235191395267162123e-01
-1.235191395267162123e-01
-1.235191395267162123e-01
-1.235191395267162123e-01
-1.235191395267162123e-01
-1.235191395267162123e-01
-1.235191395267162123e-01
-1.235191395267162123e-01
-1.235191395267162123e-01
-1.235191395267162123e-01
-1.158128075210925895e-01
-1.235191395267162123e-01
-1.235191395267162123e-01
-1.235191395267162123e-01
-1.235191395267162123e-01
-1.122982808106903901e-01
-1.122982808106903901e-01
-1.122982808106903901e-01
-1.122982808106903901e-01
-1.122982808106903901e-01
-1.122982808106903901e-01
-1.122982808106903901e-01
-1.122982808106903901e-01
-1.122982808106903901e-01
-1.122982808106903901e-01
-1.122982808106903901e-01
-1.122982808106903901e-01
-1.246906484301836399e-01
-1.122982808106903901e-01
-1.122982808106903901e-01
-1.122982808106903901e-01
-1.246906484301836399e-01
-1.246906484301836399e-01
-1.246906484301836399e-01
-1.246906484301836399e-01
-1.246906484301836399e-01
-1.246906484301836399e-01
-1.246906484301836399e-01
-1.246906484301836399e-01
-1.246906484301836399e-01
-1.246906484301836399e-01
-1.246906484301836399e-01
-1.122982808106903901e-01
-1.246906484301836399e-01
-1.246906484301836399e-01
-1.246906484301836399e-01
-1.246906484301836399e-01
-1.216703520384296439e-01
-1.216703520384296439e-01
-1.216703520384296439e-01
-1.216703520384296439e-01
-1.216703520384296439e-01
-1.216703520384296439e-01
-1.216703520384296439e-01
-1.216703520384296439e-01
-1.216703520384296439e-01
-1.216703520384296439e-01
-1.216703520384296439e-01
-1.216703520384296439e-01
-1.153185772024403200e-01
-1.216703520384296439e-01
-1.216703520384296439e-01
-1.216703520384296439e-01
-1.153185772024403200e-01
-1.153185772024403200e-01
-1.153185772024403200e-01
-1.153185772024403200e-01
-1.153185772024403200e-01
-1.153185772024403200e-01
-1.153185772024403200e-01
-1.153185772024403200e-01
-1.153185772024403200e-01
-1.153185772024403200e-01
-1.153185772024403200e-01
-1.216703520384296439e-01
-1.153185772024403200e-01
-1.153185772024403200e-01
-1.153185772024403200e-01
-1.153185772024403200e-01
-1.263563876522991736e-01
-1.263563876522991736e-01
-1.263563876522991736e-01
-1.263563876522991736e-01
-1.263563876522991736e-01
-1.263563876522991736e-01
-1.263563876522991736e-01
-1.263563876522991736e-01
-1.263563876522991736e-01
-1.263563876522991736e-01
-1.263563876522991736e-01
-1.263563876522991736e-01
-1.293766840440531696e-01
-1.263563876522991736e-01
-1.263563876522991736e-01
-1.263563876522991736e-01
-1.293766840440531696e-01
-1.293766840440531696e-01
-1.293766840440531696e-01
-1.293766840440531696e-01
-1.293766840440531696e-01
-1.293766840440531696e-01
-1.293766840440531696e-01
-1.293766840440531696e-01
-1.293766840440531696e-01
-1.293766840440531696e-01
-1.293766840440531696e-01
-1.263563876522991736e-01
-1.293766840440531696e-01
-1.293766840440531696e-01
-1.293766840440531696e-01
-1.293766840440531696e-01
-1.169843164245600170e-01
-1.169843164245600170e-01
-1.169843164245600170e-01
-1.169843164245600170e-01
-1.169843164245600170e-01
-1.169843164245600170e-01
-1.169843164245600170e-01
-1.169843164245600170e-01
-1.169843164245600170e-01
-1.169843164245600170e-01
-1.169843164245600170e-01
-1.169843164245600170e-01
-1.200046128163099607e-01
-1.169843164245600170e-01
-1.169843164245600170e-01
-1.169843164245600170e-01
-1.200046128163099607e-01
-1.200046128163099607e-01
-1.200046128163099607e-01
-1.200046128163099607e-01
-1.200046128163099607e-01
-1.200046128163099607e-01
-1.200046128163099607e-01
-1.200046128163099607e-01
-1.200046128163099607e-01
-1.200046128163099607e-01
-1.200046128163099607e-01
-1.169843164245600170e-01
-1.200046128163099607e-01
-1.200046128163099607e-01
-1.200046128163099607e-01
-1.200046128163099607e-01
-1.193273342314947888e-01
-1.193273342314947888e-01
-1.193273342314947888e-01
-1.193273342314947888e-01
-1.193273342314947888e-01
-1.193273342314947888e-01
-1.193273342314947888e-01
-1.193273342314947888e-01
-1.193273342314947888e-01
-1.193273342314947888e-01
-1.193273342314947888e-01
-1.193273342314947888e-01
-1.270336662371183978e-01
-1.193273342314947888e-01
-1.193273342314947888e-01
-1.193273342314947888e-01
-1.270336662371183978e-01
-1.270336662371183978e-01
-1.270336662371183978e-01
-1.270336662371183978e-01
-1.270336662371183978e-01
-1.270336662371183978e-01
-1.270336662371183978e-01
-1.270336662371183978e-01
-1.270336662371183978e-01
-1.270336662371183978e-01
-1.270336662371183978e-01
-1.193273342314947888e-01
-1.270336662371183978e-01
-1.270336662371183978e-01
-1.270336662371183978e-01
-1.270336662371183978e-01
-1.286994054592340286e-01
-1.286994054592340286e-01
-1.286994054592340286e-01
-1.286994054592340286e-01
-1.286994054592340286e-01
-1.286994054592340286e-01
-1.286994054592340286e-01
-1.286994054592340286e-01
-1.286994054592340286e-01
-1.286994054592340286e-01
-1.286994054592340286e-01
-1.286994054592340286e-01
-1.176615950093750917e-01
-1.286994054592340286e-01
-1.286994054592340286e-01
-1.286994054592340286e-01
-1.176615950093750917e-01
-1.176615950093750917e-01
-1.176615950093750917e-01
-1.176615950093750917e-01
-1.176615950093750917e-01
-1.176615950093750917e-01
-1.176615950093750917e-01
-1.176615950093750917e-01
-1.176615950093750917e-01
-1.176615950093750917e-01
-1.176615950093750917e-01
-1.286994054592340286e-01
-1.176615950093750917e-01
-1.176615950093750917e-01
-1.176615950093750917e-01
-1.176615950093750917e-01
-1.240133698453644157e-01
-1.240133698453644157e-01
-1.240133698453644157e-01
-1.240133698453644157e-01
-1.240133698453644157e-01
-1.240133698453644157e-01
-1.240133698453644157e-01
-1.240133698453644157e-01
-1.240133698453644157e-01
-1.240133698453644157e-01
-1.240133698453644157e-01
-1.240133698453644157e-01
-1.223476306232487709e-01
-1.240133698453644157e-01
-1.240133698453644157e-01
-1.240133698453644157e-01
-1.223476306232487709e-01
-1.223476306232487709e-01
-1.223476306232487709e-01
-1.223476306232487709e-01
-1.223476306232487709e-01
-1.223476306232487709e-01
-1.223476306232487709e-01
-1.223476306232487709e-01
-1.223476306232487709e-01
-1.223476306232487709e-01
-1.223476306232487709e-01
-1.240133698453644157e-01
-1.223476306232487709e-01
-1.223476306232487709e-01
-1.223476306232487709e-01
-1.223476306232487709e-01
-1.146412986176252591e-01
-1.146412986176252591e-01
-1.146412986176252591e-01
-1.146412986176252591e-01
-1.146412986176252591e-01
-1.146412986176252591e-01
-1.146412986176252591e-01
-1.146412986176252591e-01
-1.146412986176252591e-01
-1.146412986176252591e-01
-1.146412986176252591e-01
-1.146412986176252591e-01
-1.129755593955055620e-01
-1.146412986176252591e-01
-1.146412986176252591e-01
-1.146412986176252591e-01
-1.129755593955055620e-01
-1.129755593955055620e-01
-1.129755593955055620e-01
-1.129755593955055620e-01
-1.129755593955055620e-01
-1.129755593955055620e-01
-1.129755593955055620e-01
-1.129755593955055620e-01
-1.129755593955055620e-01
-1.129755593955055620e-01
-1.129755593955055620e-01
-1.146412986176252591e-01
-1.129755593955055620e-01
-1.129755593955055620e-01
-1.129755593955055620e-01
-1.129755593955055620e-01
