-1.612257851646123896e-01
-1.918438506621074069e-01
-1.612257851646123896e-01
-1.612257851646123896e-01
-1.593733222977532504e-01
-1.612257851646123896e-01
-1.612257851646123896e-01
-1.612257851646123896e-01
-1.612257851646123896e-01
-1.612257851646123896e-01
-1.612257851646123896e-01
-1.612257851646123896e-01
-1.612257851646123896e-01
-1.612257851646123896e-01
-1.612257851646123896e-01
-1.612257851646123896e-01
-1.593733222977532504e-01
-1.899913877952481567e-01
-1.899913877952481567e-01
-1.918438506621074069e-01
-1.899913877952481567e-01
-1.899913877952481567e-01
-1.899913877952481567e-01
-1.899913877952481567e-01
-1.899913877952481567e-01
-1.899913877952481567e-01
-1.899913877952481567e-01
-1.899913877952481567e-01
-1.899913877952481567e-01
-1.899913877952481567e-01
-1.899913877952481567e-01
-1.899913877952481567e-01
-1.612257851646085316e-01
-1.560528699892334559e-01
-1.612257851646085316e-01
-1.612257851646085316e-01
-1.951643029706232324e-01
-1.612257851646085316e-01
-1.612257851646085316e-01
-1.612257851646085316e-01
-1.612257851646085316e-01
-1.612257851646085316e-01
-1.612257851646085316e-01
-1.612257851646085316e-01
-1.612257851646085316e-01
-1.612257851646085316e-01
-1.612257851646085316e-01
-1.612257851646085316e-01
-1.951643029706232324e-01
-1.899913877952481567e-01
-1.899913877952481567e-01
-1.560528699892334559e-01
-1.899913877952481567e-01
-1.899913877952481567e-01
-1.899913877952481567e-01
-1.899913877952481567e-01
-1.899913877952481567e-01
-1.899913877952481567e-01
-1.899913877952481567e-01
-1.899913877952481567e-01
-1.899913877952481567e-01
-1.899913877952481567e-01
-1.899913877952481567e-01
-1.899913877952481567e-01
-1.970167658374824826e-01
-1.918438506621074069e-01
-1.970167658374824826e-01
-1.970167658374824826e-01
-1.951643029706270904e-01
-1.970167658374824826e-01
-1.970167658374824826e-01
-1.970167658374824826e-01
-1.970167658374824826e-01
-1.970167658374824826e-01
-1.970167658374824826e-01
-1.970167658374824826e-01
-1.970167658374824826e-01
-1.970167658374824826e-01
-1.970167658374824826e-01
-1.970167658374824826e-01
-1.951643029706270904e-01
-1.899913877952520147e-01
-1.899913877952520147e-01
-1.918438506621074069e-01
-1.899913877952520147e-01
-1.899913877952520147e-01
-1.899913877952520147e-01
-1.899913877952520147e-01
-1.899913877952520147e-01
-1.899913877952520147e-01
-1.899913877952520147e-01
-1.899913877952520147e-01
-1.899913877952520147e-01
-1.899913877952520147e-01
-1.899913877952520147e-01
-1.899913877952520147e-01
-1.612257851646123896e-01
-1.560528699892373139e-01
-1.612257851646123896e-01
-1.612257851646123896e-01
-1.593733222977532504e-01
-1.612257851646123896e-01
-1.612257851646123896e-01
-1.612257851646123896e-01
-1.612257851646123896e-01
-1.612257851646123896e-01
-1.612257851646123896e-01
-1.612257851646123896e-01
-1.612257851646123896e-01
-1.612257851646123896e-01
-1.612257851646123896e-01
-1.612257851646123896e-01
-1.593733222977532504e-01
-1.542004071223780914e-01
-1.542004071223780914e-01
-1.560528699892373139e-01
-1.542004071223780914e-01
-1.542004071223780914e-01
-1.542004071223780914e-01
-1.542004071223780914e-01
-1.542004071223780914e-01
-1.542004071223780914e-01
-1.542004071223780914e-01
-1.542004071223780914e-01
-1.542004071223780914e-01
-1.542004071223780914e-01
-1.542004071223780914e-01
-1.542004071223780914e-01
-1.701735303328280324e-01
-1.650006151574528457e-01
-1.701735303328280324e-01
-1.701735303328280324e-01
-1.772688126341882831e-01
-1.701735303328280324e-01
-1.701735303328280324e-01
-1.701735303328280324e-01
-1.701735303328280324e-01
-1.701735303328280324e-01
-1.701735303328280324e-01
-1.701735303328280324e-01
-1.701735303328280324e-01
-1.701735303328280324e-01
-1.701735303328280324e-01
-1.701735303328280324e-01
-1.772688126341882831e-01
-1.720958974588131241e-01
-1.720958974588131241e-01
-1.650006151574528457e-01
-1.720958974588131241e-01
-1.720958974588131241e-01
-1.720958974588131241e-01
-1.720958974588131241e-01
-1.720958974588131241e-01
-1.720958974588131241e-01
-1.720958974588131241e-01
-1.720958974588131241e-01
-1.720958974588131241e-01
-1.720958974588131241e-01
-1.720958974588131241e-01
-1.720958974588131241e-01
-2.059645110056980144e-01
-2.007915958303229387e-01
-2.059645110056980144e-01
-2.059645110056980144e-01
-1.772688126341882831e-01
-2.059645110056980144e-01
-2.059645110056980144e-01
-2.059645110056980144e-01
-2.059645110056980144e-01
-2.059645110056980144e-01
-2.059645110056980144e-01
-2.059645110056980144e-01
-2.059645110056980144e-01
-2.059645110056980144e-01
-2.059645110056980144e-01
-2.059645110056980144e-01
-1.772688126341882831e-01
-1.720958974588131241e-01
-1.720958974588131241e-01
-2.007915958303229387e-01
-1.720958974588131241e-01
-1.720958974588131241e-01
-1.720958974588131241e-01
-1.720958974588131241e-01
-1.720958974588131241e-01
-1.720958974588131241e-01
-1.720958974588131241e-01
-1.720958974588131241e-01
-1.720958974588131241e-01
-1.720958974588131241e-01
-1.720958974588131241e-01
-1.720958974588131241e-01
-1.701735303328280324e-01
-1.650006151574528457e-01
-1.701735303328280324e-01
-1.701735303328280324e-01
-1.772688126341882831e-01
-1.701735303328280324e-01
-1.701735303328280324e-01
-1.701735303328280324e-01
-1.701735303328280324e-01
-1.701735303328280324e-01
-1.701735303328280324e-01
-1.701735303328280324e-01
-1.701735303328280324e-01
-1.701735303328280324e-01
-1.701735303328280324e-01
-1.701735303328280324e-01
-1.772688126341882831e-01
-1.720958974588131241e-01
-1.720958974588131241e-01
-1.650006151574528457e-01
-1.720958974588131241e-01
-1.720958974588131241e-01
-1.720958974588131241e-01
-1.720958974588131241e-01
-1.720958974588131241e-01
-1.720958974588131241e-01
-1.720958974588131241e-01
-1.720958974588131241e-01
-1.720958974588131241e-01
-1.720958974588131241e-01
-1.720958974588131241e-01
-1.720958974588131241e-01
-1.701735303328280324e-01
-2.007915958303267967e-01
-1.701735303328280324e-01
-1.701735303328280324e-01
-1.772688126341882831e-01
-1.701735303328280324e-01
-1.701735303328280324e-01
-1.701735303328280324e-01
-1.701735303328280324e-01
-1.701735303328280324e-01
-1.701735303328280324e-01
-1.701735303328280324e-01
-1.701735303328280324e-01
-1.701735303328280324e-01
-1.701735303328280324e-01
-1.701735303328280324e-01
-1.772688126341882831e-01
-2.078868781316870751e-01
-2.078868781316870751e-01
-2.007915958303267967e-01
-2.078868781316870751e-01
-2.078868781316870751e-01
-2.078868781316870751e-01
-2.078868781316870751e-01
-2.078868781316870751e-01
-2.078868781316870751e-01
-2.078868781316870751e-01
-2.078868781316870751e-01
-2.078868781316870751e-01
-2.078868781316870751e-01
-2.078868781316870751e-01
-2.078868781316870751e-01
-1.835951480851552575e-01
-1.828961054938879061e-01
-1.835951480851552575e-01
-1.835951480851552575e-01
-1.683210674659726680e-01
-1.835951480851552575e-01
-1.835951480851552575e-01
-1.835951480851552575e-01
-1.835951480851552575e-01
-1.835951480851552575e-01
-1.835951480851552575e-01
-1.835951480851552575e-01
-1.835951480851552575e-01
-1.835951480851552575e-01
-1.835951480851552575e-01
-1.835951480851552575e-01
-1.683210674659726680e-01
-1.676220248747052888e-01
-1.676220248747052888e-01
-1.828961054938879061e-01
-1.676220248747052888e-01
-1.676220248747052888e-01
-1.676220248747052888e-01
-1.676220248747052888e-01
-1.676220248747052888e-01
-1.676220248747052888e-01
-1.676220248747052888e-01
-1.676220248747052888e-01
-1.676220248747052888e-01
-1.676220248747052888e-01
-1.676220248747052888e-01
-1.676220248747052888e-01
-1.835951480851591155e-01
-1.828961054938917641e-01
-1.835951480851591155e-01
-1.835951480851591155e-01
-1.683210674659726680e-01
-1.835951480851591155e-01
-1.835951480851591155e-01
-1.835951480851591155e-01
-1.835951480851591155e-01
-1.835951480851591155e-01
-1.835951480851591155e-01
-1.835951480851591155e-01
-1.835951480851591155e-01
-1.835951480851591155e-01
-1.835951480851591155e-01
-1.835951480851591155e-01
-1.683210674659726680e-01
-1.676220248747052888e-01
-1.676220248747052888e-01
-1.828961054938917641e-01
-1.676220248747052888e-01
-1.676220248747052888e-01
-1.676220248747052888e-01
-1.676220248747052888e-01
-1.676220248747052888e-01
-1.676220248747052888e-01
-1.676220248747052888e-01
-1.676220248747052888e-01
-1.676220248747052888e-01
-1.676220248747052888e-01
-1.676220248747052888e-01
-1.676220248747052888e-01
-2.014906384215902901e-01
-1.828961054938879061e-01
-2.014906384215902901e-01
-2.014906384215902901e-01
-1.862165578024077006e-01
-2.014906384215902901e-01
-2.014906384215902901e-01
-2.014906384215902901e-01
-2.014906384215902901e-01
-2.014906384215902901e-01
-2.014906384215902901e-01
-2.014906384215902901e-01
-2.014906384215902901e-01
-2.014906384215902901e-01
-2.014906384215902901e-01
-2.014906384215902901e-01
-1.862165578024077006e-01
-1.676220248747052888e-01
-1.676220248747052888e-01
-1.828961054938879061e-01
-1.676220248747052888e-01
-1.676220248747052888e-01
-1.676220248747052888e-01
-1.676220248747052888e-01
-1.676220248747052888e-01
-1.676220248747052888e-01
-1.676220248747052888e-01
-1.676220248747052888e-01
-1.676220248747052888e-01
-1.676220248747052888e-01
-1.676220248747052888e-01
-1.676220248747052888e-01
-1.656996577487202249e-01
-1.828961054938879061e-01
-1.656996577487202249e-01
-1.656996577487202249e-01
-1.862165578024077006e-01
-1.656996577487202249e-01
-1.656996577487202249e-01
-1.656996577487202249e-01
-1.656996577487202249e-01
-1.656996577487202249e-01
-1.656996577487202249e-01
-1.656996577487202249e-01
-1.656996577487202249e-01
-1.656996577487202249e-01
-1.656996577487202249e-01
-1.656996577487202249e-01
-1.862165578024077006e-01
-2.034130055475753818e-01
-2.034130055475753818e-01
-1.828961054938879061e-01
-2.034130055475753818e-01
-2.034130055475753818e-01
-2.034130055475753818e-01
-2.034130055475753818e-01
-2.034130055475753818e-01
-2.034130055475753818e-01
-2.034130055475753818e-01
-2.034130055475753818e-01
-2.034130055475753818e-01
-2.034130055475753818e-01
-2.034130055475753818e-01
-2.034130055475753818e-01
-1.567519125805045821e-01
-1.739483603256723743e-01
-1.567519125805045821e-01
-1.567519125805045821e-01
-1.683210674659726680e-01
-1.567519125805045821e-01
-1.567519125805045821e-01
-1.567519125805045821e-01
-1.567519125805045821e-01
-1.567519125805045821e-01
-1.567519125805045821e-01
-1.567519125805045821e-01
-1.567519125805045821e-01
-1.567519125805045821e-01
-1.567519125805045821e-01
-1.567519125805045821e-01
-1.683210674659726680e-01
-1.855175152111403492e-01
-1.855175152111403492e-01
-1.739483603256723743e-01
-1.855175152111403492e-01
-1.855175152111403492e-01
-1.855175152111403492e-01
-1.855175152111403492e-01
-1.855175152111403492e-01
-1.855175152111403492e-01
-1.855175152111403492e-01
-1.855175152111403492e-01
-1.855175152111403492e-01
-1.855175152111403492e-01
-1.855175152111403492e-01
-1.855175152111403492e-01
-1.925428932533746473e-01
-1.739483603256723743e-01
-1.925428932533746473e-01
-1.925428932533746473e-01
-2.041120481388427332e-01
-1.925428932533746473e-01
-1.925428932533746473e-01
-1.925428932533746473e-01
-1.925428932533746473e-01
-1.925428932533746473e-01
-1.925428932533746473e-01
-1.925428932533746473e-01
-1.925428932533746473e-01
-1.925428932533746473e-01
-1.925428932533746473e-01
-1.925428932533746473e-01
-2.041120481388427332e-01
-1.855175152111403492e-01
-1.855175152111403492e-01
-1.739483603256723743e-01
-1.855175152111403492e-01
-1.855175152111403492e-01
-1.855175152111403492e-01
-1.855175152111403492e-01
-1.855175152111403492e-01
-1.855175152111403492e-01
-1.855175152111403492e-01
-1.855175152111403492e-01
-1.855175152111403492e-01
-1.855175152111403492e-01
-1.855175152111403492e-01
-1.855175152111403492e-01
-1.746474029169357567e-01
-1.739483603256684885e-01
-1.746474029169357567e-01
-1.746474029169357567e-01
-1.862165578024038148e-01
-1.746474029169357567e-01
-1.746474029169357567e-01
-1.746474029169357567e-01
-1.746474029169357567e-01
-1.746474029169357567e-01
-1.746474029169357567e-01
-1.746474029169357567e-01
-1.746474029169357567e-01
-1.746474029169357567e-01
-1.746474029169357567e-01
-1.746474029169357567e-01
-1.862165578024038148e-01
-1.855175152111364634e-01
-1.855175152111364634e-01
-1.739483603256684885e-01
-1.855175152111364634e-01
-1.855175152111364634e-01
-1.855175152111364634e-01
-1.855175152111364634e-01
-1.855175152111364634e-01
-1.855175152111364634e-01
-1.855175152111364634e-01
-1.855175152111364634e-01
-1.855175152111364634e-01
-1.855175152111364634e-01
-1.855175152111364634e-01
-1.855175152111364634e-01
-1.746474029169357567e-01
-1.739483603256723743e-01
-1.746474029169357567e-01
-1.746474029169357567e-01
-1.504255771295337496e-01
-1.746474029169357567e-01
-1.746474029169357567e-01
-1.746474029169357567e-01
-1.746474029169357567e-01
-1.746474029169357567e-01
-1.746474029169357567e-01
-1.746474029169357567e-01
-1.746474029169357567e-01
-1.746474029169357567e-01
-1.746474029169357567e-01
-1.746474029169357567e-01
-1.504255771295337496e-01
-1.497265345382703672e-01
-1.497265345382703672e-01
-1.739483603256723743e-01
-1.497265345382703672e-01
-1.497265345382703672e-01
-1.497265345382703672e-01
-1.497265345382703672e-01
-1.497265345382703672e-01
-1.497265345382703672e-01
-1.497265345382703672e-01
-1.497265345382703672e-01
-1.497265345382703672e-01
-1.497265345382703672e-01
-1.497265345382703672e-01
-1.497265345382703672e-01
