-1.077638631093131086e-02
-1.077638631093131086e-02
-1.077638631093131086e-02
-1.077638631093131086e-02
-1.077638631093131086e-02
-1.077638631093131086e-02
-1.077638631093131086e-02
-1.077638631093131086e-02
-6.039915319169799832e-03
-8.407733967184246454e-03
-1.077638631093131086e-02
1.705379458339433170e-03
-1.077638631093131086e-02
-1.077638631093131086e-02
-1.077638631093131086e-02
-1.077638631093131086e-02
8.851731102893859934e-03
8.851731102893859934e-03
8.851731102893859934e-03
8.851731102893859934e-03
8.851731102893859934e-03
8.851731102893859934e-03
8.851731102893859934e-03
4.103918840098248581e-03
6.441850450100808020e-03
8.851731102893859934e-03
-3.659921704388634667e-03
8.851731102893859934e-03
8.851731102893859934e-03
8.851731102893859934e-03
8.851731102893859934e-03
8.851731102893859934e-03
-4.651386310927070958e-03
-4.651386310927070958e-03
-4.651386310927070958e-03
-4.651386310927070958e-03
-4.651386310927070958e-03
-4.651386310927070958e-03
-4.651386310927070958e-03
-4.651386310927070958e-03
1.144116039082376801e-04
-2.282733967176862368e-03
-4.651386310927070958e-03
-1.209306256319304766e-02
-4.651386310927070958e-03
-4.651386310927070958e-03
-4.651386310927070958e-03
-4.651386310927070958e-03
-4.964980149412148366e-03
-4.964980149412148366e-03
-4.964980149412148366e-03
-4.964980149412148366e-03
-4.964980149412148366e-03
-4.964980149412148366e-03
-4.964980149412148366e-03
-9.742119335280054193e-03
-7.327264648359379205e-03
-4.964980149412148366e-03
2.494405218691042592e-03
-4.964980149412148366e-03
-4.964980149412148366e-03
-4.964980149412148366e-03
-4.964980149412148366e-03
-4.964980149412148366e-03
2.255707295993567355e-03
2.255707295993567355e-03
2.255707295993567355e-03
2.255707295993567355e-03
2.255707295993567355e-03
2.255707295993567355e-03
2.255707295993567355e-03
2.255707295993567355e-03
7.006841749293548846e-03
-1.538380744875530396e-03
2.255707295993567355e-03
-1.513266592857972354e-02
2.255707295993567355e-03
2.255707295993567355e-03
2.255707295993567355e-03
2.255707295993567355e-03
-1.412778063017979674e-02
-1.412778063017979674e-02
-1.412778063017979674e-02
-1.412778063017979674e-02
-1.412778063017979674e-02
-1.412778063017979674e-02
-1.412778063017979674e-02
-1.886092943143844250e-02
-1.038153147527974204e-02
-1.412778063017979674e-02
3.194768056381610492e-03
-1.412778063017979674e-02
-1.412778063017979674e-02
-1.412778063017979674e-02
-1.412778063017979674e-02
-1.412778063017979674e-02
-3.930831165546941688e-03
-3.930831165546941688e-03
-3.930831165546941688e-03
-3.930831165546941688e-03
-3.930831165546941688e-03
-3.930831165546941688e-03
-3.930831165546941688e-03
-3.930831165546941688e-03
-1.902513392609195969e-02
4.648157716665115256e-03
-3.930831165546941688e-03
-1.395762368585424162e-03
-3.930831165546941688e-03
-3.930831165546941688e-03
-3.930831165546941688e-03
-3.930831165546941688e-03
-8.019246976337431748e-03
-8.019246976337431748e-03
-8.019246976337431748e-03
-8.019246976337431748e-03
-8.019246976337431748e-03
-8.019246976337431748e-03
-8.019246976337431748e-03
7.205060667021465949e-03
-1.649006512913194639e-02
-8.019246976337431748e-03
-1.057614992669364540e-02
-8.019246976337431748e-03
-8.019246976337431748e-03
-8.019246976337431748e-03
-8.019246976337431748e-03
-8.019246976337431748e-03
3.802341911378420963e-03
3.802341911378420963e-03
3.802341911378420963e-03
3.802341911378420963e-03
3.802341911378420963e-03
3.802341911378420963e-03
3.802341911378420963e-03
3.802341911378420963e-03
8.560808095449345956e-03
3.101523101282037571e-03
3.802341911378420963e-03
-8.620375134735415099e-03
3.802341911378420963e-03
3.802341911378420963e-03
3.802341911378420963e-03
3.802341911378420963e-03
-4.557376855562011997e-03
-4.557376855562011997e-03
-4.557376855562011997e-03
-4.557376855562011997e-03
-4.557376855562011997e-03
-4.557376855562011997e-03
-4.557376855562011997e-03
-9.312520849126789194e-03
-3.861908950662851225e-03
-4.557376855562011997e-03
7.856667094846950944e-03
-4.557376855562011997e-03
-4.557376855562011997e-03
-4.557376855562011997e-03
-4.557376855562011997e-03
-4.557376855562011997e-03
-2.384196550160584509e-03
-2.384196550160584509e-03
-2.384196550160584509e-03
-2.384196550160584509e-03
-2.384196550160584509e-03
-2.384196550160584509e-03
-2.384196550160584509e-03
-2.384196550160584509e-03
-1.750193681070614377e-02
-3.085015360258608081e-03
-2.384196550160584509e-03
5.116528425262300596e-03
-2.384196550160584509e-03
-2.384196550160584509e-03
-2.384196550160584509e-03
-2.384196550160584509e-03
-1.069667974018392170e-02
-1.069667974018392170e-02
-1.069667974018392170e-02
-1.069667974018392170e-02
-1.069667974018392170e-02
-1.069667974018392170e-02
-1.069667974018392170e-02
4.410440403175286406e-03
-1.000121183528489797e-02
-1.069667974018392170e-02
-1.819213550361795453e-02
-1.069667974018392170e-02
-1.069667974018392170e-02
-1.069667974018392170e-02
-1.069667974018392170e-02
-1.069667974018392170e-02
-9.245136310934726903e-03
-9.245136310934726903e-03
-9.245136310934726903e-03
-9.245136310934726903e-03
-9.245136310934726903e-03
-9.245136310934726903e-03
-9.245136310934726903e-03
-9.245136310934726903e-03
-4.501333588403911255e-03
-3.813983967181509317e-03
-9.245136310934726903e-03
8.233054867565451837e-03
-9.245136310934726903e-03
-9.245136310934726903e-03
-9.245136310934726903e-03
-9.245136310934726903e-03
1.852982718520301830e-02
1.852982718520301830e-02
1.852982718520301830e-02
1.852982718520301830e-02
1.852982718520301830e-02
1.852982718520301830e-02
1.852982718520301830e-02
1.376001973009949655e-02
1.297685759009776889e-02
1.852982718520301830e-02
9.558234879220114553e-04
1.852982718520301830e-02
1.852982718520301830e-02
1.852982718520301830e-02
1.852982718520301830e-02
1.852982718520301830e-02
-3.120136310928846822e-03
-3.120136310928846822e-03
-3.120136310928846822e-03
-3.120136310928846822e-03
-3.120136310928846822e-03
-3.120136310928846822e-03
-3.120136310928846822e-03
-3.120136310928846822e-03
1.652993334675765787e-03
-9.938983967180830409e-03
-3.120136310928846822e-03
-5.565387153963750368e-03
-3.120136310928846822e-03
-3.120136310928846822e-03
-3.120136310928846822e-03
-3.120136310928846822e-03
-7.627028297877066002e-03
-7.627028297877066002e-03
-7.627028297877066002e-03
-7.627028297877066002e-03
-7.627028297877066002e-03
-7.627028297877066002e-03
-7.627028297877066002e-03
-1.236750882989845479e-02
-7.922575083607779397e-04
-7.627028297877066002e-03
-5.198503435157802305e-03
-7.627028297877066002e-03
-7.627028297877066002e-03
-7.627028297877066002e-03
-7.627028297877066002e-03
-7.627028297877066002e-03
-4.206760459301615656e-04
-4.206760459301615656e-04
-4.206760459301615656e-04
-4.206760459301615656e-04
-4.206760459301615656e-04
-4.206760459301615656e-04
-4.206760459301615656e-04
-4.206760459301615656e-04
9.337791268523897362e-03
-2.656951586796907350e-03
-4.206760459301615656e-04
4.634210022957701430e-03
-4.206760459301615656e-04
-4.206760459301615656e-04
-4.206760459301615656e-04
-4.206760459301615656e-04
1.212326111520749435e-02
1.212326111520749435e-02
1.212326111520749435e-02
1.212326111520749435e-02
1.212326111520749435e-02
1.212326111520749435e-02
1.212326111520749435e-02
2.386625606643104532e-03
1.439267733741175954e-02
1.212326111520749435e-02
7.079683921767481597e-03
1.212326111520749435e-02
1.212326111520749435e-02
1.212326111520749435e-02
1.212326111520749435e-02
1.212326111520749435e-02
-6.576445276699325118e-03
-6.576445276699325118e-03
-6.576445276699325118e-03
-6.576445276699325118e-03
-6.576445276699325118e-03
-6.576445276699325118e-03
-6.576445276699325118e-03
-6.576445276699325118e-03
-1.674033825301480399e-02
-8.812720817566069981e-03
-6.576445276699325118e-03
-1.552689015505246935e-03
-6.576445276699325118e-03
-6.576445276699325118e-03
-6.576445276699325118e-03
-6.576445276699325118e-03
-1.394128667556456674e-02
-1.394128667556456674e-02
-1.394128667556456674e-02
-1.394128667556456674e-02
-1.394128667556456674e-02
-1.394128667556456674e-02
-1.394128667556456674e-02
-3.800273431821483798e-03
-1.171658199181922419e-02
-1.394128667556456674e-02
-1.895373406130915553e-02
-1.394128667556456674e-02
-1.394128667556456674e-02
-1.394128667556456674e-02
-1.394128667556456674e-02
-1.394128667556456674e-02
-3.498560661318022864e-03
-3.498560661318022864e-03
-3.498560661318022864e-03
-3.498560661318022864e-03
-3.498560661318022864e-03
-3.498560661318022864e-03
-3.498560661318022864e-03
-3.498560661318022864e-03
-3.732042723017824516e-03
4.209330285860346521e-04
-3.498560661318022864e-03
-8.421140795504173521e-03
-3.498560661318022864e-03
-3.498560661318022864e-03
-3.498560661318022864e-03
-3.498560661318022864e-03
-4.755409271715540197e-03
-4.755409271715540197e-03
-4.755409271715540197e-03
-4.755409271715540197e-03
-4.755409271715540197e-03
-4.755409271715540197e-03
-4.755409271715540197e-03
-4.521008865665156716e-03
-8.654622857203975173e-03
-4.755409271715540197e-03
1.865326225374275282e-04
-4.755409271715540197e-03
-4.755409271715540197e-03
-4.755409271715540197e-03
-4.755409271715540197e-03
-4.755409271715540197e-03
2.657208569457699624e-03
2.657208569457699624e-03
2.657208569457699624e-03
2.657208569457699624e-03
2.657208569457699624e-03
2.657208569457699624e-03
2.657208569457699624e-03
2.657208569457699624e-03
2.422284200063492491e-03
-5.734836202179849352e-03
2.657208569457699624e-03
-2.295780218580772709e-03
2.657208569457699624e-03
2.657208569457699624e-03
2.657208569457699624e-03
2.657208569457699624e-03
-1.087932754095095704e-02
-1.087932754095095704e-02
-1.087932754095095704e-02
-1.087932754095095704e-02
-1.087932754095095704e-02
-1.087932754095095704e-02
-1.087932754095095704e-02
-1.064636944258855709e-02
-2.530704587974979842e-03
-1.087932754095095704e-02
-5.967794300540747027e-03
-1.087932754095095704e-02
-1.087932754095095704e-02
-1.087932754095095704e-02
-1.087932754095095704e-02
-1.087932754095095704e-02
-5.037502969007854117e-03
-5.037502969007854117e-03
-5.037502969007854117e-03
-5.037502969007854117e-03
-5.037502969007854117e-03
-5.037502969007854117e-03
-5.037502969007854117e-03
-5.037502969007854117e-03
-5.270624453783712658e-03
-4.195893894486739037e-03
-5.037502969007854117e-03
-9.952480939736628451e-03
-5.037502969007854117e-03
-5.037502969007854117e-03
-5.037502969007854117e-03
-5.037502969007854117e-03
-9.348347973639302769e-03
-9.348347973639302769e-03
-9.348347973639302769e-03
-9.348347973639302769e-03
-9.348347973639302769e-03
-9.348347973639302769e-03
-9.348347973639302769e-03
-9.115029298357741477e-03
-1.018560242451235082e-02
-9.348347973639302769e-03
-4.429212569766660147e-03
-9.348347973639302769e-03
-9.348347973639302769e-03
-9.348347973639302769e-03
-9.348347973639302769e-03
-9.348347973639302769e-03
1.118266261762949128e-03
1.118266261762949128e-03
1.118266261762949128e-03
1.118266261762949128e-03
1.118266261762949128e-03
1.118266261762949128e-03
1.118266261762949128e-03
1.118266261762949128e-03
8.837024692911818599e-04
1.959875336282424895e-03
1.118266261762949128e-03
-3.827120362810085621e-03
1.118266261762949128e-03
1.118266261762949128e-03
1.118266261762949128e-03
1.118266261762949128e-03
-3.224429704411946318e-03
-3.224429704411946318e-03
-3.224429704411946318e-03
-3.224429704411946318e-03
-3.224429704411946318e-03
-3.224429704411946318e-03
-3.224429704411946318e-03
-2.989668721434340665e-03
-4.061684155281852782e-03
-3.224429704411946318e-03
1.725114353306458773e-03
-3.224429704411946318e-03
-3.224429704411946318e-03
-3.224429704411946318e-03
-3.224429704411946318e-03
-3.224429704411946318e-03
-1.959618353623272368e-03
-1.959618353623272368e-03
-1.959618353623272368e-03
-1.959618353623272368e-03
-1.959618353623272368e-03
-1.959618353623272368e-03
-1.959618353623272368e-03
-1.959618353623272368e-03
7.783824922369875741e-03
-7.273778509872959666e-03
-1.959618353623272368e-03
3.087485263341896088e-03
-1.959618353623272368e-03
-1.959618353623272368e-03
-1.959618353623272368e-03
-1.959618353623272368e-03
7.438014720974204554e-03
7.438014720974204554e-03
7.438014720974204554e-03
7.438014720974204554e-03
7.438014720974204554e-03
7.438014720974204554e-03
7.438014720974204554e-03
-2.253548672204175318e-03
1.283092853933504376e-02
7.438014720974204554e-03
2.417784883306922910e-03
7.438014720974204554e-03
7.438014720974204554e-03
7.438014720974204554e-03
7.438014720974204554e-03
7.438014720974204554e-03
-8.115387584394074746e-03
-8.115387584394074746e-03
-8.115387584394074746e-03
-8.115387584394074746e-03
-8.115387584394074746e-03
-8.115387584394074746e-03
-8.115387584394074746e-03
-8.115387584394074746e-03
-1.826353536840226444e-02
-1.118009279103796601e-03
-8.115387584394074746e-03
-3.099413775121052494e-03
-8.115387584394074746e-03
-8.115387584394074746e-03
-8.115387584394074746e-03
-8.115387584394074746e-03
-6.286388839023915841e-03
-6.286388839023915841e-03
-6.286388839023915841e-03
-6.286388839023915841e-03
-6.286388839023915841e-03
-6.286388839023915841e-03
-6.286388839023915841e-03
3.933350366257133517e-03
-1.324756155912937619e-02
-6.286388839023915841e-03
-1.133774848438498344e-02
-6.286388839023915841e-03
-6.286388839023915841e-03
-6.286388839023915841e-03
-6.286388839023915841e-03
-6.286388839023915841e-03
