-3.147615384615139456e-01
-4.344538461538266505e-01
-3.147615384615155554e-01
-3.147615384615155554e-01
-2.168982905982655141e-01
-8.011196581193594235e-02
-2.168982905982655141e-01
-3.536846153845934482e-01
-4.344538461538266505e-01
-4.344538461538266505e-01
-9.529999999997521010e-02
5.003333333336371092e-02
-9.529999999997357252e-02
-9.529999999997357252e-02
-2.017102564102278839e-01
-9.351282051248962363e-03
1.227000000000298130e-01
1.227000000000298130e-01
-2.263333333330568020e-02
-1.679666666666445873e-01
-9.351282051248962363e-03
1.227000000000298130e-01
-2.263333333330732125e-02
-1.679666666666445873e-01
-1.679666666666445873e-01
-3.746076923076727128e-01
-2.549153846153600633e-01
-2.549153846153600633e-01
-1.485051282051039478e-01
-1.171880341877600158e-02
-1.950692307692012406e-01
-3.147615384615155554e-01
-4.344538461538266505e-01
-3.536846153845934482e-01
-3.536846153845934482e-01
-7.537692307689333737e-02
-7.537692307689333737e-02
-1.950692307692060146e-01
-8.011196581194085509e-02
-2.168982905982704268e-01
