2.687902648532711214e-01
2.687902648532711214e-01
2.687902648532711214e-01
-2.946790742064736568e-02
-3.277260796945658528e-01
-2.946790742064736568e-02
-2.946790742064736568e-02
-2.946790742064736568e-02
2.687902648532711214e-01
-2.946790742064736568e-02
-3.277260796945697385e-01
-3.277260796945697385e-01
-3.277260796945697385e-01
-6.259842519684880591e-01
-3.277260796945697385e-01
-2.946790742065134167e-02
-3.277260796945697385e-01
-6.259842519684880591e-01
-6.259842519684880591e-01
-6.259842519684880591e-01
-3.277260796945697385e-01
-6.259842519684880591e-01
-6.259842519684880591e-01
-6.259842519684880591e-01
-3.277260796945697385e-01
1.196611787163098795e-01
1.196611787163098795e-01
-1.785969935576085799e-01
-4.768551658315269837e-01
-4.768551658315269837e-01
2.687902648532711214e-01
2.687902648532711214e-01
2.687902648532711214e-01
-2.946790742064736568e-02
-3.277260796945658528e-01
1.196611787163098795e-01
-1.785969935576085799e-01
-1.785969935576085799e-01
-4.768551658315269837e-01
-4.768551658315269837e-01
