-1.057482036863360564e-01
-2.619493908153592843e-01
-1.057482036863360564e-01
-1.057482036863360564e-01
-1.057482036863360564e-01
5.045298344268712987e-02
-1.057482036863360564e-01
-2.619493908153592843e-01
-2.619493908153592843e-01
-2.619493908153592843e-01
-2.764761012182639227e-02
1.285535770071966899e-01
-2.764761012182639227e-02
-2.764761012182639227e-02
-2.764761012182639227e-02
1.718213058419645889e-01
2.066541705717062638e-01
2.066541705717062638e-01
5.045298344268317470e-02
-1.057482036863401226e-01
1.718213058419645889e-01
2.066541705717062638e-01
5.045298344268317470e-02
-1.057482036863401226e-01
-1.057482036863401226e-01
-1.838487972508496826e-01
-2.764761012182639227e-02
-2.764761012182639227e-02
-2.764761012182639227e-02
1.285535770071966899e-01
5.045298344268712987e-02
-1.057482036863360564e-01
-2.619493908153592843e-01
-2.619493908153592843e-01
-2.619493908153592843e-01
9.372071227745293331e-02
9.372071227745293331e-02
5.045298344268317470e-02
5.045298344268317470e-02
-1.057482036863401226e-01
