2.756666666666666821e+00 2.778999999999999915e+00 4.944999999999999396e+00 3.783666666666666956e+00
2.756666666666666821e+00 2.752333333333333076e+00 4.944999999999999396e+00 3.783666666666666956e+00
2.729999999999999982e+00 2.752333333333333076e+00 4.944999999999999396e+00 3.783666666666666956e+00
2.729999999999999982e+00 2.752333333333333076e+00 4.944999999999999396e+00 3.757000000000000117e+00
2.729999999999999982e+00 2.752333333333333076e+00 4.918333333333333002e+00 3.757000000000000117e+00
2.743333333333333179e+00 2.765666666666666718e+00 4.918333333333333002e+00 3.797000000000000153e+00
2.743333333333333179e+00 2.765666666666666718e+00 4.944999999999999396e+00 3.797000000000000153e+00
2.770000000000000018e+00 2.765666666666666718e+00 4.944999999999999396e+00 3.797000000000000153e+00
2.770000000000000018e+00 2.765666666666666718e+00 4.944999999999999396e+00 3.770333333333333314e+00
2.770000000000000018e+00 2.738999999999999879e+00 4.944999999999999396e+00 3.770333333333333314e+00
2.770000000000000018e+00 2.738999999999999879e+00 4.931666666666666643e+00 3.770333333333333314e+00
2.743333333333333179e+00 2.738999999999999879e+00 4.931666666666666643e+00 3.770333333333333314e+00
2.743333333333333179e+00 2.738999999999999879e+00 4.905000000000000249e+00 3.770333333333333314e+00
2.743333333333333179e+00 2.738999999999999879e+00 4.905000000000000249e+00 3.797000000000000153e+00
2.743333333333333179e+00 2.765666666666666718e+00 4.905000000000000249e+00 3.797000000000000153e+00
2.756666666666666821e+00 2.752333333333333076e+00 4.918333333333333002e+00 3.783666666666666956e+00
2.756666666666666821e+00 2.752333333333333076e+00 4.944999999999999396e+00 3.783666666666666956e+00
2.756666666666666821e+00 2.778999999999999915e+00 4.944999999999999396e+00 3.783666666666666956e+00
2.756666666666666821e+00 2.778999999999999915e+00 4.944999999999999396e+00 3.757000000000000117e+00
2.729999999999999982e+00 2.778999999999999915e+00 4.944999999999999396e+00 3.757000000000000117e+00
2.729999999999999982e+00 2.752333333333333076e+00 4.905000000000000249e+00 3.797000000000000153e+00
2.729999999999999982e+00 2.752333333333333076e+00 4.905000000000000249e+00 3.770333333333333314e+00
2.756666666666666821e+00 2.752333333333333076e+00 4.905000000000000249e+00 3.770333333333333314e+00
2.756666666666666821e+00 2.752333333333333076e+00 4.931666666666666643e+00 3.770333333333333314e+00
2.756666666666666821e+00 2.778999999999999915e+00 4.931666666666666643e+00 3.770333333333333314e+00
2.770000000000000018e+00 2.765666666666666718e+00 4.918333333333333002e+00 3.797000000000000153e+00
2.770000000000000018e+00 2.765666666666666718e+00 4.944999999999999396e+00 3.797000000000000153e+00
2.770000000000000018e+00 2.738999999999999879e+00 4.944999999999999396e+00 3.797000000000000153e+00
2.743333333333333179e+00 2.738999999999999879e+00 4.944999999999999396e+00 3.797000000000000153e+00
2.743333333333333179e+00 2.738999999999999879e+00 4.944999999999999396e+00 3.770333333333333314e+00
2.770000000000000018e+00 2.778999999999999915e+00 4.905000000000000249e+00 3.757000000000000117e+00
2.743333333333333179e+00 2.778999999999999915e+00 4.905000000000000249e+00 3.757000000000000117e+00
2.743333333333333179e+00 2.778999999999999915e+00 4.905000000000000249e+00 3.783666666666666956e+00
2.743333333333333179e+00 2.778999999999999915e+00 4.931666666666666643e+00 3.783666666666666956e+00
2.743333333333333179e+00 2.752333333333333076e+00 4.931666666666666643e+00 3.783666666666666956e+00
2.729999999999999982e+00 2.765666666666666718e+00 4.905000000000000249e+00 3.757000000000000117e+00
2.729999999999999982e+00 2.765666666666666718e+00 4.905000000000000249e+00 3.783666666666666956e+00
2.756666666666666821e+00 2.765666666666666718e+00 4.905000000000000249e+00 3.783666666666666956e+00
2.756666666666666821e+00 2.765666666666666718e+00 4.931666666666666643e+00 3.783666666666666956e+00
2.756666666666666821e+00 2.738999999999999879e+00 4.931666666666666643e+00 3.783666666666666956e+00
2.743333333333333179e+00 2.765666666666666718e+00 4.905000000000000249e+00 3.770333333333333314e+00
2.743333333333333179e+00 2.765666666666666718e+00 4.931666666666666643e+00 3.770333333333333314e+00
2.743333333333333179e+00 2.765666666666666718e+00 4.931666666666666643e+00 3.797000000000000153e+00
2.770000000000000018e+00 2.765666666666666718e+00 4.931666666666666643e+00 3.797000000000000153e+00
2.770000000000000018e+00 2.738999999999999879e+00 4.931666666666666643e+00 3.797000000000000153e+00
2.770000000000000018e+00 2.738999999999999879e+00 4.931666666666666643e+00 3.770333333333333314e+00
2.770000000000000018e+00 2.765666666666666718e+00 4.931666666666666643e+00 3.770333333333333314e+00
2.743333333333333179e+00 2.765666666666666718e+00 4.931666666666666643e+00 3.770333333333333314e+00
2.743333333333333179e+00 2.765666666666666718e+00 4.905000000000000249e+00 3.770333333333333314e+00
2.743333333333333179e+00 2.765666666666666718e+00 4.905000000000000249e+00 3.797000000000000153e+00
2.729999999999999982e+00 2.778999999999999915e+00 4.944999999999999396e+00 3.757000000000000117e+00
2.729999999999999982e+00 2.778999999999999915e+00 4.944999999999999396e+00 3.783666666666666956e+00
2.729999999999999982e+00 2.778999999999999915e+00 4.918333333333333002e+00 3.783666666666666956e+00
2.756666666666666821e+00 2.778999999999999915e+00 4.918333333333333002e+00 3.783666666666666956e+00
2.756666666666666821e+00 2.752333333333333076e+00 4.918333333333333002e+00 3.783666666666666956e+00
2.756666666666666821e+00 2.778999999999999915e+00 4.931666666666666643e+00 3.757000000000000117e+00
2.729999999999999982e+00 2.778999999999999915e+00 4.931666666666666643e+00 3.757000000000000117e+00
2.729999999999999982e+00 2.752333333333333076e+00 4.931666666666666643e+00 3.757000000000000117e+00
2.729999999999999982e+00 2.752333333333333076e+00 4.905000000000000249e+00 3.757000000000000117e+00
2.729999999999999982e+00 2.752333333333333076e+00 4.905000000000000249e+00 3.783666666666666956e+00
2.770000000000000018e+00 2.752333333333333076e+00 4.918333333333333002e+00 3.757000000000000117e+00
2.770000000000000018e+00 2.752333333333333076e+00 4.944999999999999396e+00 3.757000000000000117e+00
2.770000000000000018e+00 2.752333333333333076e+00 4.944999999999999396e+00 3.783666666666666956e+00
2.743333333333333179e+00 2.752333333333333076e+00 4.944999999999999396e+00 3.783666666666666956e+00
2.743333333333333179e+00 2.778999999999999915e+00 4.944999999999999396e+00 3.783666666666666956e+00
2.743333333333333179e+00 2.752333333333333076e+00 4.931666666666666643e+00 3.757000000000000117e+00
2.770000000000000018e+00 2.752333333333333076e+00 4.931666666666666643e+00 3.757000000000000117e+00
2.770000000000000018e+00 2.778999999999999915e+00 4.931666666666666643e+00 3.757000000000000117e+00
2.770000000000000018e+00 2.778999999999999915e+00 4.931666666666666643e+00 3.783666666666666956e+00
2.770000000000000018e+00 2.778999999999999915e+00 4.905000000000000249e+00 3.783666666666666956e+00
2.743333333333333179e+00 2.778999999999999915e+00 4.931666666666666643e+00 3.757000000000000117e+00
2.770000000000000018e+00 2.778999999999999915e+00 4.931666666666666643e+00 3.757000000000000117e+00
2.770000000000000018e+00 2.752333333333333076e+00 4.931666666666666643e+00 3.757000000000000117e+00
2.770000000000000018e+00 2.752333333333333076e+00 4.931666666666666643e+00 3.783666666666666956e+00
2.770000000000000018e+00 2.752333333333333076e+00 4.905000000000000249e+00 3.783666666666666956e+00
2.756666666666666821e+00 2.765666666666666718e+00 4.944999999999999396e+00 3.757000000000000117e+00
2.756666666666666821e+00 2.765666666666666718e+00 4.944999999999999396e+00 3.783666666666666956e+00
2.756666666666666821e+00 2.765666666666666718e+00 4.918333333333333002e+00 3.783666666666666956e+00
2.729999999999999982e+00 2.765666666666666718e+00 4.918333333333333002e+00 3.783666666666666956e+00
2.729999999999999982e+00 2.738999999999999879e+00 4.918333333333333002e+00 3.783666666666666956e+00
2.770000000000000018e+00 2.752333333333333076e+00 4.931666666666666643e+00 3.770333333333333314e+00
2.743333333333333179e+00 2.752333333333333076e+00 4.931666666666666643e+00 3.770333333333333314e+00
2.743333333333333179e+00 2.752333333333333076e+00 4.931666666666666643e+00 3.797000000000000153e+00
2.743333333333333179e+00 2.752333333333333076e+00 4.905000000000000249e+00 3.797000000000000153e+00
2.743333333333333179e+00 2.778999999999999915e+00 4.905000000000000249e+00 3.797000000000000153e+00
2.729999999999999982e+00 2.752333333333333076e+00 4.944999999999999396e+00 3.797000000000000153e+00
2.729999999999999982e+00 2.778999999999999915e+00 4.944999999999999396e+00 3.797000000000000153e+00
2.729999999999999982e+00 2.778999999999999915e+00 4.944999999999999396e+00 3.770333333333333314e+00
2.756666666666666821e+00 2.778999999999999915e+00 4.944999999999999396e+00 3.770333333333333314e+00
2.756666666666666821e+00 2.778999999999999915e+00 4.918333333333333002e+00 3.770333333333333314e+00
2.743333333333333179e+00 2.765666666666666718e+00 4.905000000000000249e+00 3.770333333333333314e+00
2.743333333333333179e+00 2.738999999999999879e+00 4.905000000000000249e+00 3.770333333333333314e+00
2.743333333333333179e+00 2.738999999999999879e+00 4.905000000000000249e+00 3.797000000000000153e+00
2.743333333333333179e+00 2.738999999999999879e+00 4.931666666666666643e+00 3.797000000000000153e+00
2.770000000000000018e+00 2.738999999999999879e+00 4.931666666666666643e+00 3.797000000000000153e+00
2.743333333333333179e+00 2.765666666666666718e+00 4.905000000000000249e+00 3.797000000000000153e+00
2.743333333333333179e+00 2.738999999999999879e+00 4.905000000000000249e+00 3.797000000000000153e+00
2.743333333333333179e+00 2.738999999999999879e+00 4.931666666666666643e+00 3.797000000000000153e+00
2.743333333333333179e+00 2.738999999999999879e+00 4.931666666666666643e+00 3.770333333333333314e+00
2.770000000000000018e+00 2.738999999999999879e+00 4.931666666666666643e+00 3.770333333333333314e+00
2.729999999999999982e+00 2.778999999999999915e+00 4.918333333333333002e+00 3.757000000000000117e+00
2.729999999999999982e+00 2.752333333333333076e+00 4.918333333333333002e+00 3.757000000000000117e+00
2.729999999999999982e+00 2.752333333333333076e+00 4.944999999999999396e+00 3.757000000000000117e+00
2.729999999999999982e+00 2.752333333333333076e+00 4.944999999999999396e+00 3.783666666666666956e+00
2.756666666666666821e+00 2.752333333333333076e+00 4.944999999999999396e+00 3.783666666666666956e+00
2.729999999999999982e+00 2.738999999999999879e+00 4.918333333333333002e+00 3.770333333333333314e+00
2.756666666666666821e+00 2.738999999999999879e+00 4.918333333333333002e+00 3.770333333333333314e+00
2.756666666666666821e+00 2.738999999999999879e+00 4.918333333333333002e+00 3.797000000000000153e+00
2.756666666666666821e+00 2.765666666666666718e+00 4.918333333333333002e+00 3.797000000000000153e+00
2.756666666666666821e+00 2.765666666666666718e+00 4.944999999999999396e+00 3.797000000000000153e+00
2.756666666666666821e+00 2.752333333333333076e+00 4.905000000000000249e+00 3.783666666666666956e+00
2.729999999999999982e+00 2.752333333333333076e+00 4.905000000000000249e+00 3.783666666666666956e+00
2.729999999999999982e+00 2.752333333333333076e+00 4.931666666666666643e+00 3.783666666666666956e+00
2.729999999999999982e+00 2.778999999999999915e+00 4.931666666666666643e+00 3.783666666666666956e+00
2.729999999999999982e+00 2.778999999999999915e+00 4.931666666666666643e+00 3.757000000000000117e+00
2.729999999999999982e+00 2.738999999999999879e+00 4.931666666666666643e+00 3.770333333333333314e+00
2.729999999999999982e+00 2.738999999999999879e+00 4.931666666666666643e+00 3.797000000000000153e+00
2.756666666666666821e+00 2.738999999999999879e+00 4.931666666666666643e+00 3.797000000000000153e+00
2.756666666666666821e+00 2.738999999999999879e+00 4.905000000000000249e+00 3.797000000000000153e+00
2.756666666666666821e+00 2.765666666666666718e+00 4.905000000000000249e+00 3.797000000000000153e+00
2.770000000000000018e+00 2.765666666666666718e+00 4.944999999999999396e+00 3.783666666666666956e+00
2.770000000000000018e+00 2.765666666666666718e+00 4.918333333333333002e+00 3.783666666666666956e+00
2.770000000000000018e+00 2.738999999999999879e+00 4.918333333333333002e+00 3.783666666666666956e+00
2.743333333333333179e+00 2.738999999999999879e+00 4.918333333333333002e+00 3.783666666666666956e+00
2.743333333333333179e+00 2.738999999999999879e+00 4.918333333333333002e+00 3.757000000000000117e+00
2.770000000000000018e+00 2.778999999999999915e+00 4.905000000000000249e+00 3.770333333333333314e+00
2.770000000000000018e+00 2.778999999999999915e+00 4.905000000000000249e+00 3.797000000000000153e+00
2.770000000000000018e+00 2.778999999999999915e+00 4.931666666666666643e+00 3.797000000000000153e+00
2.770000000000000018e+00 2.752333333333333076e+00 4.931666666666666643e+00 3.797000000000000153e+00
2.743333333333333179e+00 2.752333333333333076e+00 4.931666666666666643e+00 3.797000000000000153e+00
2.729999999999999982e+00 2.738999999999999879e+00 4.944999999999999396e+00 3.770333333333333314e+00
2.729999999999999982e+00 2.738999999999999879e+00 4.918333333333333002e+00 3.770333333333333314e+00
2.729999999999999982e+00 2.765666666666666718e+00 4.918333333333333002e+00 3.770333333333333314e+00
2.729999999999999982e+00 2.765666666666666718e+00 4.918333333333333002e+00 3.797000000000000153e+00
2.756666666666666821e+00 2.765666666666666718e+00 4.918333333333333002e+00 3.797000000000000153e+00
2.756666666666666821e+00 2.738999999999999879e+00 4.918333333333333002e+00 3.770333333333333314e+00
2.756666666666666821e+00 2.765666666666666718e+00 4.918333333333333002e+00 3.770333333333333314e+00
2.756666666666666821e+00 2.765666666666666718e+00 4.918333333333333002e+00 3.797000000000000153e+00
2.756666666666666821e+00 2.765666666666666718e+00 4.944999999999999396e+00 3.797000000000000153e+00
2.729999999999999982e+00 2.765666666666666718e+00 4.944999999999999396e+00 3.797000000000000153e+00
2.743333333333333179e+00 2.778999999999999915e+00 4.944999999999999396e+00 3.797000000000000153e+00
2.770000000000000018e+00 2.778999999999999915e+00 4.944999999999999396e+00 3.797000000000000153e+00
2.770000000000000018e+00 2.778999999999999915e+00 4.918333333333333002e+00 3.797000000000000153e+00
2.770000000000000018e+00 2.752333333333333076e+00 4.918333333333333002e+00 3.797000000000000153e+00
2.770000000000000018e+00 2.752333333333333076e+00 4.918333333333333002e+00 3.770333333333333314e+00
2.743333333333333179e+00 2.778999999999999915e+00 4.931666666666666643e+00 3.757000000000000117e+00
2.743333333333333179e+00 2.752333333333333076e+00 4.931666666666666643e+00 3.757000000000000117e+00
2.743333333333333179e+00 2.752333333333333076e+00 4.931666666666666643e+00 3.783666666666666956e+00
2.743333333333333179e+00 2.752333333333333076e+00 4.905000000000000249e+00 3.783666666666666956e+00
2.770000000000000018e+00 2.752333333333333076e+00 4.905000000000000249e+00 3.783666666666666956e+00
2.756666666666666821e+00 2.765666666666666718e+00 4.931666666666666643e+00 3.797000000000000153e+00
2.729999999999999982e+00 2.765666666666666718e+00 4.931666666666666643e+00 3.797000000000000153e+00
2.729999999999999982e+00 2.765666666666666718e+00 4.931666666666666643e+00 3.770333333333333314e+00
2.729999999999999982e+00 2.765666666666666718e+00 4.905000000000000249e+00 3.770333333333333314e+00
2.729999999999999982e+00 2.738999999999999879e+00 4.905000000000000249e+00 3.770333333333333314e+00
2.743333333333333179e+00 2.738999999999999879e+00 4.905000000000000249e+00 3.770333333333333314e+00
2.743333333333333179e+00 2.765666666666666718e+00 4.905000000000000249e+00 3.770333333333333314e+00
2.743333333333333179e+00 2.765666666666666718e+00 4.931666666666666643e+00 3.770333333333333314e+00
2.743333333333333179e+00 2.765666666666666718e+00 4.931666666666666643e+00 3.797000000000000153e+00
2.770000000000000018e+00 2.765666666666666718e+00 4.931666666666666643e+00 3.797000000000000153e+00
2.756666666666666821e+00 2.752333333333333076e+00 4.905000000000000249e+00 3.770333333333333314e+00
2.756666666666666821e+00 2.752333333333333076e+00 4.931666666666666643e+00 3.770333333333333314e+00
2.756666666666666821e+00 2.752333333333333076e+00 4.931666666666666643e+00 3.797000000000000153e+00
2.756666666666666821e+00 2.778999999999999915e+00 4.931666666666666643e+00 3.797000000000000153e+00
2.729999999999999982e+00 2.778999999999999915e+00 4.931666666666666643e+00 3.797000000000000153e+00
2.743333333333333179e+00 2.765666666666666718e+00 4.931666666666666643e+00 3.797000000000000153e+00
2.743333333333333179e+00 2.765666666666666718e+00 4.905000000000000249e+00 3.797000000000000153e+00
2.770000000000000018e+00 2.765666666666666718e+00 4.905000000000000249e+00 3.797000000000000153e+00
2.770000000000000018e+00 2.765666666666666718e+00 4.905000000000000249e+00 3.770333333333333314e+00
2.770000000000000018e+00 2.738999999999999879e+00 4.905000000000000249e+00 3.770333333333333314e+00
2.770000000000000018e+00 2.765666666666666718e+00 4.931666666666666643e+00 3.757000000000000117e+00
2.770000000000000018e+00 2.765666666666666718e+00 4.905000000000000249e+00 3.757000000000000117e+00
2.770000000000000018e+00 2.738999999999999879e+00 4.905000000000000249e+00 3.757000000000000117e+00
2.770000000000000018e+00 2.738999999999999879e+00 4.905000000000000249e+00 3.783666666666666956e+00
2.743333333333333179e+00 2.738999999999999879e+00 4.905000000000000249e+00 3.783666666666666956e+00
2.770000000000000018e+00 2.778999999999999915e+00 4.918333333333333002e+00 3.770333333333333314e+00
2.770000000000000018e+00 2.778999999999999915e+00 4.918333333333333002e+00 3.797000000000000153e+00
2.770000000000000018e+00 2.778999999999999915e+00 4.944999999999999396e+00 3.797000000000000153e+00
2.770000000000000018e+00 2.752333333333333076e+00 4.944999999999999396e+00 3.797000000000000153e+00
2.743333333333333179e+00 2.752333333333333076e+00 4.944999999999999396e+00 3.797000000000000153e+00
2.729999999999999982e+00 2.765666666666666718e+00 4.931666666666666643e+00 3.797000000000000153e+00
2.729999999999999982e+00 2.765666666666666718e+00 4.905000000000000249e+00 3.797000000000000153e+00
2.756666666666666821e+00 2.765666666666666718e+00 4.905000000000000249e+00 3.797000000000000153e+00
2.756666666666666821e+00 2.738999999999999879e+00 4.905000000000000249e+00 3.797000000000000153e+00
2.756666666666666821e+00 2.738999999999999879e+00 4.905000000000000249e+00 3.770333333333333314e+00
2.729999999999999982e+00 2.738999999999999879e+00 4.918333333333333002e+00 3.757000000000000117e+00
2.729999999999999982e+00 2.738999999999999879e+00 4.944999999999999396e+00 3.757000000000000117e+00
2.729999999999999982e+00 2.765666666666666718e+00 4.944999999999999396e+00 3.757000000000000117e+00
2.729999999999999982e+00 2.765666666666666718e+00 4.944999999999999396e+00 3.783666666666666956e+00
2.756666666666666821e+00 2.765666666666666718e+00 4.944999999999999396e+00 3.783666666666666956e+00
2.743333333333333179e+00 2.765666666666666718e+00 4.918333333333333002e+00 3.783666666666666956e+00
2.743333333333333179e+00 2.765666666666666718e+00 4.944999999999999396e+00 3.783666666666666956e+00
2.743333333333333179e+00 2.765666666666666718e+00 4.944999999999999396e+00 3.757000000000000117e+00
2.743333333333333179e+00 2.738999999999999879e+00 4.944999999999999396e+00 3.757000000000000117e+00
2.770000000000000018e+00 2.738999999999999879e+00 4.944999999999999396e+00 3.757000000000000117e+00
2.770000000000000018e+00 2.765666666666666718e+00 4.918333333333333002e+00 3.770333333333333314e+00
2.743333333333333179e+00 2.765666666666666718e+00 4.918333333333333002e+00 3.770333333333333314e+00
2.743333333333333179e+00 2.765666666666666718e+00 4.918333333333333002e+00 3.797000000000000153e+00
2.743333333333333179e+00 2.738999999999999879e+00 4.918333333333333002e+00 3.797000000000000153e+00
2.743333333333333179e+00 2.738999999999999879e+00 4.944999999999999396e+00 3.797000000000000153e+00
2.743333333333333179e+00 2.765666666666666718e+00 4.931666666666666643e+00 3.797000000000000153e+00
2.743333333333333179e+00 2.765666666666666718e+00 4.905000000000000249e+00 3.797000000000000153e+00
2.770000000000000018e+00 2.765666666666666718e+00 4.905000000000000249e+00 3.797000000000000153e+00
2.770000000000000018e+00 2.738999999999999879e+00 4.905000000000000249e+00 3.797000000000000153e+00
2.770000000000000018e+00 2.738999999999999879e+00 4.905000000000000249e+00 3.770333333333333314e+00
2.729999999999999982e+00 2.778999999999999915e+00 4.918333333333333002e+00 3.770333333333333314e+00
2.729999999999999982e+00 2.778999999999999915e+00 4.944999999999999396e+00 3.770333333333333314e+00
2.756666666666666821e+00 2.778999999999999915e+00 4.944999999999999396e+00 3.770333333333333314e+00
2.756666666666666821e+00 2.752333333333333076e+00 4.944999999999999396e+00 3.770333333333333314e+00
2.756666666666666821e+00 2.752333333333333076e+00 4.944999999999999396e+00 3.797000000000000153e+00
2.756666666666666821e+00 2.778999999999999915e+00 4.931666666666666643e+00 3.770333333333333314e+00
2.756666666666666821e+00 2.778999999999999915e+00 4.931666666666666643e+00 3.797000000000000153e+00
2.756666666666666821e+00 2.778999999999999915e+00 4.905000000000000249e+00 3.797000000000000153e+00
2.756666666666666821e+00 2.752333333333333076e+00 4.905000000000000249e+00 3.797000000000000153e+00
2.729999999999999982e+00 2.752333333333333076e+00 4.905000000000000249e+00 3.797000000000000153e+00
2.756666666666666821e+00 2.738999999999999879e+00 4.905000000000000249e+00 3.797000000000000153e+00
2.756666666666666821e+00 2.738999999999999879e+00 4.905000000000000249e+00 3.770333333333333314e+00
2.729999999999999982e+00 2.738999999999999879e+00 4.905000000000000249e+00 3.770333333333333314e+00
2.729999999999999982e+00 2.738999999999999879e+00 4.931666666666666643e+00 3.770333333333333314e+00
2.729999999999999982e+00 2.765666666666666718e+00 4.931666666666666643e+00 3.770333333333333314e+00
2.743333333333333179e+00 2.738999999999999879e+00 4.931666666666666643e+00 3.770333333333333314e+00
2.743333333333333179e+00 2.738999999999999879e+00 4.905000000000000249e+00 3.770333333333333314e+00
2.770000000000000018e+00 2.738999999999999879e+00 4.905000000000000249e+00 3.770333333333333314e+00
2.770000000000000018e+00 2.738999999999999879e+00 4.905000000000000249e+00 3.797000000000000153e+00
2.770000000000000018e+00 2.765666666666666718e+00 4.905000000000000249e+00 3.797000000000000153e+00
2.756666666666666821e+00 2.752333333333333076e+00 4.944999999999999396e+00 3.783666666666666956e+00
2.756666666666666821e+00 2.752333333333333076e+00 4.918333333333333002e+00 3.783666666666666956e+00
2.756666666666666821e+00 2.778999999999999915e+00 4.918333333333333002e+00 3.783666666666666956e+00
2.756666666666666821e+00 2.778999999999999915e+00 4.918333333333333002e+00 3.757000000000000117e+00
2.729999999999999982e+00 2.778999999999999915e+00 4.918333333333333002e+00 3.757000000000000117e+00
2.729999999999999982e+00 2.738999999999999879e+00 4.918333333333333002e+00 3.783666666666666956e+00
2.756666666666666821e+00 2.738999999999999879e+00 4.918333333333333002e+00 3.783666666666666956e+00
2.756666666666666821e+00 2.738999999999999879e+00 4.944999999999999396e+00 3.783666666666666956e+00
2.756666666666666821e+00 2.738999999999999879e+00 4.944999999999999396e+00 3.757000000000000117e+00
2.756666666666666821e+00 2.765666666666666718e+00 4.944999999999999396e+00 3.757000000000000117e+00
2.770000000000000018e+00 2.765666666666666718e+00 4.931666666666666643e+00 3.770333333333333314e+00
2.770000000000000018e+00 2.765666666666666718e+00 4.931666666666666643e+00 3.797000000000000153e+00
2.743333333333333179e+00 2.765666666666666718e+00 4.931666666666666643e+00 3.797000000000000153e+00
2.743333333333333179e+00 2.738999999999999879e+00 4.931666666666666643e+00 3.797000000000000153e+00
2.743333333333333179e+00 2.738999999999999879e+00 4.905000000000000249e+00 3.797000000000000153e+00
2.756666666666666821e+00 2.765666666666666718e+00 4.944999999999999396e+00 3.757000000000000117e+00
2.729999999999999982e+00 2.765666666666666718e+00 4.944999999999999396e+00 3.757000000000000117e+00
2.729999999999999982e+00 2.765666666666666718e+00 4.944999999999999396e+00 3.783666666666666956e+00
2.729999999999999982e+00 2.765666666666666718e+00 4.918333333333333002e+00 3.783666666666666956e+00
2.729999999999999982e+00 2.738999999999999879e+00 4.918333333333333002e+00 3.783666666666666956e+00
2.729999999999999982e+00 2.738999999999999879e+00 4.944999999999999396e+00 3.757000000000000117e+00
2.729999999999999982e+00 2.765666666666666718e+00 4.944999999999999396e+00 3.757000000000000117e+00
2.729999999999999982e+00 2.765666666666666718e+00 4.944999999999999396e+00 3.783666666666666956e+00
2.756666666666666821e+00 2.765666666666666718e+00 4.944999999999999396e+00 3.783666666666666956e+00
2.756666666666666821e+00 2.765666666666666718e+00 4.918333333333333002e+00 3.783666666666666956e+00
2.743333333333333179e+00 2.738999999999999879e+00 4.905000000000000249e+00 3.797000000000000153e+00
2.743333333333333179e+00 2.738999999999999879e+00 4.931666666666666643e+00 3.797000000000000153e+00
2.743333333333333179e+00 2.765666666666666718e+00 4.931666666666666643e+00 3.797000000000000153e+00
2.770000000000000018e+00 2.765666666666666718e+00 4.931666666666666643e+00 3.797000000000000153e+00
2.770000000000000018e+00 2.765666666666666718e+00 4.931666666666666643e+00 3.770333333333333314e+00
2.743333333333333179e+00 2.752333333333333076e+00 4.931666666666666643e+00 3.757000000000000117e+00
2.743333333333333179e+00 2.778999999999999915e+00 4.931666666666666643e+00 3.757000000000000117e+00
2.743333333333333179e+00 2.778999999999999915e+00 4.905000000000000249e+00 3.757000000000000117e+00
2.743333333333333179e+00 2.778999999999999915e+00 4.905000000000000249e+00 3.783666666666666956e+00
2.770000000000000018e+00 2.778999999999999915e+00 4.905000000000000249e+00 3.783666666666666956e+00
2.770000000000000018e+00 2.778999999999999915e+00 4.905000000000000249e+00 3.797000000000000153e+00
2.770000000000000018e+00 2.752333333333333076e+00 4.905000000000000249e+00 3.797000000000000153e+00
2.770000000000000018e+00 2.752333333333333076e+00 4.931666666666666643e+00 3.797000000000000153e+00
2.770000000000000018e+00 2.752333333333333076e+00 4.931666666666666643e+00 3.770333333333333314e+00
2.743333333333333179e+00 2.752333333333333076e+00 4.931666666666666643e+00 3.770333333333333314e+00
2.770000000000000018e+00 2.752333333333333076e+00 4.918333333333333002e+00 3.757000000000000117e+00
2.770000000000000018e+00 2.752333333333333076e+00 4.918333333333333002e+00 3.783666666666666956e+00
2.770000000000000018e+00 2.752333333333333076e+00 4.944999999999999396e+00 3.783666666666666956e+00
2.770000000000000018e+00 2.778999999999999915e+00 4.944999999999999396e+00 3.783666666666666956e+00
2.743333333333333179e+00 2.778999999999999915e+00 4.944999999999999396e+00 3.783666666666666956e+00
2.756666666666666821e+00 2.765666666666666718e+00 4.931666666666666643e+00 3.757000000000000117e+00
2.756666666666666821e+00 2.738999999999999879e+00 4.931666666666666643e+00 3.757000000000000117e+00
2.729999999999999982e+00 2.738999999999999879e+00 4.931666666666666643e+00 3.757000000000000117e+00
2.729999999999999982e+00 2.738999999999999879e+00 4.931666666666666643e+00 3.783666666666666956e+00
2.729999999999999982e+00 2.738999999999999879e+00 4.905000000000000249e+00 3.783666666666666956e+00
2.770000000000000018e+00 2.738999999999999879e+00 4.918333333333333002e+00 3.770333333333333314e+00
2.770000000000000018e+00 2.765666666666666718e+00 4.918333333333333002e+00 3.770333333333333314e+00
2.770000000000000018e+00 2.765666666666666718e+00 4.918333333333333002e+00 3.797000000000000153e+00
2.770000000000000018e+00 2.765666666666666718e+00 4.944999999999999396e+00 3.797000000000000153e+00
2.743333333333333179e+00 2.765666666666666718e+00 4.944999999999999396e+00 3.797000000000000153e+00
2.770000000000000018e+00 2.765666666666666718e+00 4.931666666666666643e+00 3.797000000000000153e+00
2.770000000000000018e+00 2.765666666666666718e+00 4.931666666666666643e+00 3.770333333333333314e+00
2.770000000000000018e+00 2.738999999999999879e+00 4.931666666666666643e+00 3.770333333333333314e+00
2.770000000000000018e+00 2.738999999999999879e+00 4.905000000000000249e+00 3.770333333333333314e+00
2.743333333333333179e+00 2.738999999999999879e+00 4.905000000000000249e+00 3.770333333333333314e+00
2.743333333333333179e+00 2.752333333333333076e+00 4.918333333333333002e+00 3.783666666666666956e+00
2.743333333333333179e+00 2.752333333333333076e+00 4.944999999999999396e+00 3.783666666666666956e+00
2.743333333333333179e+00 2.778999999999999915e+00 4.944999999999999396e+00 3.783666666666666956e+00
2.770000000000000018e+00 2.778999999999999915e+00 4.944999999999999396e+00 3.783666666666666956e+00
2.770000000000000018e+00 2.778999999999999915e+00 4.944999999999999396e+00 3.757000000000000117e+00
2.729999999999999982e+00 2.778999999999999915e+00 4.944999999999999396e+00 3.770333333333333314e+00
2.756666666666666821e+00 2.778999999999999915e+00 4.944999999999999396e+00 3.770333333333333314e+00
2.756666666666666821e+00 2.778999999999999915e+00 4.944999999999999396e+00 3.797000000000000153e+00
2.756666666666666821e+00 2.752333333333333076e+00 4.944999999999999396e+00 3.797000000000000153e+00
2.756666666666666821e+00 2.752333333333333076e+00 4.918333333333333002e+00 3.797000000000000153e+00
2.756666666666666821e+00 2.765666666666666718e+00 4.905000000000000249e+00 3.770333333333333314e+00
2.729999999999999982e+00 2.765666666666666718e+00 4.905000000000000249e+00 3.770333333333333314e+00
2.729999999999999982e+00 2.765666666666666718e+00 4.905000000000000249e+00 3.797000000000000153e+00
2.729999999999999982e+00 2.765666666666666718e+00 4.931666666666666643e+00 3.797000000000000153e+00
2.729999999999999982e+00 2.738999999999999879e+00 4.931666666666666643e+00 3.797000000000000153e+00
2.770000000000000018e+00 2.778999999999999915e+00 4.944999999999999396e+00 3.770333333333333314e+00
2.770000000000000018e+00 2.752333333333333076e+00 4.944999999999999396e+00 3.770333333333333314e+00
2.770000000000000018e+00 2.752333333333333076e+00 4.944999999999999396e+00 3.797000000000000153e+00
2.770000000000000018e+00 2.752333333333333076e+00 4.918333333333333002e+00 3.797000000000000153e+00
2.743333333333333179e+00 2.752333333333333076e+00 4.918333333333333002e+00 3.797000000000000153e+00
2.756666666666666821e+00 2.765666666666666718e+00 4.944999999999999396e+00 3.770333333333333314e+00
2.756666666666666821e+00 2.765666666666666718e+00 4.918333333333333002e+00 3.770333333333333314e+00
2.729999999999999982e+00 2.765666666666666718e+00 4.918333333333333002e+00 3.770333333333333314e+00
2.729999999999999982e+00 2.738999999999999879e+00 4.918333333333333002e+00 3.770333333333333314e+00
2.729999999999999982e+00 2.738999999999999879e+00 4.918333333333333002e+00 3.797000000000000153e+00
2.743333333333333179e+00 2.738999999999999879e+00 4.944999999999999396e+00 3.783666666666666956e+00
2.743333333333333179e+00 2.738999999999999879e+00 4.944999999999999396e+00 3.757000000000000117e+00
2.743333333333333179e+00 2.738999999999999879e+00 4.918333333333333002e+00 3.757000000000000117e+00
2.743333333333333179e+00 2.765666666666666718e+00 4.918333333333333002e+00 3.757000000000000117e+00
2.770000000000000018e+00 2.765666666666666718e+00 4.918333333333333002e+00 3.757000000000000117e+00
2.729999999999999982e+00 2.752333333333333076e+00 4.944999999999999396e+00 3.770333333333333314e+00
2.729999999999999982e+00 2.752333333333333076e+00 4.944999999999999396e+00 3.797000000000000153e+00
2.729999999999999982e+00 2.778999999999999915e+00 4.944999999999999396e+00 3.797000000000000153e+00
2.756666666666666821e+00 2.778999999999999915e+00 4.944999999999999396e+00 3.797000000000000153e+00
2.756666666666666821e+00 2.778999999999999915e+00 4.918333333333333002e+00 3.797000000000000153e+00
