-2.874553846153590220e-01
-1.858246153845894422e-01
-1.858246153845894422e-01
-1.858246153845894422e-01
-3.455538461538237849e-01
-3.455538461538237849e-01
-3.455538461538237849e-01
-3.455538461538237849e-01
-3.455538461538237849e-01
-1.858246153845894422e-01
-1.858246153845894422e-01
-3.455538461538237849e-01
-1.858246153845894422e-01
-1.858246153845894422e-01
-1.858246153845894422e-01
-1.858246153845894422e-01
-1.858246153845894422e-01
-1.858246153845894422e-01
-1.858246153845894422e-01
-2.874553846153574121e-01
-3.973753846153608715e-01
-3.973753846153608715e-01
-3.973753846153608715e-01
-2.708769230768975356e-01
-2.708769230768975356e-01
-1.443784615384325898e-01
-1.443784615384325898e-01
-1.443784615384325898e-01
-1.443784615384325898e-01
-9.516923076898655895e-03
-2.535784615384357732e-01
-2.535784615384357732e-01
-3.552092307692053530e-01
-3.552092307692053530e-01
-4.817076923076702988e-01
-4.817076923076702988e-01
-4.817076923076702988e-01
-3.552092307692053530e-01
-3.552092307692053530e-01
-3.552092307692053530e-01
-1.010676923076668371e-01
2.714769230771903186e-02
2.714769230771903186e-02
2.714769230771903186e-02
2.714769230771903186e-02
2.714769230771903186e-02
1.868769230769517231e-01
1.868769230769517231e-01
2.714769230772066944e-02
2.714769230772066944e-02
8.039076923079659098e-02
-7.933846153843281124e-02
-7.933846153843281124e-02
-7.933846153843281124e-02
-7.933846153843281124e-02
-7.933846153843281124e-02
-1.942615384615097307e-01
-3.340523076922836121e-01
-3.340523076922836121e-01
-3.340523076922836121e-01
-1.010676923076668371e-01
3.872307692310555244e-02
3.872307692310555244e-02
3.872307692310555244e-02
1.868769230769517231e-01
1.868769230769517231e-01
1.868769230769517231e-01
1.868769230769517231e-01
1.868769230769517231e-01
2.714769230772066944e-02
-4.000153846153642889e-01
-4.817076923076702988e-01
-4.817076923076702988e-01
-4.817076923076702988e-01
-3.552092307692053530e-01
-3.552092307692053530e-01
-3.552092307692053530e-01
-2.287107692307435713e-01
-2.287107692307435713e-01
-2.287107692307435713e-01
-3.217569230768986821e-01
-3.217569230768986821e-01
-4.100953846153623794e-01
-2.769507692307428548e-01
-2.769507692307428548e-01
-1.438061538461249678e-01
-1.438061538461249678e-01
-1.438061538461249678e-01
-1.438061538461249678e-01
-1.438061538461249678e-01
-3.973753846153608715e-01
-2.708769230768975356e-01
-2.708769230768975356e-01
-2.708769230768975356e-01
-1.443784615384325898e-01
-9.516923076898655895e-03
-9.516923076898655895e-03
-9.516923076898655895e-03
-9.516923076898655895e-03
-9.516923076898655895e-03
-1.559076923074237744e-02
1.374923076923374732e-01
1.374923076923374732e-01
1.374923076923374732e-01
1.374923076923374732e-01
-1.066153846150883107e-02
-1.066153846150883107e-02
-1.066153846150883107e-02
-1.066153846150883107e-02
-1.438061538461266053e-01
-9.516923076898655895e-03
-1.443784615384325898e-01
-1.443784615384325898e-01
-2.708769230768975356e-01
-2.708769230768975356e-01
-2.708769230768975356e-01
-2.708769230768975356e-01
-2.708769230768975356e-01
-3.973753846153608715e-01
-3.973753846153608715e-01
-1.443784615384325898e-01
-2.708769230768975356e-01
-2.708769230768975356e-01
-1.559538461538206022e-01
-1.559538461538206022e-01
-3.023907692307474804e-01
-3.023907692307474804e-01
-3.023907692307474804e-01
-3.023907692307474804e-01
-3.023907692307474804e-01
-1.071415384615121980e-01
-1.071415384615121980e-01
-1.071415384615121980e-01
-2.287107692307419338e-01
-2.287107692307419338e-01
-2.287107692307419338e-01
-2.287107692307419338e-01
-1.022123076922786533e-01
-1.022123076922786533e-01
-2.287107692307419338e-01
-3.340523076922836121e-01
-3.340523076922836121e-01
-3.340523076922836121e-01
-3.340523076922836121e-01
-1.942615384615097307e-01
-1.942615384615097307e-01
-1.942615384615097307e-01
-7.933846153843281124e-02
8.039076923079659098e-02
8.039076923079659098e-02
-1.559076923074401849e-02
1.374923076923374732e-01
-1.066153846150883107e-02
-1.066153846150883107e-02
-1.066153846150883107e-02
-1.438061538461282429e-01
-1.438061538461282429e-01
-1.438061538461282429e-01
-1.438061538461282429e-01
-1.438061538461282429e-01
-2.609538461535853421e-02
-2.609538461535853421e-02
-2.609538461535853421e-02
-1.476646153845882770e-01
-1.476646153845882770e-01
-1.476646153845882770e-01
-7.873846153815887428e-03
-7.873846153815887428e-03
-7.873846153815887428e-03
-1.476646153845882770e-01
-4.000153846153642889e-01
-4.000153846153642889e-01
-4.000153846153642889e-01
-4.000153846153642889e-01
-4.000153846153642889e-01
-4.817076923076702988e-01
-4.817076923076702988e-01
-3.552092307692053530e-01
-2.287107692307435713e-01
-2.287107692307435713e-01
-1.858246153845894422e-01
-1.858246153845894422e-01
-1.858246153845894422e-01
-1.858246153845894422e-01
-1.858246153845894422e-01
-2.609538461535689316e-02
-1.476646153845882770e-01
-1.476646153845882770e-01
-2.874553846153590220e-01
-2.874553846153590220e-01
-2.708769230768975356e-01
-2.708769230768975356e-01
-1.443784615384325898e-01
-1.443784615384325898e-01
-1.443784615384325898e-01
-1.443784615384325898e-01
-2.708769230768975356e-01
-2.708769230768975356e-01
-2.708769230768975356e-01
-1.559538461538206022e-01
-2.408584615384375960e-01
-1.325815384615103842e-01
-1.325815384615103842e-01
-1.325815384615103842e-01
2.714769230771903186e-02
-1.325815384615103842e-01
-1.325815384615103842e-01
-1.325815384615103842e-01
-1.325815384615103842e-01
-1.325815384615103842e-01
-7.933846153843596150e-02
-7.933846153843596150e-02
-7.933846153843596150e-02
-2.390676923076637261e-01
-2.390676923076637261e-01
-7.933846153843281124e-02
-1.942615384615097307e-01
-1.942615384615097307e-01
-1.942615384615097307e-01
-1.942615384615097307e-01
-9.942461538458734205e-02
-9.942461538458734205e-02
-9.942461538458734205e-02
-9.942461538458734205e-02
-9.942461538458734205e-02
-2.325692307692036054e-01
-1.176461538461267137e-01
-1.176461538461267137e-01
-2.707292307692080735e-01
-2.707292307692080735e-01
-1.010676923076651995e-01
-1.010676923076651995e-01
3.872307692310555244e-02
3.872307692310555244e-02
1.868769230769517231e-01
2.714769230771903186e-02
2.714769230771903186e-02
2.714769230771903186e-02
2.714769230771903186e-02
2.714769230771903186e-02
-1.071415384615121980e-01
-1.071415384615121980e-01
-1.071415384615121980e-01
3.929538461541303568e-02
3.929538461541303568e-02
-1.071415384615121980e-01
-2.287107692307419338e-01
-2.287107692307419338e-01
-2.287107692307419338e-01
-2.287107692307419338e-01
-3.340523076922836121e-01
-3.340523076922836121e-01
-3.340523076922836121e-01
-2.390676923076637261e-01
-2.390676923076637261e-01
-2.390676923076637261e-01
-2.390676923076637261e-01
-2.390676923076637261e-01
-7.933846153843281124e-02
8.039076923079659098e-02
-3.657138461538230190e-01
-3.657138461538230190e-01
-3.657138461538230190e-01
-3.657138461538230190e-01
-2.325692307692036054e-01
-2.325692307692036054e-01
-1.176461538461267137e-01
-1.176461538461267137e-01
-1.176461538461267137e-01
3.543692307694985832e-02
-4.817076923076702988e-01
-4.817076923076702988e-01
-4.817076923076702988e-01
-4.817076923076702988e-01
-4.817076923076702988e-01
-3.552092307692053530e-01
-3.552092307692053530e-01
-2.535784615384374385e-01
-1.071415384615121980e-01
-1.071415384615121980e-01
-3.130430769230497789e-01
-3.130430769230497789e-01
-3.130430769230497789e-01
-3.130430769230497789e-01
-3.130430769230497789e-01
-1.865446153845880251e-01
-1.865446153845880251e-01
-5.832923076920542432e-02
8.810769230772144689e-02
8.810769230772144689e-02
-3.552092307692053530e-01
-3.552092307692053530e-01
-3.552092307692053530e-01
-3.552092307692053530e-01
-3.552092307692053530e-01
-3.552092307692053530e-01
-2.535784615384357732e-01
-4.000153846153642889e-01
-4.000153846153642889e-01
-2.535784615384374385e-01
-3.340523076922836121e-01
-3.340523076922836121e-01
-2.390676923076670013e-01
-7.933846153843446269e-02
-7.933846153843446269e-02
-7.933846153843446269e-02
-7.933846153843446269e-02
-7.933846153843446269e-02
8.039076923079659098e-02
8.039076923079659098e-02
-9.942461538458734205e-02
-9.942461538458734205e-02
3.543692307694985832e-02
3.543692307694985832e-02
3.543692307694985832e-02
-1.176461538461267137e-01
-1.176461538461267137e-01
-2.707292307692080735e-01
-2.707292307692080735e-01
-2.707292307692080735e-01
