3.049999999999999822e+00 2.459000000000000075e+00 5.024999999999999467e+00 4.076999999999999957e+00
3.049999999999999822e+00 2.459000000000000075e+00 4.625000000000000000e+00 4.076999999999999957e+00
2.649999999999999911e+00 2.459000000000000075e+00 4.625000000000000000e+00 4.076999999999999957e+00
2.649999999999999911e+00 2.459000000000000075e+00 4.625000000000000000e+00 3.677000000000000046e+00
2.649999999999999911e+00 2.858999999999999986e+00 4.625000000000000000e+00 3.677000000000000046e+00
2.649999999999999911e+00 3.058999999999999719e+00 4.825000000000000178e+00 3.877000000000000224e+00
2.649999999999999911e+00 3.058999999999999719e+00 5.224999999999999645e+00 3.877000000000000224e+00
3.049999999999999822e+00 3.058999999999999719e+00 5.224999999999999645e+00 3.877000000000000224e+00
3.049999999999999822e+00 3.058999999999999719e+00 5.224999999999999645e+00 3.477000000000000313e+00
3.049999999999999822e+00 2.658999999999999808e+00 5.224999999999999645e+00 3.477000000000000313e+00
