3145957,3305448,3576208
3145983,3146185,3381760,3386431,3577608,3589630
3145991,3145995,3305448,3381760,3576208
3145991,3145995,3192894
3146007,3146010,3195841
3146007,3146010,3184198
3146018,3184198,3305462
3145983,3146185,3195841
3151056,3151212,3151413,3305472,3305486,3381406,3575868
3151174,3305472,3575868
3151200,3151402,3381406,3386319,3577895,3588669
3151208,3151212,3305472,3381406,3575868
3151056,3151208,3151212
3151224,3151227,3375288
3151224,3151227,3151413
3151235,3151413,3305486
3151200,3151402,3375288
3151056,3151227,3151235,3151413,3375288
3146010,3146018,3184198,3192894,3195841
3145995,3184198,3192894,3305448,3305462,3381760,3576208
3146007,3146185,3184198,3195841,3381760,3386431,3577608,3589630
3145957,3145991,3192894,3305448
3146018,3192894,3305462
3151056,3151174,3151208,3305472
3151056,3151235,3305486
3151224,3151402,3151413,3375288,3381406,3386319,3577895,3588669
3151056,3151200,3151208,3375288,3381406
3145983,3145991,3192894,3195841,3381760
3151200,3375288,3386319
3145983,3195841,3386431
3151056,3151174,3151208,3575868
3145957,3145991,3192894,3576208
3145983,3195841,3577608
3151200,3375288,3577895
3151200,3375288,3588669
3145983,3195841,3589630