3151056,3151413,3151235,3151235,3305486
3151227,3151235,3151413
3151200,3381406,3151208,3151208,3151208,3151200,3151200,3151200
3151056,3575868,3151174,3305472
3151224,3151227,3151227,3151413,3375288
3151200,3151402,3375288,3386319
3151200,3386319,3375288,3381406
3151200,3151200,3577895,3375288,3588669
3146010,3146018,3184198
3146007,3146010,3146010,3184198,3195841
3145983,3381760,3145991,3145991,3145991,3145983,3145983,3145983
3145957,3305448,3192894,3576208
3145983,3145983,3577608,3195841,3589630
3145983,3146185,3195841,3386431
3145983,3386431,3195841,3381760
3151174,3575868,3151208,3151208,3305472
3145957,3576208,3145991,3145991,3305448
3151200,3588669,3375288,3151402
3145983,3589630,3195841,3146185
3151056,3151212,3151208,3381406
3145991,3381760,3192894,3145995
3146007,3195841,3577608,3576208,3576208,3192894
3146018,3305462,3192894,3184198,3146018
3145991,3145995,3192894,3305448,3305448
3151056,3151224,3375288,3577895,3575868,3575868
3151056,3305472,3305472,3151208,3151212