3.579098067417778241e-04
3.579098067417778241e-04
3.579098067417778241e-04
-1.189453591028264284e-01
-2.382486280123945199e-01
-1.189453591028264284e-01
-1.189453591028264284e-01
-1.189453591028264284e-01
3.579098067417778241e-04
-1.189453591028264284e-01
-2.382486280123906619e-01
-2.382486280123906619e-01
-2.382486280123906619e-01
-3.575518969219588783e-01
-2.382486280123906619e-01
-1.189453591028225565e-01
-2.382486280123906619e-01
-3.575518969219588783e-01
-3.575518969219588783e-01
-3.575518969219588783e-01
-2.382486280123906619e-01
-3.575518969219588783e-01
-3.575518969219588783e-01
-3.575518969219588783e-01
-2.382486280123906619e-01
-5.929372464804048837e-02
-5.929372464804048837e-02
-1.785969935576085799e-01
-2.979002624671767130e-01
-2.979002624671767130e-01
3.579098067417778241e-04
3.579098067417778241e-04
3.579098067417778241e-04
-1.189453591028264284e-01
-2.382486280123945199e-01
-5.929372464804048837e-02
-1.785969935576085799e-01
-1.785969935576085799e-01
-2.979002624671767130e-01
-2.979002624671767130e-01
