-2.325076923076670743e-01
-2.834615384615145617e-01
-2.325076923076670743e-01
-2.325076923076670743e-01
-1.913111111110875062e-01
-1.376222222221987479e-01
-1.913111111110875062e-01
-2.449999999999762645e-01
-2.834615384615145617e-01
-2.834615384615145617e-01
-1.431846153845876268e-01
-8.812820512817741425e-02
-1.431846153845876268e-01
-1.431846153845876268e-01
-1.857487179486920492e-01
-1.072666666666394486e-01
-6.059999999997231490e-02
-6.059999999997231490e-02
-1.156564102563825275e-01
-1.707128205127928511e-01
-1.072666666666394486e-01
-6.059999999997231490e-02
-1.156564102563825275e-01
-1.707128205127928511e-01
-1.707128205127928511e-01
-2.579846153845884449e-01
-2.070307692307425673e-01
-2.070307692307425673e-01
-1.644666666666399213e-01
-1.107777777777495115e-01
-1.815538461538229731e-01
-2.325076923076670743e-01
-2.834615384615145617e-01
-2.449999999999762645e-01
-2.449999999999762645e-01
-1.305999999999738204e-01
-1.305999999999738204e-01
-1.815538461538196979e-01
-1.376222222221971103e-01
-1.913111111110842311e-01
