1.410496719775156393e-01
-2.764761012182639227e-02
-2.764761012182639227e-02
-2.764761012182639227e-02
-1.963448922211686321e-01
-2.764761012182639227e-02
-1.963448922211686321e-01
-2.764761012182639227e-02
-2.764761012182639227e-02
-2.764761012182639227e-02
-2.764761012182639227e-02
-2.764761012182639227e-02
-2.764761012182639227e-02
1.410496719775156393e-01
-2.764761012182639227e-02
-2.764761012182639227e-02
-2.764761012182639227e-02
7.029053420809885933e-02
1.410496719775156393e-01
-2.764761012182639227e-02
-1.401124648547212304e-01
-1.401124648547212304e-01
-3.088097469540633799e-01
-3.088097469540633799e-01
-1.401124648547212304e-01
7.029053420809885933e-02
7.029053420809885933e-02
7.029053420809885933e-02
2.389878163074431738e-01
8.481724461106822377e-02
-1.401124648547212304e-01
-3.088097469540633799e-01
-3.088097469540633799e-01
-1.401124648547212304e-01
-1.401124648547212304e-01
-8.388003748827391193e-02
8.481724461106822377e-02
2.389878163074431738e-01
7.029053420809885933e-02
7.029053420809885933e-02
