-5.007158196134429140e-01
-5.007158196134429140e-01
-1.785969935576085799e-01
1.435218324982258375e-01
1.435218324982258375e-01
-1.785969935576085799e-01
-1.785969935576085799e-01
-1.785969935576085799e-01
1.435218324982258375e-01
-1.785969935576085799e-01
-7.122405153899837027e-02
-3.933428775948328293e-01
-7.154617036506671912e-01
-7.154617036506671912e-01
-7.154617036506671912e-01
1.435218324982258375e-01
-1.785969935576085799e-01
-1.785969935576085799e-01
-5.007158196134429140e-01
-5.007158196134429140e-01
-3.933428775948328293e-01
-7.154617036506671912e-01
-7.154617036506671912e-01
-3.933428775948328293e-01
-3.933428775948328293e-01
1.435218324982258375e-01
-1.785969935576085799e-01
-1.785969935576085799e-01
-5.007158196134429140e-01
-5.007158196134429140e-01
3.582677165354500870e-01
3.582677165354500870e-01
3.614889047961562796e-02
3.614889047961562796e-02
-2.859699355762186923e-01
3.614889047961562796e-02
3.614889047961562796e-02
3.614889047961562796e-02
3.582677165354500870e-01
3.614889047961562796e-02
