-2.263333333330253688e-02
-1.679666666666413122e-01
-1.679666666666413122e-01
-1.679666666666413122e-01
-3.132999999999785956e-01
-3.132999999999785956e-01
-3.132999999999785956e-01
-3.132999999999785956e-01
-3.132999999999785956e-01
-3.940692307692084673e-01
5.667435897438885539e-02
5.667435897438885539e-02
-7.537692307689333737e-02
-7.537692307689333737e-02
-7.537692307689333737e-02
-1.950692307692060146e-01
-1.950692307692060146e-01
-1.950692307692060146e-01
-1.950692307692060146e-01
-3.147615384615172207e-01
