5.045298344268712987e-02
-1.057482036863360564e-01
-1.057482036863360564e-01
-1.057482036863360564e-01
-2.619493908153592843e-01
-2.619493908153592843e-01
-2.619493908153592843e-01
-2.619493908153592843e-01
-2.619493908153592843e-01
-2.619493908153592843e-01
2.066541705717062638e-01
2.066541705717062638e-01
9.372071227745293331e-02
9.372071227745293331e-02
9.372071227745293331e-02
5.045298344268317470e-02
5.045298344268317470e-02
5.045298344268317470e-02
5.045298344268317470e-02
-1.057482036863401226e-01
