9.400000000027693495e-03
-1.680769230768964784e-01
-1.680769230768964784e-01
-1.680769230768964784e-01
-3.455538461538237849e-01
-3.455538461538237849e-01
-3.455538461538237849e-01
-3.455538461538237849e-01
-3.455538461538237849e-01
-4.363230769230569961e-01
-2.708769230768975356e-01
-2.708769230768975356e-01
-1.431846153845892644e-01
-1.431846153845892644e-01
2.198461538464312887e-02
2.198461538464312887e-02
2.198461538464312887e-02
2.198461538464312887e-02
2.198461538464312887e-02
-1.431846153845876268e-01
-7.933846153843446269e-02
-7.933846153843446269e-02
-7.933846153843446269e-02
9.813846153848970744e-02
-5.416923076920344970e-02
-5.416923076920344970e-02
-5.416923076920344970e-02
-5.416923076920344970e-02
-5.416923076920344970e-02
-2.070307692307425673e-01
1.045692307692584339e-01
1.045692307692584339e-01
-6.004615384612472379e-02
-6.004615384612472379e-02
-6.004615384612472379e-02
-2.005999999999738548e-01
-2.005999999999738548e-01
-2.005999999999738548e-01
-2.005999999999738548e-01
-3.411538461538211608e-01
-1.680769230768948408e-01
-1.680769230768948408e-01
-3.455538461538237849e-01
-3.455538461538237849e-01
-3.455538461538237849e-01
-3.455538461538237849e-01
-1.680769230768964784e-01
-2.834615384615145617e-01
-2.834615384615145617e-01
-2.834615384615145617e-01
-2.834615384615145617e-01
-1.680769230768948408e-01
-3.455538461538237849e-01
-3.455538461538237849e-01
-3.455538461538237849e-01
-1.680769230768964784e-01
-1.680769230768964784e-01
-1.680769230768964784e-01
-1.680769230768964784e-01
-1.680769230768964784e-01
-3.411538461538211608e-01
-3.411538461538211608e-01
-4.817076923076702988e-01
-4.817076923076702988e-01
-4.817076923076702988e-01
-4.817076923076702988e-01
-3.411538461538195510e-01
-3.411538461538195510e-01
-2.257692307692063527e-01
-2.257692307692063527e-01
-1.431846153845876268e-01
-1.431846153845876268e-01
-1.431846153845876268e-01
2.198461538464312887e-02
-1.431846153845892644e-01
-1.431846153845892644e-01
-1.431846153845892644e-01
-1.431846153845892644e-01
-2.708769230768975356e-01
-2.708769230768975356e-01
-2.070307692307425673e-01
-2.070307692307425673e-01
-2.070307692307425673e-01
-3.598923076922833086e-01
-2.568153846153568565e-01
-2.568153846153568565e-01
-2.568153846153568565e-01
-7.933846153843446269e-02
-7.933846153843446269e-02
-7.933846153843446269e-02
-7.933846153843446269e-02
-7.933846153843446269e-02
-7.933846153843446269e-02
-2.568153846153584663e-01
-2.568153846153584663e-01
-7.933846153843446269e-02
-7.933846153843446269e-02
-2.070307692307425673e-01
-2.070307692307425673e-01
-2.070307692307425673e-01
-2.708769230768975356e-01
-2.708769230768975356e-01
-2.708769230768975356e-01
-1.431846153845876268e-01
-1.431846153845876268e-01
-1.431846153845876268e-01
-1.431846153845876268e-01
-1.431846153845876268e-01
2.198461538464312887e-02
-1.431846153845909020e-01
9.400000000027693495e-03
9.400000000027693495e-03
-1.680769230768964784e-01
-3.455538461538237849e-01
-4.363230769230569961e-01
-4.363230769230569961e-01
-4.363230769230569961e-01
-4.363230769230569961e-01
-4.363230769230569961e-01
-4.363230769230569961e-01
-2.834615384615145617e-01
-2.834615384615145617e-01
-4.363230769230569961e-01
-3.455538461538237849e-01
-3.455538461538237849e-01
-3.455538461538237849e-01
-3.455538461538237849e-01
-3.455538461538237849e-01
-1.680769230768948408e-01
-1.680769230768948408e-01
-7.933846153843446269e-02
-7.933846153843446269e-02
-7.933846153843446269e-02
-7.933846153843446269e-02
-2.070307692307425673e-01
-5.416923076920181213e-02
-2.070307692307425673e-01
-2.070307692307425673e-01
-2.070307692307425673e-01
-2.070307692307425673e-01
-2.834615384615145617e-01
-2.834615384615145617e-01
-1.305999999999721828e-01
-1.305999999999721828e-01
-1.305999999999721828e-01
-1.305999999999721828e-01
-1.305999999999721828e-01
9.400000000027693495e-03
1.868769230769517231e-01
1.868769230769517231e-01
-2.708769230768975356e-01
-2.708769230768975356e-01
-2.708769230768975356e-01
-4.114307692307465625e-01
-4.114307692307465625e-01
-4.114307692307465625e-01
-4.114307692307465625e-01
-3.083538461538216646e-01
-3.083538461538216646e-01
-1.431846153845909020e-01
-2.568153846153584663e-01
-2.568153846153584663e-01
-2.568153846153584663e-01
-7.933846153843446269e-02
-7.933846153843446269e-02
-7.933846153843446269e-02
-2.070307692307425673e-01
-2.070307692307425673e-01
-5.416923076920344970e-02
-5.416923076920344970e-02
-3.411538461538195510e-01
-3.411538461538195510e-01
-3.411538461538195510e-01
-3.411538461538195510e-01
-3.411538461538195510e-01
-4.817076923076702988e-01
-4.817076923076702988e-01
-3.411538461538211608e-01
-3.411538461538211608e-01
-2.257692307692063527e-01
-2.834615384615145617e-01
-2.834615384615145617e-01
-2.834615384615145617e-01
-2.834615384615145617e-01
-1.680769230768964784e-01
9.400000000027693495e-03
9.400000000027693495e-03
9.400000000027693495e-03
1.868769230769517231e-01
1.868769230769517231e-01
-2.708769230768975356e-01
-1.303230769230500352e-01
-1.303230769230500352e-01
-1.303230769230500352e-01
-1.303230769230500352e-01
-1.303230769230500352e-01
2.198461538464312887e-02
2.198461538464312887e-02
2.198461538464312887e-02
-1.431846153845876268e-01
-3.598923076922833086e-01
-2.568153846153568565e-01
-2.568153846153568565e-01
-2.568153846153568565e-01
-2.568153846153568565e-01
-2.568153846153568565e-01
-7.933846153843281124e-02
9.813846153848970744e-02
9.813846153848970744e-02
9.813846153848970744e-02
-2.708769230768975356e-01
-2.708769230768975356e-01
-2.708769230768975356e-01
-2.708769230768975356e-01
-2.708769230768975356e-01
-1.303230769230500352e-01
-1.303230769230500352e-01
-2.708769230768975356e-01
-2.708769230768975356e-01
-1.431846153845876268e-01
-2.070307692307425673e-01
-3.598923076922833086e-01
-2.568153846153584663e-01
-2.568153846153584663e-01
-2.568153846153584663e-01
-2.568153846153584663e-01
-7.933846153843446269e-02
-7.933846153843446269e-02
-7.933846153843446269e-02
-7.933846153843446269e-02
-1.431846153845909020e-01
-2.708769230768975356e-01
-2.708769230768975356e-01
-2.708769230768975356e-01
-2.708769230768975356e-01
-2.708769230768975356e-01
-1.303230769230467601e-01
-2.708769230768975356e-01
-2.708769230768975356e-01
-2.708769230768975356e-01
-1.305999999999721828e-01
-1.305999999999721828e-01
2.226153846156856547e-02
2.226153846156856547e-02
2.226153846156856547e-02
1.868769230769517231e-01
1.868769230769517231e-01
1.868769230769517231e-01
1.868769230769517231e-01
9.400000000027693495e-03
-2.708769230768975356e-01
-2.708769230768975356e-01
-1.303230769230467601e-01
-2.708769230768975356e-01
-2.708769230768975356e-01
-2.708769230768975356e-01
-2.708769230768975356e-01
-2.708769230768975356e-01
-2.708769230768975356e-01
-1.431846153845876268e-01
-3.411538461538195510e-01
-4.817076923076702988e-01
-4.817076923076702988e-01
-4.817076923076702988e-01
-4.817076923076702988e-01
-4.817076923076702988e-01
-4.817076923076702988e-01
-3.411538461538211608e-01
-3.411538461538211608e-01
-2.257692307692063527e-01
9.400000000027693495e-03
1.868769230769517231e-01
1.868769230769517231e-01
1.868769230769517231e-01
1.868769230769517231e-01
9.400000000027693495e-03
9.400000000027693495e-03
9.400000000027693495e-03
9.400000000027693495e-03
-1.305999999999721828e-01
-3.411538461538195510e-01
-3.411538461538195510e-01
-3.411538461538195510e-01
-4.817076923076702988e-01
-3.411538461538211608e-01
-3.411538461538211608e-01
-3.411538461538211608e-01
-3.411538461538211608e-01
-2.257692307692063527e-01
-2.257692307692063527e-01
-1.305999999999721828e-01
-1.305999999999721828e-01
-1.305999999999721828e-01
9.400000000027693495e-03
9.400000000027693495e-03
9.400000000027693495e-03
1.868769230769517231e-01
1.868769230769517231e-01
1.868769230769517231e-01
9.400000000027693495e-03
-2.708769230768975356e-01
-1.303230769230467601e-01
-1.303230769230467601e-01
-1.303230769230467601e-01
-1.303230769230467601e-01
-2.708769230768975356e-01
-2.708769230768975356e-01
-1.431846153845876268e-01
-1.431846153845876268e-01
-1.431846153845876268e-01
-5.416923076920344970e-02
-5.416923076920344970e-02
9.813846153848970744e-02
9.813846153848970744e-02
-7.933846153843446269e-02
-7.933846153843446269e-02
-2.568153846153584663e-01
-2.568153846153584663e-01
-2.568153846153584663e-01
-2.568153846153584663e-01
2.198461538464312887e-02
2.198461538464312887e-02
-1.431846153845876268e-01
-1.431846153845876268e-01
-1.431846153845876268e-01
-2.708769230768975356e-01
-2.708769230768975356e-01
-2.708769230768975356e-01
-4.114307692307465625e-01
-4.114307692307465625e-01
-3.455538461538237849e-01
-3.455538461538237849e-01
-3.455538461538237849e-01
-3.455538461538237849e-01
-3.455538461538237849e-01
-3.455538461538237849e-01
-1.680769230768964784e-01
-1.680769230768964784e-01
9.400000000027693495e-03
-1.305999999999738204e-01
-1.680769230768964784e-01
-1.680769230768964784e-01
-1.680769230768964784e-01
9.400000000027693495e-03
9.400000000027693495e-03
9.400000000027693495e-03
1.868769230769517231e-01
1.868769230769517231e-01
2.226153846156856547e-02
2.226153846156856547e-02
2.198461538464312887e-02
2.198461538464312887e-02
-1.431846153845892644e-01
-2.708769230768975356e-01
-2.708769230768975356e-01
-2.708769230768975356e-01
-2.708769230768975356e-01
-2.708769230768975356e-01
-2.708769230768975356e-01
-4.114307692307465625e-01
-2.005999999999738548e-01
-6.004615384612472379e-02
-6.004615384612472379e-02
-6.004615384612472379e-02
-6.004615384612472379e-02
-6.004615384612472379e-02
-6.004615384612472379e-02
1.045692307692584339e-01
-6.059999999997559700e-02
-6.059999999997559700e-02
-4.114307692307465625e-01
-4.114307692307465625e-01
-2.708769230768975356e-01
-2.708769230768975356e-01
-2.708769230768975356e-01
-2.708769230768975356e-01
-1.303230769230467601e-01
2.198461538464312887e-02
2.198461538464312887e-02
2.198461538464312887e-02
-2.834615384615145617e-01
-1.680769230768948408e-01
-3.455538461538237849e-01
-3.455538461538237849e-01
-3.455538461538237849e-01
-3.455538461538237849e-01
-3.455538461538237849e-01
-3.455538461538237849e-01
-3.455538461538237849e-01
-1.680769230768964784e-01
-4.363230769230569961e-01
-4.363230769230569961e-01
-4.363230769230569961e-01
-4.363230769230569961e-01
-4.363230769230569961e-01
-4.363230769230569961e-01
-4.363230769230569961e-01
-3.455538461538237849e-01
-1.680769230768964784e-01
9.400000000027693495e-03
