6.607310215558576116e-02
-1.213683223992387400e-01
-1.213683223992387400e-01
-1.213683223992387400e-01
-3.088097469540633799e-01
-3.088097469540633799e-01
-3.088097469540633799e-01
-3.088097469540633799e-01
-3.088097469540633799e-01
-3.088097469540633799e-01
-2.764761012182639227e-02
-2.764761012182639227e-02
-2.764761012182639227e-02
-2.764761012182639227e-02
1.597938144329981158e-01
1.597938144329981158e-01
1.597938144329981158e-01
1.597938144329981158e-01
1.597938144329981158e-01
-2.764761012182639227e-02
-2.764761012182639227e-02
-2.764761012182639227e-02
-2.764761012182639227e-02
1.597938144329981158e-01
1.597938144329981158e-01
1.597938144329981158e-01
1.597938144329981158e-01
1.597938144329981158e-01
1.597938144329981158e-01
-2.764761012182639227e-02
2.535145267104104705e-01
2.535145267104104705e-01
7.029053420809885933e-02
7.029053420809885933e-02
7.029053420809885933e-02
6.607310215558576116e-02
6.607310215558576116e-02
6.607310215558576116e-02
6.607310215558576116e-02
-1.213683223992387400e-01
-1.213683223992387400e-01
-1.213683223992387400e-01
-3.088097469540633799e-01
-3.088097469540633799e-01
-3.088097469540633799e-01
-3.088097469540633799e-01
-1.213683223992387400e-01
-1.213683223992387400e-01
-1.213683223992387400e-01
-1.213683223992387400e-01
-1.213683223992387400e-01
-1.213683223992387400e-01
-3.088097469540633799e-01
-3.088097469540633799e-01
-3.088097469540633799e-01
-1.213683223992387400e-01
-1.213683223992387400e-01
-1.213683223992387400e-01
-1.213683223992387400e-01
-1.213683223992387400e-01
-1.213683223992387400e-01
-1.213683223992387400e-01
-3.088097469540633799e-01
-3.088097469540633799e-01
-3.088097469540633799e-01
-3.088097469540633799e-01
-1.213683223992387400e-01
-1.213683223992387400e-01
-1.213683223992387400e-01
-1.213683223992387400e-01
-2.764761012182639227e-02
-2.764761012182639227e-02
-2.764761012182639227e-02
1.597938144329981158e-01
-2.764761012182639227e-02
-2.764761012182639227e-02
-2.764761012182639227e-02
-2.764761012182639227e-02
-2.764761012182639227e-02
-2.764761012182639227e-02
-2.764761012182639227e-02
-2.764761012182639227e-02
-2.764761012182639227e-02
-2.150890346766511085e-01
-2.150890346766511085e-01
-2.150890346766511085e-01
-2.150890346766511085e-01
-2.764761012182639227e-02
-2.764761012182639227e-02
-2.764761012182639227e-02
-2.764761012182639227e-02
-2.764761012182639227e-02
-2.764761012182639227e-02
-2.150890346766511085e-01
-2.150890346766511085e-01
-2.764761012182639227e-02
-2.764761012182639227e-02
-2.764761012182639227e-02
-2.764761012182639227e-02
-2.764761012182639227e-02
-2.764761012182639227e-02
-2.764761012182639227e-02
-2.764761012182639227e-02
-2.764761012182639227e-02
-2.764761012182639227e-02
-2.764761012182639227e-02
-2.764761012182639227e-02
-2.764761012182639227e-02
1.597938144329981158e-01
-2.764761012182639227e-02
6.607310215558576116e-02
6.607310215558576116e-02
-1.213683223992387400e-01
-3.088097469540633799e-01
-3.088097469540633799e-01
-3.088097469540633799e-01
-3.088097469540633799e-01
-3.088097469540633799e-01
-3.088097469540633799e-01
-3.088097469540633799e-01
-1.213683223992387400e-01
-1.213683223992387400e-01
-3.088097469540633799e-01
-3.088097469540633799e-01
-3.088097469540633799e-01
-3.088097469540633799e-01
-3.088097469540633799e-01
-3.088097469540633799e-01
-1.213683223992387400e-01
-1.213683223992387400e-01
-2.764761012182639227e-02
-2.764761012182639227e-02
-2.764761012182639227e-02
-2.764761012182639227e-02
-2.764761012182639227e-02
1.597938144329981158e-01
-2.764761012182639227e-02
-2.764761012182639227e-02
-2.764761012182639227e-02
-2.764761012182639227e-02
-1.213683223992387400e-01
-1.213683223992387400e-01
6.607310215558576116e-02
6.607310215558576116e-02
6.607310215558576116e-02
6.607310215558576116e-02
6.607310215558576116e-02
6.607310215558576116e-02
2.535145267104104705e-01
2.535145267104104705e-01
-2.764761012182639227e-02
-2.764761012182639227e-02
-2.764761012182639227e-02
-2.150890346766511085e-01
-2.150890346766511085e-01
-2.150890346766511085e-01
-2.150890346766511085e-01
-2.150890346766511085e-01
-2.150890346766511085e-01
-2.764761012182639227e-02
-2.150890346766511085e-01
-2.150890346766511085e-01
-2.150890346766511085e-01
-2.764761012182639227e-02
-2.764761012182639227e-02
-2.764761012182639227e-02
-2.764761012182639227e-02
-2.764761012182639227e-02
1.597938144329981158e-01
1.597938144329981158e-01
-1.213683223992387400e-01
-1.213683223992387400e-01
-1.213683223992387400e-01
-1.213683223992387400e-01
-1.213683223992387400e-01
-3.088097469540633799e-01
-3.088097469540633799e-01
-1.213683223992387400e-01
-1.213683223992387400e-01
-1.213683223992387400e-01
-1.213683223992387400e-01
-1.213683223992387400e-01
-1.213683223992387400e-01
-1.213683223992387400e-01
-1.213683223992387400e-01
6.607310215558576116e-02
6.607310215558576116e-02
6.607310215558576116e-02
2.535145267104104705e-01
2.535145267104104705e-01
-2.764761012182639227e-02
7.029053420809885933e-02
7.029053420809885933e-02
7.029053420809885933e-02
7.029053420809885933e-02
7.029053420809885933e-02
1.597938144329981158e-01
1.597938144329981158e-01
1.597938144329981158e-01
-2.764761012182639227e-02
-2.150890346766511085e-01
-2.150890346766511085e-01
-2.150890346766511085e-01
-2.150890346766511085e-01
-2.150890346766511085e-01
-2.150890346766511085e-01
-2.764761012182639227e-02
1.597938144329981158e-01
1.597938144329981158e-01
1.597938144329981158e-01
-2.764761012182639227e-02
-2.764761012182639227e-02
-2.764761012182639227e-02
-2.764761012182639227e-02
-2.764761012182639227e-02
7.029053420809885933e-02
7.029053420809885933e-02
-2.764761012182639227e-02
-2.764761012182639227e-02
-2.764761012182639227e-02
-2.764761012182639227e-02
-2.150890346766511085e-01
-2.150890346766511085e-01
-2.150890346766511085e-01
-2.150890346766511085e-01
-2.150890346766511085e-01
-2.764761012182639227e-02
-2.764761012182639227e-02
-2.764761012182639227e-02
-2.764761012182639227e-02
-2.764761012182639227e-02
-2.764761012182639227e-02
-2.764761012182639227e-02
-2.764761012182639227e-02
-2.764761012182639227e-02
-2.764761012182639227e-02
7.029053420809885933e-02
-2.764761012182639227e-02
-2.764761012182639227e-02
-2.764761012182639227e-02
6.607310215558576116e-02
6.607310215558576116e-02
1.640112464855132957e-01
1.640112464855132957e-01
1.640112464855132957e-01
2.535145267104104705e-01
2.535145267104104705e-01
2.535145267104104705e-01
2.535145267104104705e-01
6.607310215558576116e-02
-2.764761012182639227e-02
-2.764761012182639227e-02
7.029053420809885933e-02
-2.764761012182639227e-02
-2.764761012182639227e-02
-2.764761012182639227e-02
-2.764761012182639227e-02
-2.764761012182639227e-02
-2.764761012182639227e-02
-2.764761012182639227e-02
-1.213683223992387400e-01
-3.088097469540633799e-01
-3.088097469540633799e-01
-3.088097469540633799e-01
-3.088097469540633799e-01
-3.088097469540633799e-01
-3.088097469540633799e-01
-1.213683223992387400e-01
-1.213683223992387400e-01
-1.213683223992387400e-01
6.607310215558576116e-02
2.535145267104104705e-01
2.535145267104104705e-01
2.535145267104104705e-01
2.535145267104104705e-01
6.607310215558576116e-02
6.607310215558576116e-02
6.607310215558576116e-02
6.607310215558576116e-02
6.607310215558576116e-02
-1.213683223992387400e-01
-1.213683223992387400e-01
-1.213683223992387400e-01
-3.088097469540633799e-01
-1.213683223992387400e-01
-1.213683223992387400e-01
-1.213683223992387400e-01
-1.213683223992387400e-01
-1.213683223992387400e-01
-1.213683223992387400e-01
6.607310215558576116e-02
6.607310215558576116e-02
6.607310215558576116e-02
6.607310215558576116e-02
6.607310215558576116e-02
6.607310215558576116e-02
2.535145267104104705e-01
2.535145267104104705e-01
2.535145267104104705e-01
6.607310215558576116e-02
-2.764761012182639227e-02
7.029053420809885933e-02
7.029053420809885933e-02
7.029053420809885933e-02
7.029053420809885933e-02
-2.764761012182639227e-02
-2.764761012182639227e-02
-2.764761012182639227e-02
-2.764761012182639227e-02
-2.764761012182639227e-02
1.597938144329981158e-01
1.597938144329981158e-01
1.597938144329981158e-01
1.597938144329981158e-01
-2.764761012182639227e-02
-2.764761012182639227e-02
-2.150890346766511085e-01
-2.150890346766511085e-01
-2.150890346766511085e-01
-2.150890346766511085e-01
1.597938144329981158e-01
1.597938144329981158e-01
-2.764761012182639227e-02
-2.764761012182639227e-02
-2.764761012182639227e-02
-2.764761012182639227e-02
-2.764761012182639227e-02
-2.764761012182639227e-02
-2.150890346766511085e-01
-2.150890346766511085e-01
-3.088097469540633799e-01
-3.088097469540633799e-01
-3.088097469540633799e-01
-3.088097469540633799e-01
-3.088097469540633799e-01
-3.088097469540633799e-01
-1.213683223992387400e-01
-1.213683223992387400e-01
6.607310215558576116e-02
6.607310215558576116e-02
-1.213683223992387400e-01
-1.213683223992387400e-01
-1.213683223992387400e-01
6.607310215558576116e-02
6.607310215558576116e-02
6.607310215558576116e-02
2.535145267104104705e-01
2.535145267104104705e-01
1.640112464855132957e-01
1.640112464855132957e-01
1.597938144329981158e-01
1.597938144329981158e-01
-2.764761012182639227e-02
-2.764761012182639227e-02
-2.764761012182639227e-02
-2.764761012182639227e-02
-2.764761012182639227e-02
-2.764761012182639227e-02
-2.764761012182639227e-02
-2.150890346766511085e-01
6.607310215558576116e-02
7.029053420809885933e-02
7.029053420809885933e-02
7.029053420809885933e-02
7.029053420809885933e-02
7.029053420809885933e-02
7.029053420809885933e-02
2.535145267104104705e-01
6.607310215558576116e-02
6.607310215558576116e-02
-2.150890346766511085e-01
-2.150890346766511085e-01
-2.764761012182639227e-02
-2.764761012182639227e-02
-2.764761012182639227e-02
-2.764761012182639227e-02
7.029053420809885933e-02
1.597938144329981158e-01
1.597938144329981158e-01
1.597938144329981158e-01
-1.213683223992387400e-01
-1.213683223992387400e-01
-3.088097469540633799e-01
-3.088097469540633799e-01
-3.088097469540633799e-01
-3.088097469540633799e-01
-3.088097469540633799e-01
-3.088097469540633799e-01
-3.088097469540633799e-01
-1.213683223992387400e-01
-3.088097469540633799e-01
-3.088097469540633799e-01
-3.088097469540633799e-01
-3.088097469540633799e-01
-3.088097469540633799e-01
-3.088097469540633799e-01
-3.088097469540633799e-01
-3.088097469540633799e-01
-1.213683223992387400e-01
6.607310215558576116e-02
