2.980517011059113841e+01
2.980517011059113841e+01
2.980517011059113841e+01
2.963647282849180087e+01
2.963647282849180087e+01
2.956849390440558167e+01
2.956849390440558167e+01
3.007458575070360851e+01
3.024328303280295316e+01
3.027236786129396862e+01
2.993919072914780699e+01
2.997386739269047951e+01
3.013834724273730359e+01
2.996964996063795894e+01
2.990167103655173975e+01
2.990167103655173975e+01
2.990167103655173975e+01
2.990167103655173975e+01
3.023906560075042904e+01
2.990167103655173975e+01
2.994337675351521710e+01
2.996212089597070616e+01
2.996212089597070616e+01
2.996212089597070616e+01
3.013081817807005081e+01
3.003990908716093244e+01
3.003990908716093244e+01
3.030704452483664824e+01
3.021613543392752632e+01
3.021613543392752632e+01
3.021613543392752632e+01
3.021613543392752632e+01
3.021613543392752632e+01
2.996964996063795894e+01
2.990167103655173975e+01
2.997945922774195893e+01
3.026062136457420237e+01
3.009192408247486128e+01
3.009192408247486128e+01
3.009192408247486483e+01
3.009192408247486483e+01
3.009192408247486483e+01
3.009192408247486483e+01
3.026062136457420948e+01
3.009192408247486483e+01
3.028077131771390995e+01
3.012660074601753379e+01
3.012660074601753379e+01
3.012660074601753379e+01
3.012660074601753379e+01
3.037308621930710117e+01
3.037308621930710117e+01
3.037308621930710117e+01
3.020438893720775653e+01
2.973297375445239155e+01
2.973297375445239155e+01
2.973297375445239155e+01
2.973297375445239155e+01
3.007036831865108084e+01
3.007036831865108084e+01
3.019457967010375299e+01
3.019457967010375299e+01
3.036327695220309053e+01
2.980045266729216991e+01
2.964628209559580085e+01
2.964628209559580441e+01
2.964628209559580441e+01
2.964628209559580441e+01
2.968095875913847692e+01
3.015237394189383835e+01
3.015237394189383835e+01
3.032107122399318300e+01
3.048555107403999642e+01
3.048555107403999642e+01
3.031685379194065177e+01
3.031685379194065177e+01
3.014815650984131068e+01
3.014815650984131068e+01
3.014815650984131068e+01
2.987121180506159490e+01
2.987121180506159845e+01
3.038483271602686742e+01
3.021613543392752277e+01
3.021613543392752277e+01
3.021613543392752632e+01
3.021613543392752632e+01
3.021613543392752632e+01
3.009192408247486128e+01
3.009192408247486128e+01
2.979623523523964934e+01
2.990588846860427097e+01
2.990588846860427097e+01
2.997386739269049016e+01
2.997386739269049016e+01
3.047574180693599644e+01
3.047574180693599644e+01
3.047574180693599644e+01
3.049729757075976266e+01
3.032860028866042157e+01
2.985668509465861931e+01
2.985668509465861931e+01
2.970251452296225025e+01
2.956849390440557457e+01
2.963647282849180087e+01
3.010788801124715519e+01
3.010788801124715519e+01
3.014256467478982771e+01
3.014256467478982771e+01
3.026062136457419882e+01
2.994337675351521710e+01
2.985246766260609874e+01
2.981497937769514195e+01
2.981497937769514195e+01
2.973719118650491566e+01
2.973719118650491566e+01
2.973719118650491566e+01
2.990588846860426031e+01
3.031685379194065533e+01
3.031685379194065533e+01
3.031685379194065533e+01
3.031685379194065533e+01
2.998367665979449370e+01
2.998367665979449725e+01
2.998367665979449725e+01
2.981497937769515261e+01
2.984965604123782512e+01
3.037308621930709407e+01
3.037308621930709407e+01
3.037308621930709407e+01
2.990588846860427097e+01
2.987121180506159845e+01
3.003990908716094310e+01
3.003990908716094310e+01
3.020438893720776008e+01
3.007036831865108795e+01
2.945602904967268287e+01
2.945602904967268287e+01
2.962472633177202752e+01
2.962472633177202752e+01
2.962472633177202752e+01
2.962472633177202752e+01
2.979342361387137217e+01
3.015237394189383124e+01
3.026062136457420237e+01
3.021613543392752632e+01
3.021613543392752632e+01
3.021613543392752632e+01
3.020160872352456138e+01
2.986421415932587209e+01
2.986421415932587209e+01
2.995512325023498690e+01
2.995512325023498690e+01
2.988714432614876770e+01
2.979342361387137927e+01
2.995790346391818915e+01
2.995790346391818915e+01
2.995790346391818915e+01
3.012660074601753379e+01
3.029529802811687844e+01
3.029529802811687844e+01
3.054178350140644582e+01
3.054178350140644582e+01
2.968095875913847337e+01
2.968095875913847337e+01
2.951226147703912872e+01
2.951226147703912872e+01
2.951226147703912872e+01
2.963647282849180087e+01
2.963647282849180087e+01
2.980517011059113841e+01
3.031126195688917235e+01
3.003569165510841188e+01
2.986699437300906723e+01
2.974000280787320349e+01
2.974000280787320349e+01
2.974000280787320349e+01
2.990870008997254459e+01
2.990870008997254459e+01
3.020438893720774942e+01
3.020438893720774942e+01
3.038905014807939509e+01
3.038905014807939509e+01
3.025502952952273006e+01
3.018705060543651086e+01
3.023906560075042904e+01
3.023906560075042904e+01
3.023906560075042904e+01
2.984965604123781446e+01
2.984965604123781446e+01
3.032860028866042157e+01
3.032860028866042157e+01
3.032860028866042157e+01
3.049729757075976266e+01
3.014256467478982415e+01
3.007458575070360496e+01
3.007458575070360496e+01
2.990588846860426031e+01
2.990588846860426031e+01
3.042931864667354347e+01
3.049729757075976977e+01
3.049729757075976622e+01
3.032860028866042512e+01
3.032860028866042512e+01
3.032860028866042512e+01
3.032860028866042512e+01
3.032860028866042512e+01
3.005165558388070934e+01
3.018283317338397964e+01
2.973719118650491922e+01
2.956849390440558167e+01
2.956849390440558167e+01
2.939979662230623703e+01
2.939979662230623703e+01
2.956849390440558167e+01
2.956849390440558167e+01
2.956849390440558167e+01
3.035153045548332429e+01
3.041950937956954348e+01
3.044106514339331682e+01
3.044106514339331682e+01
3.044106514339331682e+01
3.027236786129397572e+01
3.027236786129397572e+01
3.010367057919463107e+01
3.010367057919463107e+01
3.029529802811687134e+01
3.029529802811687134e+01
2.979342361387136506e+01
2.962472633177202752e+01
2.978920618181884450e+01
2.978920618181884450e+01
2.985718510590506369e+01
2.985718510590506369e+01
2.985718510590506369e+01
3.032860028866042157e+01
3.032860028866042157e+01
3.026062136457420237e+01
3.026062136457420237e+01
3.001413589128463499e+01
3.001413589128463499e+01
3.001413589128463499e+01
3.018283317338397964e+01
3.018283317338397964e+01
2.990167103655174330e+01
2.990167103655174330e+01
2.990167103655174330e+01
2.990167103655174330e+01
2.973719118650492632e+01
3.023906560075043259e+01
3.037308621930709407e+01
3.037308621930709407e+01
3.054178350140643872e+01
2.998367665979449015e+01
2.998367665979449015e+01
3.005165558388071645e+01
3.005165558388071645e+01
3.008633224742338896e+01
2.991763496532404432e+01
2.991763496532404432e+01
3.041950937956954348e+01
3.041950937956954348e+01
2.984543860918529035e+01
2.967674132708594570e+01
2.967674132708594570e+01
2.977467947141586890e+01
2.977467947141586890e+01
2.977467947141586890e+01
2.977467947141586890e+01
3.003569165510841188e+01
3.003569165510840477e+01
3.042931864667354702e+01
3.042931864667354702e+01
3.049729757075976622e+01
3.049729757075976622e+01
3.041950937956954348e+01
3.008211481537086129e+01
3.008211481537086129e+01
2.997386739269049016e+01
2.997386739269049016e+01
2.969270525585824672e+01
2.986140253795759136e+01
2.979342361387137217e+01
2.989136175820128827e+01
3.026062136457420237e+01
3.026062136457420237e+01
3.009192408247486128e+01
3.009192408247486128e+01
3.009192408247486128e+01
3.009614151452738184e+01
3.009614151452738540e+01
3.009614151452738540e+01
3.016412043861360459e+01
2.982672587441492240e+01
2.982672587441492240e+01
2.991763496532403721e+01
2.995934068228751457e+01
2.995934068228751457e+01
3.003569165510841188e+01
3.003569165510840833e+01
3.003569165510840833e+01
2.968095875913846982e+01
2.968095875913846982e+01
2.984543860918528679e+01
3.001413589128463144e+01
3.001413589128463144e+01
3.001413589128463144e+01
2.994337675351521355e+01
2.994337675351521355e+01
3.031685379194065177e+01
3.023906560075042549e+01
3.014815650984130713e+01
3.014815650984130713e+01
2.997945922774196248e+01
2.997945922774196248e+01
2.997945922774196248e+01
3.037308621930709762e+01
3.037308621930709762e+01
3.037308621930709762e+01
3.037308621930709762e+01
3.020438893720775297e+01
2.994337675351521710e+01
2.985246766260609874e+01
2.985246766260609874e+01
2.978920618181884095e+01
3.053197423430244228e+01
3.055352999812621562e+01
3.029251781443368330e+01
3.029251781443368330e+01
3.031126195688917235e+01
3.016412043861360459e+01
3.003990908716093955e+01
3.003990908716093955e+01
3.003990908716093955e+01
2.995790346391818559e+01
2.986699437300906723e+01
2.986699437300906723e+01
2.978920618181884095e+01
2.978920618181884095e+01
3.003569165510840833e+01
3.003569165510840833e+01
3.003569165510840833e+01
3.020438893720775297e+01
2.973719118650491922e+01
2.956849390440557457e+01
2.956849390440557457e+01
2.956849390440557457e+01
3.001413589128463499e+01
3.001413589128463499e+01
3.003569165510841188e+01
2.992744423242804075e+01
2.992744423242804075e+01
2.981497937769514905e+01
2.981497937769514905e+01
2.985668509465862641e+01
3.020438893720775653e+01
3.003569165510841188e+01
3.003569165510841188e+01
3.020438893720775297e+01
3.020438893720775297e+01
3.012660074601752669e+01
2.991763496532403721e+01
2.974893768322469256e+01
2.974893768322469256e+01
2.958024040112535502e+01
2.945602904967268287e+01
2.996212089597071682e+01
2.996212089597071682e+01
2.996212089597071682e+01
2.996212089597071682e+01
3.008633224742338186e+01
3.008633224742338186e+01
3.008633224742338186e+01
2.958024040112535502e+01
2.958024040112535502e+01
2.974893768322469256e+01
2.991763496532403721e+01
2.991763496532403721e+01
2.984965604123781091e+01
2.968095875913846982e+01
2.968095875913846982e+01
3.014815650984130357e+01
3.014815650984130357e+01
3.014815650984130357e+01
3.031685379194064822e+01
3.031685379194064822e+01
3.048555107403999287e+01
3.048555107403999287e+01
3.021613543392752987e+01
3.038483271602686742e+01
3.038483271602687452e+01
3.047574180693599644e+01
3.047574180693599644e+01
3.040776288284977014e+01
3.040776288284977014e+01
3.040776288284977014e+01
3.040776288284977014e+01
3.041950937956954348e+01
3.032860028866042157e+01
3.032860028866042157e+01
3.032860028866042157e+01
3.032860028866042157e+01
3.026062136457420237e+01
3.026062136457420237e+01
3.026062136457420237e+01
3.009192408247485773e+01
3.020438893720775653e+01
3.020438893720775653e+01
3.037308621930710117e+01
3.013362979943834219e+01
3.015237394189383835e+01
3.029951546016940611e+01
3.029951546016940611e+01
3.013081817807006146e+01
3.013081817807006146e+01
2.980517011059113841e+01
2.995934068228751457e+01
2.995934068228751457e+01
2.980517011059114552e+01
2.980517011059114552e+01
2.971426101968203071e+01
2.971426101968203071e+01
2.964628209559580441e+01
2.998367665979449370e+01
3.037308621930709407e+01
3.037308621930709407e+01
3.037308621930709407e+01
3.013362979943833508e+01
3.020160872352456138e+01
3.003291144142522029e+01
3.005165558388070934e+01
3.005165558388071290e+01
3.005165558388071290e+01
3.041950937956954348e+01
3.041950937956954348e+01
3.041950937956954348e+01
3.008211481537086129e+01
3.008211481537086129e+01
3.008211481537086129e+01
3.025081209747019884e+01
3.021613543392752632e+01
3.014815650984130713e+01
2.984965604123781802e+01
2.984965604123781802e+01
2.968095875913847337e+01
2.968095875913847337e+01
2.951226147703912872e+01
2.968095875913847337e+01
2.968095875913847337e+01
3.015237394189382769e+01
2.998367665979448660e+01
3.046399531021622309e+01
3.046399531021622309e+01
3.046399531021622309e+01
3.046399531021622309e+01
3.029529802811687844e+01
3.037308621930710117e+01
3.020438893720775653e+01
3.020438893720775653e+01
3.003569165510841188e+01
3.005165558388071290e+01
3.022035286598005399e+01
3.022035286598005399e+01
3.022035286598005399e+01
3.022035286598005399e+01
3.049729757075976266e+01
3.037308621930709762e+01
3.037308621930709407e+01
3.037308621930709407e+01
3.037308621930710117e+01
3.020438893720775653e+01
3.020438893720775653e+01
3.020438893720775653e+01
3.037308621930710117e+01
3.037308621930709407e+01
3.037308621930709407e+01
3.001835332333716266e+01
2.984965604123782512e+01
3.031407357825745308e+01
3.014537629615811198e+01
2.980798173195942269e+01
2.980798173195942269e+01
2.980798173195942269e+01
2.995512325023498690e+01
2.988714432614876770e+01
2.988714432614876770e+01
2.973719118650491922e+01
3.026062136457420237e+01
3.032860028866042157e+01
3.032860028866042157e+01
3.041950937956954348e+01
3.041950937956954348e+01
3.041950937956954348e+01
3.041950937956954348e+01
3.041950937956954348e+01
3.008211481537086129e+01
3.027658529334649984e+01
3.015237394189383480e+01
2.968095875913847337e+01
2.968095875913847337e+01
2.968095875913847337e+01
2.964628209559580441e+01
2.951226147703913583e+01
2.951226147703913583e+01
2.968095875913847337e+01
2.985668509465861931e+01
2.970251452296225025e+01
3.003990908716093955e+01
3.003990908716093955e+01
3.003990908716093955e+01
3.003990908716093955e+01
3.003990908716094310e+01
3.018705060543651086e+01
3.035574788753585551e+01
2.996212089597071682e+01
2.992744423242804430e+01
2.992744423242804430e+01
2.992744423242804785e+01
2.990870008997255169e+01
2.990870008997255169e+01
2.990870008997255169e+01
3.014815650984131068e+01
3.031685379194065533e+01
3.031685379194064822e+01
3.038483271602686742e+01
3.038483271602686742e+01
3.055352999812621206e+01
3.047574180693599644e+01
3.047574180693599644e+01
3.047574180693599644e+01
3.047574180693599644e+01
2.997386739269049016e+01
3.003569165510841188e+01
3.003569165510841188e+01
3.003569165510841188e+01
3.003569165510841188e+01
3.020438893720775653e+01
2.991291752202507226e+01
2.994759418556774122e+01
2.984965604123781802e+01
2.968095875913847337e+01
3.044106514339331682e+01
3.044106514339331682e+01
3.031685379194065177e+01
3.031685379194065177e+01
3.029529802811687844e+01
3.029529802811687844e+01
3.014815650984130713e+01
2.995790346391818915e+01
2.995790346391818915e+01
3.026062136457420237e+01
3.009192408247486128e+01
3.021613543392752632e+01
3.021613543392752632e+01
3.021613543392752632e+01
3.021613543392752632e+01
3.021613543392752632e+01
2.988295830178136470e+01
2.988295830178136114e+01
3.015990300656107692e+01
3.032860028866041802e+01
2.995512325023498690e+01
2.995512325023498690e+01
2.986140253795758426e+01
2.969270525585824672e+01
2.969270525585824672e+01
2.962472633177202752e+01
2.962472633177202752e+01
3.037730365135962529e+01
3.037730365135962529e+01
3.020860636926028064e+01
2.984965604123781446e+01
2.984965604123781446e+01
2.984965604123781446e+01
2.968095875913847692e+01
2.984965604123781446e+01
2.984965604123781446e+01
