7.813201237128114940e+01
7.813201237128114940e+01
7.813201237128114940e+01
7.816107929435806057e+01
7.817477314051190262e+01
7.799906721741037074e+01
7.799906721741037074e+01
7.844020392369959893e+01
7.844020392369959893e+01
7.876065233864113679e+01
7.828725409389036827e+01
7.832054024773651690e+01
7.829198563235190989e+01
7.829326409389035746e+01
7.811755817078882558e+01
7.811755817078882558e+01
7.811755817078882558e+01
7.811755817078882558e+01
7.846196221039497232e+01
7.798932550410576425e+01
7.797695165795191485e+01
7.801023781179806349e+01
7.801023781179806349e+01
7.801023781179806349e+01
7.818594373489960958e+01
7.815265758105344673e+01
7.815265758105344673e+01
7.876295541556420687e+01
7.876295541556420687e+01
7.876295541556420687e+01
7.876295541556420687e+01
7.876295541556420687e+01
7.876295541556420687e+01
7.828089024773652227e+01
7.810518432463499039e+01
7.807189817078882754e+01
7.861715777915806314e+01
7.861715777915806314e+01
7.861715777915804892e+01
7.860577393300422955e+01
7.860577393300422955e+01
7.860577393300422955e+01
7.860577393300422955e+01
7.878147985610576143e+01
7.829876622673960185e+01
7.832257699597036549e+01
7.832257699597037970e+01
7.832257699597036549e+01
7.832257699597036549e+01
7.832257699597036549e+01
7.879286370225960923e+01
7.879286370225960923e+01
7.879286370225960923e+01
7.861715777915807735e+01
7.788719626868422097e+01
7.788719626868422097e+01
7.789034857637652465e+01
7.789034857637652465e+01
7.836298528266576113e+01
7.838163528266574076e+01
7.855734120576728685e+01
7.855734120576728685e+01
7.855734120576728685e+01
7.794366550410575201e+01
7.796112473487498562e+01
7.799441088872114847e+01
7.799441088872114847e+01
7.799441088872114847e+01
7.802769704256728289e+01
7.847011221039497286e+01
7.847011221039497286e+01
7.864581813349651895e+01
7.882627216379806612e+01
7.882627216379806612e+01
7.865056624069652003e+01
7.861715777915806314e+01
7.859898700992729914e+01
7.859898700992729914e+01
7.859898700992729914e+01
7.812891184209961182e+01
7.816385953440729395e+01
7.870438677453036291e+01
7.870208369760729283e+01
7.869393369760730650e+01
7.869003600529960352e+01
7.869003600529960352e+01
7.869003600529960352e+01
7.851433008219807164e+01
7.851433008219807164e+01
7.798004337590883495e+01
7.829315835493652287e+01
7.829315835493652287e+01
7.846886427803805475e+01
7.846886427803805475e+01
7.891000098432728294e+01
7.891000098432728294e+01
7.891000098432728294e+01
7.891678790740422755e+01
7.891192790740421970e+01
7.790359875587191141e+01
7.790359875587191141e+01
7.793522337125654076e+01
7.796684798664114169e+01
7.814255390974268778e+01
7.861590984680113081e+01
7.861590984680113081e+01
7.861590984680114502e+01
7.861590984680114502e+01
7.848357836424115419e+01
7.797695165795190064e+01
7.794366550410575201e+01
7.797695165795190064e+01
7.797695165795190064e+01
7.801023781179806349e+01
7.801023781179806349e+01
7.801023781179806349e+01
7.818594373489960958e+01
7.879479062533653178e+01
7.877469293302884523e+01
7.877469293302884523e+01
7.877469293302884523e+01
7.830461776520114370e+01
7.833956545750882583e+01
7.833956545750882583e+01
7.816385953440729395e+01
7.817602107286883495e+01
7.861715777915806314e+01
7.861715777915806314e+01
7.861715777915806314e+01
7.817602107286883495e+01
7.816385953440729395e+01
7.833956545750884004e+01
7.833956545750884004e+01
7.833371391904729819e+01
7.834587545750882498e+01
7.788192993534266861e+01
7.788192993534266861e+01
7.805763585844421470e+01
7.804394201229037265e+01
7.804394201229037265e+01
7.804394201229037265e+01
7.801231739690575751e+01
7.848571564165651182e+01
7.848571564165651182e+01
7.861505600064730004e+01
7.861505600064730004e+01
7.859640600064729199e+01
7.858182369295499825e+01
7.805822160205038074e+01
7.805822160205038074e+01
7.808984621743499588e+01
7.808984621743499588e+01
7.791414029433344979e+01
7.817602107286883495e+01
7.817016953440729310e+01
7.817016953440729310e+01
7.817016953440729310e+01
7.817016953440729310e+01
7.834587545750883919e+01
7.834587545750883919e+01
7.879965062533652542e+01
7.879965062533652542e+01
7.788719626868422097e+01
7.788719626868422097e+01
7.791882088406883611e+01
7.791882088406883611e+01
7.793251473022267817e+01
7.810822065332421005e+01
7.810822065332421005e+01
7.809452680717038220e+01
7.855734120576730106e+01
7.813046681182268571e+01
7.795476088872115383e+01
7.792147473487499099e+01
7.792147473487499099e+01
7.792147473487499099e+01
7.795476088872115383e+01
7.795476088872115383e+01
7.849403221039499101e+01
7.846780913347190278e+01
7.876295541556422108e+01
7.876295541556422108e+01
7.876295541556420687e+01
7.858724949246267499e+01
7.858724949246267499e+01
7.858724949246267499e+01
7.858724949246267499e+01
7.812865355540421319e+01
7.812737509386575141e+01
7.877411849248730391e+01
7.877411849248730391e+01
7.874789541556420147e+01
7.876295541556420687e+01
7.830308101696729750e+01
7.812737509386576562e+01
7.812737509386576562e+01
7.813974894001960081e+01
7.813974894001960081e+01
7.876770352276422216e+01
7.894340944586576825e+01
7.891000098432728294e+01
7.891000098432729715e+01
7.891000098432729715e+01
7.891000098432729715e+01
7.891000098432729715e+01
7.891000098432729715e+01
7.845670273957652796e+01
7.849877256473344289e+01
7.802541662767498565e+01
7.805448355075191103e+01
7.805448355075191103e+01
7.787877762765037915e+01
7.787877762765037915e+01
7.784715301226574979e+01
7.787877762765037915e+01
7.787877762765037915e+01
7.873429506122575106e+01
7.891000098432728294e+01
7.891000098432729715e+01
7.891000098432729715e+01
7.893009867663499790e+01
7.892523867663499004e+01
7.892523867663499004e+01
7.840425427803806713e+01
7.840425427803806713e+01
7.844020392369959893e+01
7.844020392369959893e+01
7.797738952510268007e+01
7.798054183279498375e+01
7.794891721741036861e+01
7.794576490971806493e+01
7.812147083281959681e+01
7.812147083281959681e+01
7.812147083281959681e+01
7.891000098432729715e+01
7.891000098432729715e+01
7.873429506122576527e+01
7.873429506122576527e+01
7.828730681647499523e+01
7.828730681647498102e+01
7.828730681647498102e+01
7.828730681647499523e+01
7.828730681647499523e+01
7.817016953440729310e+01
7.817016953440729310e+01
7.817016953440729310e+01
7.817016953440729310e+01
7.817602107286883495e+01
7.861715777915806314e+01
7.861715777915806314e+01
7.861715777915806314e+01
7.879286370225959502e+01
7.828099681647498187e+01
7.828099681647498187e+01
7.845670273957652796e+01
7.845670273957652796e+01
7.846886427803805475e+01
7.846886427803805475e+01
7.846886427803805475e+01
7.891000098432728294e+01
7.891000098432728294e+01
7.800748585844421257e+01
7.783177993534268069e+01
7.781808608918883863e+01
7.778646147380422349e+01
7.778646147380422349e+01
7.778646147380422349e+01
7.778646147380422349e+01
7.829135971855498610e+01
7.831000971855497994e+01
7.874108198430268146e+01
7.874108198430268146e+01
7.891678790740421334e+01
7.891678790740421334e+01
7.891000098432728294e+01
7.845136350880729026e+01
7.845136350880730447e+01
7.846886427803806896e+01
7.846886427803806896e+01
7.816107929435806057e+01
7.812945467897344543e+01
7.795374875587191354e+01
7.792468183279498817e+01
7.842714700062266786e+01
7.842714700062266786e+01
7.839053776985345223e+01
7.839053776985345223e+01
7.839053776985345223e+01
7.843935007754576816e+01
7.840274084677650990e+01
7.840274084677650990e+01
7.857844676987805599e+01
7.810038775589653426e+01
7.810038775589653426e+01
7.813201237128114940e+01
7.810038775589652005e+01
7.810038775589652005e+01
7.844229528731806056e+01
7.847011221039498707e+01
7.847011221039498707e+01
7.800550627333653608e+01
7.800550627333653608e+01
7.797695165795191485e+01
7.815265758105344673e+01
7.817612681182266954e+01
7.817612681182266954e+01
7.797270893536730796e+01
7.797270893536730796e+01
7.848909256473346829e+01
7.848012256473344905e+01
7.847926871857960407e+01
7.849791871857961212e+01
7.832221279547806603e+01
7.832221279547806603e+01
7.832221279547806603e+01
7.864581813349651895e+01
7.864581813349651895e+01
7.864652736426576496e+01
7.864652736426576496e+01
7.847082144116423308e+01
7.797695165795190064e+01
7.794366550410575201e+01
7.794366550410575201e+01
7.797695165795191485e+01
7.885821926637036938e+01
7.889815157406268042e+01
7.839031409854268873e+01
7.839031409854268873e+01
7.840978332931190664e+01
7.837483563700421030e+01
7.819912971390267842e+01
7.819912971390267842e+01
7.819912971390267842e+01
7.798804704256730247e+01
7.795476088872113962e+01
7.795476088872113962e+01
7.798804704256730247e+01
7.798804704256730247e+01
7.847011221039498707e+01
7.847011221039498707e+01
7.847011221039498707e+01
7.864581813349651895e+01
7.802856893536728933e+01
7.785286301226575745e+01
7.785286301226575745e+01
7.783916916611191539e+01
7.832306664163191101e+01
7.832306664163191101e+01
7.831000971855497994e+01
7.831000971855497994e+01
7.831000971855497994e+01
7.798325047382884634e+01
7.798325047382884634e+01
7.795162585844423120e+01
7.846468641088729612e+01
7.828898048778575003e+01
7.828898048778575003e+01
7.832558971855500829e+01
7.832558971855500829e+01
7.831661971855498905e+01
7.807344373024730544e+01
7.808713757640113329e+01
7.808713757640113329e+01
7.811620449947805866e+01
7.794049857637652678e+01
7.838163528266575497e+01
7.838163528266575497e+01
7.838163528266575497e+01
7.838163528266575497e+01
7.861590984680113081e+01
7.861590984680113081e+01
7.861590984680113081e+01
7.817162083281959895e+01
7.817477314051190262e+01
7.817162083281959895e+01
7.814255390974267357e+01
7.814255390974267357e+01
7.796684798664114169e+01
7.802769704256728289e+01
7.802769704256728289e+01
7.847011221039497286e+01
7.847011221039497286e+01
7.846780913347190278e+01
7.847011221039495865e+01
7.847011221039495865e+01
7.864581813349650474e+01
7.865467736426573708e+01
7.842755273957654083e+01
7.893009867663499790e+01
7.891000098432729715e+01
7.891000098432728294e+01
7.891000098432728294e+01
7.873429506122575106e+01
7.873429506122575106e+01
7.873429506122575106e+01
7.873429506122575106e+01
7.891000098432728294e+01
7.891000098432729715e+01
7.891000098432729715e+01
7.891000098432729715e+01
7.893009867663498369e+01
7.875439275353343760e+01
7.875439275353343760e+01
7.875439275353343760e+01
7.824019758570577210e+01
7.865901700992729673e+01
7.865901700992729673e+01
7.883472293302882861e+01
7.829679776520116263e+01
7.831626699597036634e+01
7.835121468827804847e+01
7.835121468827804847e+01
7.835172699597036683e+01
7.835172699597036683e+01
7.814255390974267357e+01
7.811092929435807264e+01
7.811092929435807264e+01
7.813999621743498381e+01
7.813999621743498381e+01
7.810837160205036867e+01
7.810837160205036867e+01
7.793266567894883678e+01
7.840274084677650990e+01
7.878101429199497829e+01
7.878101429199497829e+01
7.878101429199497829e+01
7.824987835493655552e+01
7.842558427803808740e+01
7.839063658573037685e+01
7.841010581649959477e+01
7.844505350880729111e+01
7.844505350880729111e+01
7.891000098432728294e+01
7.891000098432728294e+01
7.891000098432728294e+01
7.843971427803806762e+01
7.843971427803806762e+01
7.843971427803806762e+01
7.843971427803806762e+01
7.842755273957652662e+01
7.825184681647499474e+01
7.801802739690575095e+01
7.801802739690575095e+01
7.804965201229038030e+01
7.804965201229038030e+01
7.787394608918883421e+01
7.784971070457345377e+01
7.784971070457345377e+01
7.832306664163189680e+01
7.829780664163190806e+01
7.879286370225959502e+01
7.879286370225959502e+01
7.879286370225959502e+01
7.879286370225959502e+01
7.861715777915806314e+01
7.862394470223497933e+01
7.862394470223497933e+01
7.862394470223497933e+01
7.814635876517652946e+01
7.836318640623498766e+01
7.839813409854268400e+01
7.839813409854268400e+01
7.839813409854268400e+01
7.839813409854268400e+01
7.885143234329345319e+01
7.867572642019190710e+01
7.867572642019190710e+01
7.867572642019190710e+01
7.881296139456729577e+01
7.863725547146574968e+01
7.863725547146574968e+01
7.863725547146574968e+01
7.863725547146574968e+01
7.861715777915804892e+01
7.861715777915804892e+01
7.817602107286882074e+01
7.817602107286883495e+01
7.860622984680115621e+01
7.856962061603192637e+01
7.804768006358882815e+01
7.804768006358882815e+01
7.804768006358882815e+01
7.807930467897345750e+01
7.790359875587191141e+01
7.790359875587191141e+01
7.793522337125654076e+01
7.873429506122575106e+01
7.891000098432729715e+01
7.891000098432729715e+01
7.891000098432728294e+01
7.891000098432728294e+01
7.891000098432728294e+01
7.891000098432728294e+01
7.891000098432728294e+01
7.846301273957651290e+01
7.855734120576727264e+01
7.838163528266574076e+01
7.791626319176114635e+01
7.791626319176114635e+01
7.791626319176114635e+01
7.788463857637653120e+01
7.791626319176114635e+01
7.791626319176114635e+01
7.788719626868422097e+01
7.795476088872113962e+01
7.797222011949035902e+01
7.844229528731806056e+01
7.844229528731806056e+01
7.844229528731806056e+01
7.844229528731806056e+01
7.847011221039498707e+01
7.847011221039497286e+01
7.864581813349651895e+01
7.817602107286880653e+01
7.816385953440729395e+01
7.816385953440729395e+01
7.812891184209961182e+01
7.810944261133037969e+01
7.810944261133037969e+01
7.810944261133037969e+01
7.864570624069654059e+01
7.882141216379807247e+01
7.874108198430268146e+01
7.891678790740422755e+01
7.891678790740422755e+01
7.891678790740421334e+01
7.891000098432728294e+01
7.891000098432728294e+01
7.891000098432728294e+01
7.891000098432728294e+01
7.846886427803805475e+01
7.829135971855498610e+01
7.829135971855498610e+01
7.829135971855498610e+01
7.829135971855498610e+01
7.846706564165653219e+01
7.796216739690575537e+01
7.799379201229038472e+01
7.801802739690575095e+01
7.804965201229038030e+01
7.885143234329345319e+01
7.887153003560115394e+01
7.869582411249960785e+01
7.869582411249960785e+01
7.867572642019190710e+01
7.867572642019190710e+01
7.867572642019190710e+01
7.820492740621037342e+01
7.820492740621037342e+01
7.854799392835191441e+01
7.850972315912115107e+01
7.868542908222268295e+01
7.868542908222268295e+01
7.866381292837651529e+01
7.866381292837651529e+01
7.866381292837651529e+01
7.819539929901037567e+01
7.822868545285652431e+01
7.857199984680113403e+01
7.859725984680113697e+01
7.810038775589652005e+01
7.810038775589652005e+01
7.813201237128114940e+01
7.815624775589651563e+01
7.815624775589651563e+01
7.798054183279498375e+01
7.798054183279498375e+01
7.864581813349651895e+01
7.864581813349651895e+01
7.847011221039498707e+01
7.800550627333652187e+01
7.800550627333652187e+01
7.800550627333652187e+01
7.802897550410574468e+01
7.801151627333652527e+01
7.798804704256728826e+01
