0.000000000000000000e+00
0.000000000000000000e+00
0.000000000000000000e+00
0.000000000000000000e+00
0.000000000000000000e+00
0.000000000000000000e+00
0.000000000000000000e+00
0.000000000000000000e+00
0.000000000000000000e+00
0.000000000000000000e+00
0.000000000000000000e+00
0.000000000000000000e+00
8.481724461106822377e-02
0.000000000000000000e+00
0.000000000000000000e+00
0.000000000000000000e+00
0.000000000000000000e+00
0.000000000000000000e+00
8.481724461106822377e-02
8.481724461106822377e-02
1.265229615745462610e-01
8.481724461106822377e-02
8.481724461106822377e-02
8.481724461106822377e-02
8.481724461106822377e-02
8.481724461106822377e-02
8.481724461106822377e-02
0.000000000000000000e+00
0.000000000000000000e+00
0.000000000000000000e+00
0.000000000000000000e+00
0.000000000000000000e+00
0.000000000000000000e+00
0.000000000000000000e+00
0.000000000000000000e+00
8.481724461106822377e-02
0.000000000000000000e+00
0.000000000000000000e+00
0.000000000000000000e+00
6.419868791005017838e-02
6.419868791005017838e-02
6.419868791005017838e-02
6.419868791005017838e-02
6.419868791005017838e-02
6.419868791005017838e-02
1.827553889409957721e-01
2.858481724462081514e-02
2.858481724462081514e-02
2.858481724462081514e-02
2.858481724462081514e-02
2.858481724462081514e-02
0.000000000000000000e+00
0.000000000000000000e+00
0.000000000000000000e+00
0.000000000000000000e+00
0.000000000000000000e+00
0.000000000000000000e+00
0.000000000000000000e+00
0.000000000000000000e+00
0.000000000000000000e+00
0.000000000000000000e+00
0.000000000000000000e+00
0.000000000000000000e+00
4.967197750708091109e-02
-7.685098406746534994e-02
0.000000000000000000e+00
0.000000000000000000e+00
0.000000000000000000e+00
0.000000000000000000e+00
0.000000000000000000e+00
0.000000000000000000e+00
0.000000000000000000e+00
1.972820993439630410e-01
1.972820993439630410e-01
1.972820993439630410e-01
2.858481724462081514e-02
7.966260543602769750e-03
7.966260543602769750e-03
7.966260543602769750e-03
7.966260543602769750e-03
0.000000000000000000e+00
0.000000000000000000e+00
0.000000000000000000e+00
8.481724461106822377e-02
1.766635426429451206e-01
1.766635426429451206e-01
1.766635426429451206e-01
1.766635426429451206e-01
1.766635426429451206e-01
4.967197750708091109e-02
0.000000000000000000e+00
0.000000000000000000e+00
0.000000000000000000e+00
0.000000000000000000e+00
0.000000000000000000e+00
0.000000000000000000e+00
0.000000000000000000e+00
8.481724461106822377e-02
8.481724461106822377e-02
7.029053420809885933e-02
7.029053420809885933e-02
0.000000000000000000e+00
0.000000000000000000e+00
0.000000000000000000e+00
0.000000000000000000e+00
0.000000000000000000e+00
0.000000000000000000e+00
0.000000000000000000e+00
1.972820993439630410e-01
1.265229615745462610e-01
1.265229615745462610e-01
2.858481724462081514e-02
2.858481724462081514e-02
0.000000000000000000e+00
0.000000000000000000e+00
0.000000000000000000e+00
0.000000000000000000e+00
1.204311152764975940e-01
-2.061855670101804539e-02
-2.061855670101804539e-02
-2.061855670101804539e-02
-2.061855670101804539e-02
0.000000000000000000e+00
0.000000000000000000e+00
0.000000000000000000e+00
0.000000000000000000e+00
0.000000000000000000e+00
0.000000000000000000e+00
0.000000000000000000e+00
0.000000000000000000e+00
0.000000000000000000e+00
0.000000000000000000e+00
0.000000000000000000e+00
2.858481724462081514e-02
0.000000000000000000e+00
0.000000000000000000e+00
0.000000000000000000e+00
0.000000000000000000e+00
0.000000000000000000e+00
0.000000000000000000e+00
0.000000000000000000e+00
0.000000000000000000e+00
0.000000000000000000e+00
8.481724461106822377e-02
0.000000000000000000e+00
0.000000000000000000e+00
8.481724461106822377e-02
2.183692596064251146e-01
4.967197750708081394e-02
4.967197750708081394e-02
7.029053420809885933e-02
7.029053420809885933e-02
7.029053420809885933e-02
0.000000000000000000e+00
0.000000000000000000e+00
0.000000000000000000e+00
0.000000000000000000e+00
8.481724461106822377e-02
8.481724461106822377e-02
8.481724461106822377e-02
8.481724461106822377e-02
8.481724461106822377e-02
0.000000000000000000e+00
0.000000000000000000e+00
0.000000000000000000e+00
0.000000000000000000e+00
0.000000000000000000e+00
0.000000000000000000e+00
0.000000000000000000e+00
0.000000000000000000e+00
0.000000000000000000e+00
8.481724461106822377e-02
8.481724461106822377e-02
4.967197750708091109e-02
4.967197750708091109e-02
4.967197750708091109e-02
1.265229615745462610e-01
1.265229615745462610e-01
2.535145267104104705e-01
8.481724461106822377e-02
0.000000000000000000e+00
0.000000000000000000e+00
0.000000000000000000e+00
0.000000000000000000e+00
0.000000000000000000e+00
0.000000000000000000e+00
0.000000000000000000e+00
0.000000000000000000e+00
0.000000000000000000e+00
2.535145267104104705e-01
2.535145267104104705e-01
8.481724461106822377e-02
8.481724461106822377e-02
8.481724461106822377e-02
8.481724461106822377e-02
8.481724461106822377e-02
0.000000000000000000e+00
0.000000000000000000e+00
1.972820993439630410e-01
1.972820993439630410e-01
2.858481724462081514e-02
2.858481724462081514e-02
2.858481724462081514e-02
2.858481724462081514e-02
2.858481724462081514e-02
0.000000000000000000e+00
0.000000000000000000e+00
0.000000000000000000e+00
0.000000000000000000e+00
0.000000000000000000e+00
0.000000000000000000e+00
0.000000000000000000e+00
0.000000000000000000e+00
0.000000000000000000e+00
0.000000000000000000e+00
0.000000000000000000e+00
0.000000000000000000e+00
0.000000000000000000e+00
0.000000000000000000e+00
0.000000000000000000e+00
1.410496719775156393e-01
1.410496719775156393e-01
1.410496719775156393e-01
1.410496719775156393e-01
1.410496719775156393e-01
0.000000000000000000e+00
0.000000000000000000e+00
0.000000000000000000e+00
0.000000000000000000e+00
0.000000000000000000e+00
0.000000000000000000e+00
0.000000000000000000e+00
0.000000000000000000e+00
0.000000000000000000e+00
0.000000000000000000e+00
0.000000000000000000e+00
0.000000000000000000e+00
0.000000000000000000e+00
0.000000000000000000e+00
0.000000000000000000e+00
0.000000000000000000e+00
2.858481724462081514e-02
2.858481724462081514e-02
0.000000000000000000e+00
0.000000000000000000e+00
0.000000000000000000e+00
0.000000000000000000e+00
0.000000000000000000e+00
0.000000000000000000e+00
0.000000000000000000e+00
0.000000000000000000e+00
0.000000000000000000e+00
0.000000000000000000e+00
0.000000000000000000e+00
0.000000000000000000e+00
0.000000000000000000e+00
0.000000000000000000e+00
0.000000000000000000e+00
0.000000000000000000e+00
0.000000000000000000e+00
0.000000000000000000e+00
0.000000000000000000e+00
0.000000000000000000e+00
0.000000000000000000e+00
7.029053420809885933e-02
7.029053420809885933e-02
7.029053420809885933e-02
7.029053420809885933e-02
1.410496719775156393e-01
0.000000000000000000e+00
8.481724461106822377e-02
8.481724461106822377e-02
8.481724461106822377e-02
8.481724461106822377e-02
0.000000000000000000e+00
0.000000000000000000e+00
0.000000000000000000e+00
0.000000000000000000e+00
0.000000000000000000e+00
0.000000000000000000e+00
0.000000000000000000e+00
0.000000000000000000e+00
7.029053420809885933e-02
1.410496719775156393e-01
1.410496719775156393e-01
6.419868791005028941e-02
6.419868791005028941e-02
6.419868791005028941e-02
0.000000000000000000e+00
7.966260543602769750e-03
7.966260543602769750e-03
7.966260543602769750e-03
7.966260543602769750e-03
7.966260543602769750e-03
2.858481724462081514e-02
7.029053420809885933e-02
7.029053420809885933e-02
-2.061855670101804539e-02
0.000000000000000000e+00
0.000000000000000000e+00
0.000000000000000000e+00
0.000000000000000000e+00
0.000000000000000000e+00
0.000000000000000000e+00
0.000000000000000000e+00
0.000000000000000000e+00
7.029053420809885933e-02
7.029053420809885933e-02
1.972820993439630410e-01
2.858481724462081514e-02
2.858481724462081514e-02
0.000000000000000000e+00
0.000000000000000000e+00
0.000000000000000000e+00
0.000000000000000000e+00
0.000000000000000000e+00
0.000000000000000000e+00
1.410496719775156393e-01
1.410496719775156393e-01
1.410496719775156393e-01
1.265229615745462610e-01
1.265229615745462610e-01
1.265229615745462610e-01
0.000000000000000000e+00
8.481724461106822377e-02
2.535145267104104705e-01
1.827553889409957721e-01
1.827553889409957721e-01
8.481724461106822377e-02
8.481724461106822377e-02
8.481724461106822377e-02
8.481724461106822377e-02
8.481724461106822377e-02
8.481724461106822377e-02
8.481724461106822377e-02
8.481724461106822377e-02
0.000000000000000000e+00
0.000000000000000000e+00
0.000000000000000000e+00
0.000000000000000000e+00
0.000000000000000000e+00
0.000000000000000000e+00
0.000000000000000000e+00
0.000000000000000000e+00
0.000000000000000000e+00
0.000000000000000000e+00
0.000000000000000000e+00
0.000000000000000000e+00
2.858481724462081514e-02
0.000000000000000000e+00
0.000000000000000000e+00
7.966260543602769750e-03
7.966260543602769750e-03
4.967197750708081394e-02
1.766635426429449818e-01
1.766635426429449818e-01
1.766635426429449818e-01
1.972820993439630410e-01
1.972820993439630410e-01
2.858481724462081514e-02
2.858481724462081514e-02
0.000000000000000000e+00
0.000000000000000000e+00
0.000000000000000000e+00
0.000000000000000000e+00
0.000000000000000000e+00
0.000000000000000000e+00
0.000000000000000000e+00
0.000000000000000000e+00
0.000000000000000000e+00
0.000000000000000000e+00
0.000000000000000000e+00
0.000000000000000000e+00
0.000000000000000000e+00
0.000000000000000000e+00
2.858481724462081514e-02
2.858481724462081514e-02
2.858481724462081514e-02
0.000000000000000000e+00
0.000000000000000000e+00
0.000000000000000000e+00
0.000000000000000000e+00
0.000000000000000000e+00
0.000000000000000000e+00
0.000000000000000000e+00
0.000000000000000000e+00
1.410496719775156393e-01
1.410496719775156393e-01
1.410496719775156393e-01
0.000000000000000000e+00
0.000000000000000000e+00
0.000000000000000000e+00
0.000000000000000000e+00
0.000000000000000000e+00
0.000000000000000000e+00
0.000000000000000000e+00
0.000000000000000000e+00
0.000000000000000000e+00
0.000000000000000000e+00
0.000000000000000000e+00
1.410496719775156393e-01
1.410496719775156393e-01
1.410496719775156393e-01
1.410496719775156393e-01
1.410496719775156393e-01
2.535145267104104705e-01
2.535145267104104705e-01
2.535145267104104705e-01
1.827553889409957721e-01
8.481724461106822377e-02
8.481724461106822377e-02
8.481724461106822377e-02
0.000000000000000000e+00
0.000000000000000000e+00
0.000000000000000000e+00
7.029053420809885933e-02
7.029053420809885933e-02
0.000000000000000000e+00
0.000000000000000000e+00
-2.061855670101804539e-02
-2.061855670101804539e-02
-2.061855670101804539e-02
-2.061855670101804539e-02
2.535145267104104705e-01
2.535145267104104705e-01
2.535145267104104705e-01
1.827553889409957721e-01
1.827553889409957721e-01
1.059044048735304222e-01
7.966260543602873834e-03
0.000000000000000000e+00
0.000000000000000000e+00
0.000000000000000000e+00
0.000000000000000000e+00
0.000000000000000000e+00
0.000000000000000000e+00
0.000000000000000000e+00
0.000000000000000000e+00
1.410496719775156393e-01
1.410496719775156393e-01
1.410496719775156393e-01
0.000000000000000000e+00
0.000000000000000000e+00
0.000000000000000000e+00
0.000000000000000000e+00
0.000000000000000000e+00
0.000000000000000000e+00
0.000000000000000000e+00
0.000000000000000000e+00
0.000000000000000000e+00
0.000000000000000000e+00
0.000000000000000000e+00
0.000000000000000000e+00
0.000000000000000000e+00
0.000000000000000000e+00
8.481724461106822377e-02
8.481724461106822377e-02
8.481724461106822377e-02
8.481724461106822377e-02
7.966260543602769750e-03
2.858481724462081514e-02
2.858481724462081514e-02
2.858481724462081514e-02
2.858481724462081514e-02
2.858481724462081514e-02
2.858481724462081514e-02
0.000000000000000000e+00
2.858481724462081514e-02
1.410496719775156393e-01
1.410496719775156393e-01
1.410496719775156393e-01
1.410496719775156393e-01
1.410496719775156393e-01
0.000000000000000000e+00
0.000000000000000000e+00
0.000000000000000000e+00
0.000000000000000000e+00
2.389878163074431738e-01
1.621368322399778239e-01
-6.560449859366490610e-03
-6.560449859366490610e-03
-6.560449859366490610e-03
7.029053420809885933e-02
7.029053420809885933e-02
7.029053420809885933e-02
0.000000000000000000e+00
0.000000000000000000e+00
0.000000000000000000e+00
0.000000000000000000e+00
0.000000000000000000e+00
0.000000000000000000e+00
0.000000000000000000e+00
0.000000000000000000e+00
0.000000000000000000e+00
0.000000000000000000e+00
0.000000000000000000e+00
0.000000000000000000e+00
0.000000000000000000e+00
0.000000000000000000e+00
0.000000000000000000e+00
0.000000000000000000e+00
0.000000000000000000e+00
0.000000000000000000e+00
0.000000000000000000e+00
1.059044048735282156e-01
-2.061855670101804539e-02
-2.061855670101804539e-02
-2.061855670101804539e-02
-2.061855670101804539e-02
-2.061855670101804539e-02
0.000000000000000000e+00
0.000000000000000000e+00
0.000000000000000000e+00
0.000000000000000000e+00
0.000000000000000000e+00
0.000000000000000000e+00
6.419868791005017838e-02
1.621368322399777129e-01
1.621368322399777129e-01
1.621368322399777129e-01
2.328959700093924390e-01
2.328959700093924390e-01
8.481724461106822377e-02
8.481724461106822377e-02
8.481724461106822377e-02
8.481724461106822377e-02
0.000000000000000000e+00
0.000000000000000000e+00
0.000000000000000000e+00
0.000000000000000000e+00
0.000000000000000000e+00
1.410496719775156393e-01
1.410496719775156393e-01
1.410496719775156393e-01
1.410496719775156393e-01
1.410496719775156393e-01
7.029053420809885933e-02
7.029053420809885933e-02
0.000000000000000000e+00
0.000000000000000000e+00
0.000000000000000000e+00
1.410496719775156393e-01
1.410496719775156393e-01
1.410496719775156393e-01
0.000000000000000000e+00
0.000000000000000000e+00
0.000000000000000000e+00
0.000000000000000000e+00
0.000000000000000000e+00
1.972820993439630410e-01
1.204311152764976911e-01
1.204311152764976911e-01
1.204311152764976911e-01
-4.826616682284453480e-02
-4.826616682284453480e-02
-4.826616682284453480e-02
-4.826616682284453480e-02
0.000000000000000000e+00
1.410496719775156393e-01
1.410496719775156393e-01
7.029053420809885933e-02
7.029053420809885933e-02
0.000000000000000000e+00
0.000000000000000000e+00
0.000000000000000000e+00
0.000000000000000000e+00
0.000000000000000000e+00
0.000000000000000000e+00
0.000000000000000000e+00
0.000000000000000000e+00
0.000000000000000000e+00
0.000000000000000000e+00
0.000000000000000000e+00
0.000000000000000000e+00
0.000000000000000000e+00
0.000000000000000000e+00
