2.235387758294336180e+01
2.235387758294336180e+01
2.235387758294336180e+01
2.222735462136885687e+01
2.222735462136885687e+01
2.217637042830419247e+01
2.217637042830419247e+01
2.255593931302771793e+01
2.268246227460222286e+01
2.270427589597048978e+01
2.245439304686086857e+01
2.248040054451787029e+01
2.262496474320575146e+01
2.247723747047847453e+01
2.242625327741381014e+01
2.242625327741381014e+01
2.242625327741381014e+01
2.242625327741381014e+01
2.270050351171559555e+01
2.244745758856657858e+01
2.248916330553005594e+01
2.249279498313080694e+01
2.249279498313080694e+01
2.249279498313080694e+01
2.261931794470531543e+01
2.255113612652347754e+01
2.255113612652347754e+01
2.273028339362749151e+01
2.266210157544565362e+01
2.266210157544565362e+01
2.266210157544565362e+01
2.266210157544565362e+01
2.266210157544565362e+01
2.247723747047847453e+01
2.242625327741381014e+01
2.250579873195924563e+01
2.269546602343065800e+01
2.256894306185615307e+01
2.256894306185615307e+01
2.258499273383366557e+01
2.258499273383366557e+01
2.258499273383366557e+01
2.258499273383366557e+01
2.271151569540817405e+01
2.258499273383366912e+01
2.275626733552068615e+01
2.260209676382431354e+01
2.260209676382431354e+01
2.260209676382431354e+01
2.260209676382431354e+01
2.278696086879148552e+01
2.277981466448033032e+01
2.277981466448033032e+01
2.265329170290582184e+01
2.229973031583930165e+01
2.229973031583930165e+01
2.229973031583930165e+01
2.229973031583930165e+01
2.255277623898831862e+01
2.255277623898831862e+01
2.264593475257782274e+01
2.264593475257782274e+01
2.277245771415232767e+01
2.236275749484590847e+01
2.221549882567999390e+01
2.223471157169686307e+01
2.223471157169686307e+01
2.223471157169686307e+01
2.226071906935386480e+01
2.261428045642038143e+01
2.261428045642038143e+01
2.274080341799488991e+01
2.291348383036599756e+01
2.291348383036599756e+01
2.278696086879148552e+01
2.274478654826665291e+01
2.261310894751689204e+01
2.261310894751689204e+01
2.261310894751689204e+01
2.240540041893210699e+01
2.240340885379620772e+01
2.278862453702015856e+01
2.266210157544565362e+01
2.268330588659842206e+01
2.270626746110638905e+01
2.270626746110638905e+01
2.270626746110638905e+01
2.261310894751688849e+01
2.261310894751688849e+01
2.235959442080651627e+01
2.242941635145320944e+01
2.242941635145320944e+01
2.248040054451787739e+01
2.248040054451787739e+01
2.285680635520199999e+01
2.285680635520199999e+01
2.285680635520199999e+01
2.289417748922259932e+01
2.276765452764809083e+01
2.241008645454600057e+01
2.241008645454600057e+01
2.227688589222169568e+01
2.217637042830419247e+01
2.222735462136885687e+01
2.258091600843538060e+01
2.258091600843538060e+01
2.260692350609238233e+01
2.260692350609238233e+01
2.274478654826664936e+01
2.248916330553005594e+01
2.242098148734821805e+01
2.236838073758252321e+01
2.236838073758252321e+01
2.230289338987869741e+01
2.230289338987869741e+01
2.230289338987869741e+01
2.242941635145320589e+01
2.276774812277462345e+01
2.273248570478024533e+01
2.273248570478024533e+01
2.273248570478024533e+01
2.248260285567062766e+01
2.248775749484588005e+01
2.248775749484588005e+01
2.236123453327137156e+01
2.238724203092837328e+01
2.277981466448033032e+01
2.277981466448033032e+01
2.277981466448033032e+01
2.242941635145320944e+01
2.240340885379620772e+01
2.252993181537071621e+01
2.252993181537071621e+01
2.266043790721698059e+01
2.255277623898832218e+01
2.209202178725452015e+01
2.209202178725452015e+01
2.221854474882902863e+01
2.221854474882902863e+01
2.221854474882902863e+01
2.221854474882902863e+01
2.234506771040353357e+01
2.261428045642038498e+01
2.271667033458342644e+01
2.266210157544565362e+01
2.266210157544565362e+01
2.268330588659842206e+01
2.270579885754503380e+01
2.241057861387118422e+01
2.241057861387118422e+01
2.248391507122827448e+01
2.248391507122827448e+01
2.243293087816360654e+01
2.234506771040354067e+01
2.246842759793864630e+01
2.246842759793864630e+01
2.246842759793864630e+01
2.261615487066592323e+01
2.274267783224043171e+01
2.274267783224043171e+01
2.292754193720760370e+01
2.292754193720760370e+01
2.226071906935386124e+01
2.226071906935386124e+01
2.213419610777935631e+01
2.213419610777935631e+01
2.213419610777935631e+01
2.222735462136885687e+01
2.222735462136885687e+01
2.235387758294336180e+01
2.273344646766688726e+01
2.254797305248408534e+01
2.242145009090957686e+01
2.231742010028168011e+01
2.231742010028168011e+01
2.231742010028168011e+01
2.246315580787305421e+01
2.246315580787305421e+01
2.271667033458342644e+01
2.267449601405859028e+01
2.279178761105955431e+01
2.279178761105955431e+01
2.269127214714205465e+01
2.264028795407738670e+01
2.267929920056282711e+01
2.267929920056282711e+01
2.267929920056282711e+01
2.238724203092836973e+01
2.238724203092836973e+01
2.280982884817292700e+01
2.280982884817292700e+01
2.276765452764809083e+01
2.289417748922259932e+01
2.262812781724514366e+01
2.257714362418047926e+01
2.257714362418047926e+01
2.242941635145320589e+01
2.242941635145320589e+01
2.287130950984115785e+01
2.292229370290582580e+01
2.288011938238098608e+01
2.275359642080648115e+01
2.275359642080648115e+01
2.275359642080648115e+01
2.275359642080648115e+01
2.274645021649532595e+01
2.253874168791054444e+01
2.263712488003799095e+01
2.230289338987869741e+01
2.217637042830419247e+01
2.217637042830419247e+01
2.204984746672968399e+01
2.204984746672968399e+01
2.217637042830419247e+01
2.217637042830419247e+01
2.217637042830419247e+01
2.276364784161249943e+01
2.281463203467716738e+01
2.283079885754499827e+01
2.283079885754499827e+01
2.286606127553937640e+01
2.273953831396486791e+01
2.273953831396486791e+01
2.261301535239036298e+01
2.261301535239036298e+01
2.272147352108766327e+01
2.272147352108766327e+01
2.234506771040353357e+01
2.221854474882902508e+01
2.234190463636413782e+01
2.234190463636413782e+01
2.239288882942880576e+01
2.239288882942880576e+01
2.239288882942880576e+01
2.274645021649532239e+01
2.274645021649532239e+01
2.269546602343065800e+01
2.269546602343065800e+01
2.251060191846348246e+01
2.251060191846348246e+01
2.251060191846348246e+01
2.264427108434914615e+01
2.264427108434914615e+01
2.242625327741381369e+01
2.242625327741381369e+01
2.242625327741381369e+01
2.242625327741381369e+01
2.230289338987870451e+01
2.267929920056282711e+01
2.277981466448033032e+01
2.277981466448033032e+01
2.290633762605483881e+01
2.248775749484588005e+01
2.248775749484588005e+01
2.253874168791054444e+01
2.253874168791054444e+01
2.256474918556754616e+01
2.243822622399304123e+01
2.243822622399304123e+01
2.281463203467716383e+01
2.281463203467716383e+01
2.238407895688897753e+01
2.225755599531446904e+01
2.225755599531446904e+01
2.234858223711393777e+01
2.234858223711393777e+01
2.234858223711393777e+01
2.234858223711393777e+01
2.256203115932569503e+01
2.252676874133131690e+01
2.284319329615793137e+01
2.284319329615793137e+01
2.289417748922259932e+01
2.289417748922259932e+01
2.281463203467716383e+01
2.256158611152815041e+01
2.256158611152815041e+01
2.248040054451787384e+01
2.248040054451787384e+01
2.226952894189369303e+01
2.239605190346819796e+01
2.234506771040353357e+01
2.243609395220300229e+01
2.273072844142503968e+01
2.273072844142503968e+01
2.258499273383366557e+01
2.258499273383366557e+01
2.258499273383366557e+01
2.257210613589554882e+01
2.257409770103144808e+01
2.257409770103144808e+01
2.262508189409611603e+01
2.237203597094709906e+01
2.237203597094709906e+01
2.244537242830418933e+01
2.248707814526766668e+01
2.248707814526766668e+01
2.252161410215606452e+01
2.252676874133131690e+01
2.252676874133131690e+01
2.226071906935386124e+01
2.226071906935386124e+01
2.238407895688897398e+01
2.251060191846348246e+01
2.251060191846348246e+01
2.251060191846348246e+01
2.247510519868844625e+01
2.247510519868844625e+01
2.278696086879148908e+01
2.268644540487398231e+01
2.261826358669214443e+01
2.261111738238098923e+01
2.248459442080648074e+01
2.248459442080648074e+01
2.248459442080648074e+01
2.277981466448033387e+01
2.277981466448033387e+01
2.281507708247471200e+01
2.281507708247471200e+01
2.268855412090020351e+01
2.248916330553005594e+01
2.242098148734821805e+01
2.242098148734821805e+01
2.234190463636414137e+01
2.292018498687960459e+01
2.297852613027227164e+01
2.276507720806051438e+01
2.276507720806051438e+01
2.275465077881965570e+01
2.264429464011298165e+01
2.255113612652347754e+01
2.255113612652347754e+01
2.255113612652347754e+01
2.248963190909141474e+01
2.242145009090957686e+01
2.242145009090957686e+01
2.234190463636413782e+01
2.234190463636413782e+01
2.252676874133131690e+01
2.252676874133131690e+01
2.252676874133131690e+01
2.265329170290582539e+01
2.230289338987869741e+01
2.217637042830418892e+01
2.217637042830418892e+01
2.217637042830418892e+01
2.251060191846348246e+01
2.251060191846348246e+01
2.253391494564247211e+01
2.244558317432104388e+01
2.244558317432104388e+01
2.236322609840727083e+01
2.236322609840727083e+01
2.240493181537074818e+01
2.269745758856656082e+01
2.257093462699205233e+01
2.257093462699205233e+01
2.270261222774181320e+01
2.270261222774181320e+01
2.260209676382430999e+01
2.244537242830418933e+01
2.231170326241852564e+01
2.231170326241852564e+01
2.218518030084402071e+01
2.209202178725452015e+01
2.247159067197804561e+01
2.247159067197804561e+01
2.247159067197804561e+01
2.247159067197804561e+01
2.256474918556754616e+01
2.256474918556754616e+01
2.256474918556754616e+01
2.218518030084402071e+01
2.218518030084402071e+01
2.231170326241852919e+01
2.244537242830418933e+01
2.244537242830418933e+01
2.239438823523952493e+01
2.226071906935386124e+01
2.226071906935386124e+01
2.261111738238098567e+01
2.261111738238098567e+01
2.261111738238098923e+01
2.273764034395549416e+01
2.273764034395549416e+01
2.286416330553000265e+01
2.289942572352438077e+01
2.269736399344003175e+01
2.282388695501454023e+01
2.278862453702015856e+01
2.285680635520199999e+01
2.285680635520199999e+01
2.280582216213733560e+01
2.280582216213733560e+01
2.280582216213733560e+01
2.280582216213733560e+01
2.281463203467716738e+01
2.274645021649532595e+01
2.274645021649532595e+01
2.274645021649532595e+01
2.278171263448970407e+01
2.273072844142503968e+01
2.273072844142503968e+01
2.273072844142503968e+01
2.260420547985053119e+01
2.271667033458342644e+01
2.271667033458342644e+01
2.284319329615793492e+01
2.264591119681401210e+01
2.263548476757315342e+01
2.274584090627982746e+01
2.274584090627982746e+01
2.259811363355255054e+01
2.259811363355255054e+01
2.235387758294336180e+01
2.248707814526766668e+01
2.248707814526766668e+01
2.235387758294336180e+01
2.235387758294336180e+01
2.228054112558627153e+01
2.228054112558627153e+01
2.222955693252160714e+01
2.248260285567062411e+01
2.284319329615793492e+01
2.284319329615793492e+01
2.284319329615793492e+01
2.264591119681401210e+01
2.269689538987867650e+01
2.255115968228730239e+01
2.254073325304644371e+01
2.253874168791054089e+01
2.253874168791054089e+01
2.281463203467716738e+01
2.281463203467716738e+01
2.281463203467716738e+01
2.256158611152815041e+01
2.256158611152815041e+01
2.256158611152815041e+01
2.272337149109703702e+01
2.269736399344003530e+01
2.264637980037536735e+01
2.238724203092836973e+01
2.238724203092836973e+01
2.226071906935386480e+01
2.226071906935386480e+01
2.213419610777935631e+01
2.226071906935386124e+01
2.226071906935386124e+01
2.261428045642038498e+01
2.248775749484587649e+01
2.284799648266217176e+01
2.284799648266217176e+01
2.284799648266217176e+01
2.284799648266217176e+01
2.272147352108766327e+01
2.280101897563309521e+01
2.267449601405859028e+01
2.267449601405859028e+01
2.254797305248408534e+01
2.254073325304644371e+01
2.267241085379620458e+01
2.267241085379620458e+01
2.267241085379620458e+01
2.267241085379620458e+01
2.288011938238098963e+01
2.278696086879148552e+01
2.277981466448033032e+01
2.278696086879148552e+01
2.281507708247471200e+01
2.268855412090020351e+01
2.268855412090020351e+01
2.268855412090020351e+01
2.281507708247470845e+01
2.277981466448033032e+01
2.277981466448033032e+01
2.251376499250287821e+01
2.238724203092837328e+01
2.279530213776995851e+01
2.264956643017858440e+01
2.235434618650473482e+01
2.235434618650473482e+01
2.235434618650473482e+01
2.248391507122827448e+01
2.243293087816360654e+01
2.243293087816360654e+01
2.230289338987869741e+01
2.269546602343066155e+01
2.274645021649532595e+01
2.274645021649532239e+01
2.281463203467716383e+01
2.281463203467716383e+01
2.281463203467716383e+01
2.281463203467716383e+01
2.281463203467716383e+01
2.256158611152815041e+01
2.270743897000988554e+01
2.261428045642038498e+01
2.226071906935386124e+01
2.226071906935386124e+01
2.226071906935386124e+01
2.223471157169685952e+01
2.213419610777935631e+01
2.213419610777935631e+01
2.226071906935386124e+01
2.241898992221235787e+01
2.227173125304644330e+01
2.252477717619546027e+01
2.252477717619546027e+01
2.252477717619546027e+01
2.252477717619546027e+01
2.252993181537071266e+01
2.264028795407738670e+01
2.276681091565189519e+01
2.247159067197804205e+01
2.244558317432104033e+01
2.244558317432104033e+01
2.246163284629855639e+01
2.247205927553941507e+01
2.247205927553941507e+01
2.247205927553941507e+01
2.266934137488333789e+01
2.279586433645784638e+01
2.275884465510826260e+01
2.280982884817292700e+01
2.280982884817292700e+01
2.293635180974743193e+01
2.285680635520199999e+01
2.285680635520199999e+01
2.285680635520199999e+01
2.285680635520199999e+01
2.248040054451787739e+01
2.256203115932569503e+01
2.256203115932569503e+01
2.256203115932569503e+01
2.256203115932569503e+01
2.268855412090020351e+01
2.245226077507083673e+01
2.247826827272783845e+01
2.238724203092836973e+01
2.226071906935386480e+01
2.283079885754499827e+01
2.286606127553937640e+01
2.277290276194987584e+01
2.277290276194987584e+01
2.272147352108766327e+01
2.272147352108766327e+01
2.261111738238098923e+01
2.246842759793864985e+01
2.246842759793864985e+01
2.274478654826664936e+01
2.259905084067527525e+01
2.269220935426477581e+01
2.269220935426477581e+01
2.265003503373993965e+01
2.265003503373993965e+01
2.265003503373993965e+01
2.240015218463032198e+01
2.241221872633603240e+01
2.265518967291519559e+01
2.278171263448970407e+01
2.248391507122827448e+01
2.248391507122827448e+01
2.239605190346819796e+01
2.226952894189369303e+01
2.226952894189369303e+01
2.221854474882902508e+01
2.221854474882902508e+01
2.278297773851972963e+01
2.278297773851972963e+01
2.265645477694522114e+01
2.238724203092836973e+01
2.238724203092836973e+01
2.238724203092836973e+01
2.226071906935386480e+01
2.238724203092836973e+01
2.238724203092836973e+01
