1.893205740873402654e+00
1.893205740873402654e+00
1.893205740873402654e+00
1.893205740873402654e+00
1.893205740873402654e+00
2.215324566929237182e+00
2.215324566929237182e+00
1.893205740873402654e+00
1.893205740873402654e+00
1.463713972798958096e+00
1.785832798854792625e+00
1.785832798854792625e+00
1.785832798854792625e+00
1.785832798854792625e+00
2.107951624910626709e+00
2.107951624910626709e+00
2.107951624910626709e+00
2.107951624910626709e+00
2.000578682892016680e+00
2.322697508947851208e+00
2.322697508947851208e+00
2.322697508947851208e+00
2.322697508947851208e+00
2.322697508947851208e+00
2.000578682892012683e+00
2.000578682892012683e+00
2.000578682892012683e+00
1.463713972798958096e+00
1.463713972798958096e+00
1.463713972798958096e+00
1.463713972798958096e+00
1.463713972798958096e+00
1.463713972798958096e+00
1.785832798854792625e+00
2.107951624910626709e+00
2.107951624910626709e+00
1.893205740873402654e+00
1.893205740873402654e+00
1.893205740873402654e+00
1.893205740873402654e+00
1.893205740873402654e+00
1.893205740873402654e+00
1.893205740873402654e+00
1.571086914817564573e+00
1.893205740873398657e+00
1.893205740873398657e+00
1.893205740873398657e+00
1.893205740873398657e+00
1.893205740873398657e+00
1.893205740873398657e+00
1.571086914817564573e+00
1.571086914817564573e+00
1.571086914817564573e+00
1.893205740873402654e+00
2.322697508947847211e+00
2.322697508947847211e+00
2.322697508947847211e+00
2.322697508947847211e+00
2.000578682892012683e+00
2.000578682892012683e+00
1.678459856836178155e+00
1.678459856836178155e+00
1.678459856836178155e+00
2.322697508947851208e+00
2.322697508947851208e+00
2.322697508947851208e+00
2.322697508947851208e+00
2.322697508947851208e+00
2.322697508947851208e+00
2.000578682892016680e+00
2.000578682892016680e+00
1.678459856836178155e+00
1.571086914817564573e+00
1.571086914817564573e+00
1.893205740873402654e+00
1.893205740873402654e+00
1.893205740873402654e+00
1.893205740873402654e+00
1.893205740873402654e+00
2.215324566929237182e+00
2.215324566929237182e+00
1.571086914817568125e+00
1.571086914817568125e+00
1.571086914817568125e+00
1.571086914817568125e+00
1.571086914817568125e+00
1.571086914817568125e+00
1.893205740873402654e+00
1.893205740873402654e+00
2.215324566929237182e+00
2.000578682892012683e+00
2.000578682892012683e+00
1.678459856836178155e+00
1.678459856836178155e+00
1.356341030780344070e+00
1.356341030780344070e+00
1.356341030780344070e+00
1.356341030780344070e+00
1.356341030780344070e+00
2.215324566929237182e+00
2.215324566929237182e+00
2.215324566929237182e+00
2.215324566929237182e+00
1.893205740873402654e+00
1.571086914817568125e+00
1.571086914817568125e+00
1.571086914817568125e+00
1.571086914817568125e+00
2.000578682892016680e+00
2.322697508947851208e+00
2.322697508947851208e+00
2.322697508947851208e+00
2.322697508947851208e+00
2.322697508947851208e+00
2.322697508947851208e+00
2.322697508947851208e+00
2.000578682892012683e+00
1.571086914817564573e+00
1.571086914817564573e+00
1.571086914817564573e+00
1.571086914817564573e+00
1.893205740873398657e+00
1.893205740873398657e+00
1.893205740873398657e+00
2.215324566929237182e+00
2.215324566929237182e+00
1.893205740873402654e+00
1.893205740873402654e+00
1.893205740873402654e+00
2.215324566929237182e+00
2.215324566929237182e+00
1.893205740873398657e+00
1.893205740873398657e+00
1.893205740873398657e+00
1.893205740873398657e+00
2.430070450966461237e+00
2.430070450966461237e+00
2.107951624910623156e+00
2.107951624910623156e+00
2.107951624910623156e+00
2.107951624910623156e+00
2.107951624910623156e+00
1.785832798854788628e+00
1.785832798854788628e+00
1.571086914817568125e+00
1.571086914817568125e+00
1.571086914817568125e+00
1.571086914817568125e+00
1.893205740873402654e+00
1.893205740873402654e+00
1.893205740873402654e+00
1.893205740873402654e+00
2.215324566929237182e+00
2.215324566929237182e+00
2.215324566929237182e+00
2.215324566929237182e+00
2.215324566929237182e+00
2.215324566929237182e+00
1.893205740873398657e+00
1.893205740873398657e+00
1.571086914817564573e+00
1.571086914817564573e+00
2.322697508947847211e+00
2.322697508947847211e+00
2.322697508947847211e+00
2.322697508947847211e+00
2.322697508947847211e+00
2.000578682892012683e+00
2.000578682892012683e+00
2.000578682892012683e+00
1.678459856836178155e+00
2.000578682892012683e+00
2.322697508947851208e+00
2.322697508947851208e+00
2.322697508947851208e+00
2.322697508947851208e+00
2.322697508947851208e+00
2.322697508947851208e+00
2.000578682892016680e+00
2.000578682892016680e+00
1.463713972798958096e+00
1.463713972798958096e+00
1.463713972798958096e+00
1.785832798854792625e+00
1.785832798854792625e+00
1.785832798854792625e+00
1.785832798854792625e+00
2.107951624910626709e+00
2.107951624910626709e+00
1.463713972798958096e+00
1.463713972798958096e+00
1.463713972798958096e+00
1.463713972798958096e+00
1.785832798854792625e+00
2.107951624910626709e+00
2.107951624910626709e+00
2.107951624910626709e+00
2.107951624910626709e+00
1.678459856836178155e+00
1.356341030780344070e+00
1.356341030780344070e+00
1.356341030780344070e+00
1.356341030780344070e+00
1.356341030780344070e+00
1.356341030780344070e+00
1.356341030780344070e+00
1.678459856836178155e+00
1.785832798854788628e+00
2.107951624910623156e+00
2.107951624910623156e+00
2.107951624910623156e+00
2.430070450966461237e+00
2.430070450966461237e+00
2.430070450966461237e+00
2.430070450966461237e+00
2.430070450966461237e+00
1.678459856836178155e+00
1.356341030780344070e+00
1.356341030780344070e+00
1.356341030780344070e+00
1.356341030780344070e+00
1.356341030780344070e+00
1.356341030780344070e+00
1.678459856836178155e+00
1.678459856836178155e+00
1.893205740873402654e+00
1.893205740873402654e+00
2.215324566929237182e+00
2.215324566929237182e+00
2.215324566929237182e+00
2.215324566929237182e+00
1.893205740873402654e+00
1.893205740873402654e+00
1.893205740873402654e+00
1.356341030780344070e+00
1.356341030780344070e+00
1.678459856836178155e+00
1.678459856836178155e+00
2.000578682892012683e+00
2.000578682892012683e+00
2.000578682892012683e+00
2.000578682892012683e+00
2.000578682892012683e+00
2.215324566929237182e+00
2.215324566929237182e+00
2.215324566929237182e+00
2.215324566929237182e+00
2.215324566929237182e+00
1.893205740873402654e+00
1.893205740873402654e+00
1.893205740873402654e+00
1.571086914817564573e+00
2.000578682892012683e+00
2.000578682892012683e+00
1.678459856836178155e+00
1.678459856836178155e+00
1.678459856836178155e+00
1.678459856836178155e+00
1.678459856836178155e+00
1.356341030780344070e+00
1.356341030780344070e+00
2.107951624910623156e+00
2.430070450966461237e+00
2.430070450966461237e+00
2.430070450966461237e+00
2.430070450966461237e+00
2.430070450966461237e+00
2.430070450966461237e+00
2.107951624910626709e+00
2.107951624910626709e+00
1.678459856836178155e+00
1.678459856836178155e+00
1.356341030780344070e+00
1.356341030780344070e+00
1.356341030780344070e+00
1.678459856836178155e+00
1.678459856836178155e+00
1.678459856836178155e+00
1.678459856836178155e+00
1.893205740873402654e+00
1.893205740873402654e+00
2.215324566929237182e+00
2.215324566929237182e+00
1.893205740873402654e+00
1.893205740873402654e+00
1.893205740873402654e+00
1.893205740873402654e+00
1.893205740873402654e+00
1.893205740873402654e+00
1.893205740873402654e+00
1.893205740873402654e+00
1.571086914817568125e+00
1.893205740873402654e+00
1.893205740873402654e+00
1.893205740873402654e+00
1.893205740873402654e+00
1.893205740873402654e+00
2.000578682892016680e+00
2.000578682892016680e+00
2.000578682892016680e+00
2.322697508947851208e+00
2.322697508947851208e+00
2.322697508947851208e+00
2.000578682892012683e+00
2.000578682892012683e+00
2.000578682892012683e+00
2.107951624910623156e+00
2.107951624910623156e+00
1.785832798854788628e+00
1.785832798854788628e+00
1.785832798854788628e+00
1.785832798854788628e+00
2.107951624910626709e+00
2.107951624910626709e+00
2.107951624910626709e+00
1.678459856836178155e+00
1.678459856836178155e+00
1.678459856836178155e+00
1.678459856836178155e+00
2.000578682892016680e+00
2.322697508947851208e+00
2.322697508947851208e+00
2.322697508947851208e+00
2.322697508947851208e+00
1.463713972798954099e+00
1.463713972798954099e+00
1.785832798854788628e+00
1.785832798854788628e+00
1.785832798854788628e+00
1.785832798854788628e+00
2.107951624910623156e+00
2.107951624910623156e+00
2.107951624910623156e+00
2.322697508947851208e+00
2.322697508947851208e+00
2.322697508947851208e+00
2.322697508947851208e+00
2.322697508947851208e+00
2.000578682892016680e+00
2.000578682892016680e+00
2.000578682892016680e+00
1.678459856836178155e+00
2.107951624910623156e+00
2.430070450966461237e+00
2.430070450966461237e+00
2.430070450966461237e+00
2.107951624910626709e+00
2.107951624910626709e+00
2.107951624910626709e+00
2.107951624910626709e+00
2.107951624910626709e+00
2.107951624910623156e+00
2.107951624910623156e+00
2.107951624910623156e+00
1.785832798854788628e+00
2.107951624910626709e+00
2.107951624910626709e+00
2.107951624910626709e+00
2.107951624910626709e+00
2.107951624910626709e+00
2.000578682892012683e+00
2.000578682892012683e+00
2.000578682892012683e+00
2.000578682892012683e+00
2.322697508947847211e+00
2.000578682892012683e+00
2.000578682892012683e+00
2.000578682892012683e+00
2.000578682892012683e+00
1.571086914817568125e+00
1.571086914817568125e+00
1.571086914817568125e+00
1.893205740873402654e+00
1.893205740873402654e+00
1.893205740873402654e+00
1.893205740873402654e+00
1.893205740873402654e+00
2.215324566929237182e+00
2.322697508947851208e+00
2.322697508947851208e+00
2.000578682892016680e+00
2.000578682892016680e+00
2.000578682892016680e+00
2.000578682892016680e+00
2.000578682892016680e+00
1.678459856836178155e+00
1.678459856836178155e+00
1.678459856836178155e+00
1.356341030780344070e+00
1.356341030780344070e+00
1.356341030780344070e+00
1.356341030780344070e+00
1.678459856836178155e+00
1.678459856836178155e+00
1.678459856836178155e+00
1.678459856836178155e+00
1.356341030780344070e+00
1.356341030780344070e+00
1.356341030780344070e+00
1.356341030780344070e+00
1.356341030780344070e+00
1.678459856836178155e+00
1.678459856836178155e+00
1.678459856836178155e+00
2.000578682892012683e+00
1.893205740873402654e+00
1.893205740873402654e+00
1.571086914817564573e+00
1.893205740873398657e+00
1.893205740873398657e+00
1.893205740873398657e+00
1.893205740873398657e+00
1.893205740873398657e+00
1.893205740873398657e+00
1.893205740873402654e+00
1.893205740873402654e+00
1.893205740873402654e+00
1.893205740873402654e+00
1.893205740873402654e+00
1.893205740873402654e+00
1.893205740873402654e+00
2.215324566929237182e+00
1.893205740873402654e+00
1.678459856836178155e+00
1.678459856836178155e+00
1.678459856836178155e+00
2.000578682892012683e+00
1.678459856836178155e+00
1.678459856836178155e+00
1.678459856836178155e+00
1.678459856836178155e+00
1.678459856836178155e+00
1.356341030780344070e+00
1.356341030780344070e+00
1.356341030780344070e+00
1.678459856836178155e+00
1.678459856836178155e+00
1.678459856836178155e+00
1.678459856836178155e+00
1.678459856836178155e+00
2.000578682892012683e+00
2.107951624910623156e+00
2.107951624910623156e+00
2.107951624910623156e+00
2.107951624910623156e+00
2.430070450966461237e+00
2.430070450966461237e+00
2.430070450966461237e+00
2.107951624910626709e+00
2.107951624910626709e+00
1.571086914817564573e+00
1.571086914817564573e+00
1.571086914817564573e+00
1.571086914817564573e+00
1.893205740873402654e+00
1.893205740873402654e+00
1.893205740873402654e+00
1.893205740873402654e+00
2.215324566929237182e+00
1.785832798854788628e+00
1.785832798854788628e+00
1.785832798854788628e+00
1.785832798854788628e+00
1.785832798854788628e+00
1.463713972798954099e+00
1.785832798854788628e+00
1.785832798854788628e+00
1.785832798854788628e+00
1.571086914817564573e+00
1.893205740873402654e+00
1.893205740873402654e+00
1.893205740873402654e+00
1.893205740873402654e+00
1.893205740873402654e+00
1.893205740873402654e+00
2.215324566929237182e+00
2.215324566929237182e+00
1.571086914817568125e+00
1.571086914817568125e+00
1.893205740873402654e+00
1.893205740873402654e+00
1.893205740873402654e+00
1.893205740873402654e+00
2.215324566929237182e+00
2.215324566929237182e+00
2.215324566929237182e+00
1.678459856836178155e+00
1.356341030780344070e+00
1.356341030780344070e+00
1.356341030780344070e+00
1.356341030780344070e+00
1.356341030780344070e+00
1.356341030780344070e+00
1.356341030780344070e+00
1.678459856836178155e+00
1.678459856836178155e+00
2.000578682892012683e+00
2.322697508947847211e+00
2.322697508947847211e+00
2.322697508947847211e+00
2.322697508947847211e+00
2.322697508947847211e+00
2.322697508947847211e+00
2.322697508947847211e+00
2.322697508947851208e+00
2.322697508947851208e+00
2.000578682892016680e+00
2.000578682892016680e+00
2.000578682892016680e+00
2.000578682892016680e+00
2.000578682892016680e+00
2.000578682892016680e+00
1.678459856836178155e+00
2.215324566929237182e+00
2.215324566929237182e+00
2.215324566929237182e+00
2.215324566929237182e+00
2.215324566929237182e+00
2.215324566929237182e+00
2.215324566929237182e+00
1.893205740873402654e+00
1.571086914817564573e+00
1.678459856836178155e+00
1.356341030780344070e+00
1.356341030780344070e+00
1.356341030780344070e+00
1.356341030780344070e+00
1.356341030780344070e+00
1.356341030780344070e+00
1.356341030780344070e+00
1.678459856836178155e+00
2.107951624910626709e+00
2.107951624910626709e+00
2.107951624910626709e+00
2.107951624910626709e+00
1.785832798854788628e+00
2.107951624910623156e+00
2.107951624910623156e+00
2.107951624910623156e+00
2.107951624910623156e+00
1.463713972798954099e+00
1.463713972798954099e+00
1.785832798854788628e+00
1.785832798854788628e+00
1.785832798854788628e+00
1.785832798854788628e+00
1.785832798854788628e+00
2.107951624910623156e+00
2.107951624910623156e+00
1.893205740873402654e+00
1.893205740873402654e+00
1.571086914817568125e+00
1.571086914817568125e+00
1.571086914817568125e+00
1.571086914817568125e+00
1.571086914817568125e+00
1.893205740873402654e+00
1.893205740873402654e+00
1.571086914817568125e+00
1.571086914817568125e+00
1.893205740873402654e+00
1.893205740873402654e+00
1.893205740873402654e+00
1.893205740873402654e+00
1.893205740873402654e+00
2.215324566929237182e+00
2.215324566929237182e+00
1.678459856836178155e+00
1.678459856836178155e+00
2.000578682892016680e+00
2.322697508947851208e+00
2.322697508947851208e+00
2.322697508947851208e+00
2.322697508947851208e+00
2.322697508947851208e+00
2.322697508947851208e+00
