1.452963285076797284e+01
1.452963285076797284e+01
1.452963285076797284e+01
1.452451746615257733e+01
1.455190515846025612e+01
1.443476787639256287e+01
1.443476787639256287e+01
1.477302824468794462e+01
1.484624670622640785e+01
1.507485436746949858e+01
1.466210169148180498e+01
1.472867399917411291e+01
1.473813707609720325e+01
1.467412169148180467e+01
1.455698440941411143e+01
1.455698440941411143e+01
1.455698440941411143e+01
1.455698440941411143e+01
1.494447325633103141e+01
1.452327442649719025e+01
1.456509904188182425e+01
1.456509904188182425e+01
1.456509904188182425e+01
1.456509904188182425e+01
1.468223632394951750e+01
1.461566401625720601e+01
1.461566401625720601e+01
1.500291898285409964e+01
1.500291898285409964e+01
1.500291898285409964e+01
1.500291898285409964e+01
1.507946052131564052e+01
1.507946052131564052e+01
1.464937399917412897e+01
1.453223671710643572e+01
1.453223671710643394e+01
1.492044363550641251e+01
1.492044363550641251e+01
1.500030825089102571e+01
1.504383132781411803e+01
1.504383132781411803e+01
1.504383132781411803e+01
1.504383132781411803e+01
1.516096860988181128e+01
1.473318978004797231e+01
1.482740824158642567e+01
1.475751285697103832e+01
1.475751285697103832e+01
1.475751285697103832e+01
1.475751285697103832e+01
1.517068860988179857e+01
1.509082399449718359e+01
1.509082399449718181e+01
1.497368671242949034e+01
1.437344980801105443e+01
1.437344980801105443e+01
1.437975442339565291e+01
1.437975442339565291e+01
1.479430709938334410e+01
1.475838863784487032e+01
1.487552591991256179e+01
1.487552591991256179e+01
1.494874438145102502e+01
1.445414519572797296e+01
1.442249134957411449e+01
1.442249134957411272e+01
1.442249134957411272e+01
1.442249134957411272e+01
1.448906365726642242e+01
1.483320402556179474e+01
1.483320402556179474e+01
1.495034130762948621e+01
1.525055322526641177e+01
1.525055322526641177e+01
1.513341594319872030e+01
1.505355132781410354e+01
1.501720978935257911e+01
1.501720978935257911e+01
1.501720978935257911e+01
1.460445711336488728e+01
1.460445711336488550e+01
1.504041476062641003e+01
1.503580860678027165e+01
1.509605014524182032e+01
1.509605014524182032e+01
1.509605014524182032e+01
1.509605014524182209e+01
1.497891286317412884e+01
1.497891286317412884e+01
1.449319095641720523e+01
1.466027478858948818e+01
1.466027478858948818e+01
1.477741207065718143e+01
1.477741207065718143e+01
1.511567243895256674e+01
1.519553705433717994e+01
1.519553705433717994e+01
1.527540166972179669e+01
1.526568166972181118e+01
1.437032941485412785e+01
1.437032941485412785e+01
1.437032941485412962e+01
1.437032941485413140e+01
1.448746669692182465e+01
1.489016552675563965e+01
1.489016552675563965e+01
1.489016552675563787e+01
1.489016552675563787e+01
1.499550094863873184e+01
1.454290827265105435e+01
1.447633596495874286e+01
1.447633596495874109e+01
1.447633596495874109e+01
1.447633596495874109e+01
1.447633596495874109e+01
1.447633596495874109e+01
1.459347324702643434e+01
1.518759014834334664e+01
1.510772553295873699e+01
1.510772553295873699e+01
1.510772553295873522e+01
1.469829593389411926e+01
1.469829593389411571e+01
1.469829593389411571e+01
1.458115865182642423e+01
1.460548172874948669e+01
1.497368671242949034e+01
1.497368671242949034e+01
1.497368671242949034e+01
1.462878019028794974e+01
1.460445711336488905e+01
1.472159439543258230e+01
1.472159439543258230e+01
1.477978670312489839e+01
1.473421439543257527e+01
1.435667635501410189e+01
1.435667635501410189e+01
1.447381363708179514e+01
1.444642594477411635e+01
1.444642594477411635e+01
1.444642594477411635e+01
1.444642594477411457e+01
1.485917862076181173e+01
1.493239708230027318e+01
1.496167629598642712e+01
1.496167629598642712e+01
1.499759475752489912e+01
1.499759475752489912e+01
1.450854977384489608e+01
1.450854977384489608e+01
1.457179900461412814e+01
1.457179900461412814e+01
1.445466172254643489e+01
1.458218326721102720e+01
1.464037557490334507e+01
1.464037557490334507e+01
1.464037557490334507e+01
1.471027095951872532e+01
1.482740824158641857e+01
1.482740824158641857e+01
1.519731014834333394e+01
1.519731014834333394e+01
1.435236673108797945e+01
1.435236673108797767e+01
1.435236673108797767e+01
1.435236673108797767e+01
1.437975442339565291e+01
1.449689170546334616e+01
1.449689170546334616e+01
1.453275324392490120e+01
1.492433822760487061e+01
1.457128247779566621e+01
1.445414519572797296e+01
1.445414519572797296e+01
1.445414519572797296e+01
1.445414519572797296e+01
1.452071750342027912e+01
1.452071750342027912e+01
1.501640864094643746e+01
1.495616710248488523e+01
1.505394667516179474e+01
1.505394667516179474e+01
1.497740513670025386e+01
1.486026785463256061e+01
1.493680939309410149e+01
1.493680939309410149e+01
1.493680939309410149e+01
1.455698440941411143e+01
1.455442748633720207e+01
1.518612359823874414e+01
1.518612359823874414e+01
1.512588205977719191e+01
1.515600205977717785e+01
1.476032784532797848e+01
1.464319056326028523e+01
1.464319056326028523e+01
1.460136594787565478e+01
1.460136594787565478e+01
1.521150746457718128e+01
1.532864474664487453e+01
1.524878013126026133e+01
1.524878013126026310e+01
1.524878013126026310e+01
1.524878013126026310e+01
1.524878013126026310e+01
1.516891551587564280e+01
1.479968591681103973e+01
1.486088631306948749e+01
1.445154132938951363e+01
1.444642594477411635e+01
1.444642594477411812e+01
1.432928866270642487e+01
1.432928866270642487e+01
1.432928866270642487e+01
1.439253789347565871e+01
1.439253789347565871e+01
1.502515669534641063e+01
1.514229397741410388e+01
1.522215859279871886e+01
1.522215859279871886e+01
1.530202320818333384e+01
1.529230320818335009e+01
1.529230320818335009e+01
1.481128130142643506e+01
1.481128130142643506e+01
1.487065286007256226e+01
1.487065286007256226e+01
1.447574479946951342e+01
1.441880018408488162e+01
1.441880018408488162e+01
1.441249556870028314e+01
1.452963285076797639e+01
1.452963285076797639e+01
1.452963285076797639e+01
1.508905090049102782e+01
1.508905090049102782e+01
1.497191361842333457e+01
1.505177823380794955e+01
1.469516863474334123e+01
1.469516863474334301e+01
1.469516863474334301e+01
1.476506401935872859e+01
1.476506401935872859e+01
1.461707711336488202e+01
1.461707711336488202e+01
1.461707711336488025e+01
1.461707711336488025e+01
1.455888480567256060e+01
1.489382209704487359e+01
1.497368671242949034e+01
1.497368671242949034e+01
1.509082399449718359e+01
1.468254863474335004e+01
1.468254863474335004e+01
1.479968591681104328e+01
1.479968591681104328e+01
1.482400899373410397e+01
1.475411360911871483e+01
1.475411360911871483e+01
1.508905090049102782e+01
1.516891551587564280e+01
1.445784594477411389e+01
1.434070866270642064e+01
1.431332097039874540e+01
1.431332097039874540e+01
1.431332097039874540e+01
1.431332097039874540e+01
1.431332097039874540e+01
1.480236595407874312e+01
1.476644749254027289e+01
1.515826438765410344e+01
1.515826438765410344e+01
1.527540166972179669e+01
1.527540166972179669e+01
1.519553705433718349e+01
1.481230591681103981e+01
1.481230591681103803e+01
1.477741207065717788e+01
1.477741207065717788e+01
1.454560054307565764e+01
1.454560054307565409e+01
1.442846326100796084e+01
1.443357864562335813e+01
1.491775747545719355e+01
1.491775747545719355e+01
1.484453901391873210e+01
1.484453901391873210e+01
1.484453901391873210e+01
1.482013286007257946e+01
1.482013286007257769e+01
1.482013286007257769e+01
1.493727014214027093e+01
1.450854977384489786e+01
1.450854977384489786e+01
1.457179900461412991e+01
1.457179900461412814e+01
1.457179900461412814e+01
1.485411171786950035e+01
1.483320402556179296e+01
1.483320402556179296e+01
1.444468211880488440e+01
1.444468211880488440e+01
1.445414519572797474e+01
1.457128247779566799e+01
1.461822093933411360e+01
1.461822093933411360e+01
1.447262440631259217e+01
1.447262440631259217e+01
1.496831554383874519e+01
1.489680477460795949e+01
1.489509708230028373e+01
1.485917862076181173e+01
1.474204133869411848e+01
1.474204133869411848e+01
1.474204133869411848e+01
1.502688284609102354e+01
1.502688284609102354e+01
1.508712438455257399e+01
1.508712438455257576e+01
1.496998710248488251e+01
1.452071750342028267e+01
1.445414519572797296e+01
1.445414519572797296e+01
1.445414519572797474e+01
1.523635590903256798e+01
1.531622052441718296e+01
1.488872784842951980e+01
1.488872784842951802e+01
1.487713246381412091e+01
1.480723707919873355e+01
1.469009979713104030e+01
1.469009979713104030e+01
1.469009979713104030e+01
1.452071750342028267e+01
1.445414519572797296e+01
1.445414519572797296e+01
1.445414519572797474e+01
1.445414519572797474e+01
1.488423171786948629e+01
1.488423171786948629e+01
1.480769017940794541e+01
1.492482746147563688e+01
1.445784594477411389e+01
1.434070866270642064e+01
1.434070866270642064e+01
1.431332097039874540e+01
1.474374903100179601e+01
1.474374903100179601e+01
1.479085364638642730e+01
1.471763518484796585e+01
1.471763518484796585e+01
1.443045825246643687e+01
1.443045825246643687e+01
1.443045825246643510e+01
1.491950323614643459e+01
1.480236595407874134e+01
1.480236595407874134e+01
1.487558441561720457e+01
1.487558441561720457e+01
1.480407364638641887e+01
1.453275324392489942e+01
1.449689170546334616e+01
1.449689170546334438e+01
1.449177632084794709e+01
1.437463903878025384e+01
1.470957633015255794e+01
1.470957633015255972e+01
1.470957633015255972e+01
1.470957633015255972e+01
1.486575937290948346e+01
1.486575937290948346e+01
1.486575937290948346e+01
1.452451746615257910e+01
1.453082208153717758e+01
1.458776669692181294e+01
1.459288208153720490e+01
1.459288208153720490e+01
1.447574479946951165e+01
1.448906365726642242e+01
1.448906365726642242e+01
1.483320402556179296e+01
1.483320402556179296e+01
1.490513941017719546e+01
1.490974556402333207e+01
1.490974556402333207e+01
1.502688284609102531e+01
1.510342438455256087e+01
1.485787822450336115e+01
1.530202320818333561e+01
1.522215859279872241e+01
1.522215859279872063e+01
1.522215859279872063e+01
1.510502131073102738e+01
1.502515669534640885e+01
1.502515669534640885e+01
1.502515669534640885e+01
1.514229397741410388e+01
1.514229397741410565e+01
1.522215859279872241e+01
1.522215859279872241e+01
1.530202320818333384e+01
1.518488592611564059e+01
1.518488592611564059e+01
1.518488592611564059e+01
1.471744248089720486e+01
1.515031748166027192e+01
1.515031748166027192e+01
1.526745476372796517e+01
1.477978670312490017e+01
1.476819131850950306e+01
1.483808670312489042e+01
1.483808670312489042e+01
1.476921593389410248e+01
1.476921593389410248e+01
1.455071592769105138e+01
1.455071592769105138e+01
1.455071592769105138e+01
1.454560054307565409e+01
1.454560054307565409e+01
1.448235131230642381e+01
1.448235131230642381e+01
1.436521403023873056e+01
1.477132055238027064e+01
1.523812900303871842e+01
1.523812900303871842e+01
1.523812900303871842e+01
1.476403940397413095e+01
1.488117668604182420e+01
1.481128130142643506e+01
1.479968591681103796e+01
1.479968591681103973e+01
1.479968591681103973e+01
1.514229397741410565e+01
1.514229397741410565e+01
1.522215859279872241e+01
1.481230591681103981e+01
1.481230591681103981e+01
1.481230591681103981e+01
1.488220130142642184e+01
1.485787822450336115e+01
1.474074094243566790e+01
1.447892902169718887e+01
1.447892902169718887e+01
1.447892902169719243e+01
1.447892902169719243e+01
1.436179173962949918e+01
1.437657020116797746e+01
1.437657020116797746e+01
1.479256133869410128e+01
1.474204133869411670e+01
1.503758091757410575e+01
1.511744553295871896e+01
1.511744553295871896e+01
1.511744553295871896e+01
1.500030825089102571e+01
1.508017286627564069e+01
1.508017286627564069e+01
1.508017286627564069e+01
1.466264942105720337e+01
1.476064015612181102e+01
1.483053554073719482e+01
1.483053554073719482e+01
1.483053554073719660e+01
1.483053554073719660e+01
1.520973437057102906e+01
1.509259708850333581e+01
1.501273247311871906e+01
1.509259708850333936e+01
1.522393168680487463e+01
1.510679440473718138e+01
1.510679440473718138e+01
1.510679440473718138e+01
1.510679440473718138e+01
1.502692978935256640e+01
1.502692978935256640e+01
1.467537711336487050e+01
1.460548172874948669e+01
1.504640706521720617e+01
1.497318860367874471e+01
1.448746669692181932e+01
1.448746669692181932e+01
1.448746669692181932e+01
1.448746669692182110e+01
1.437032941485412785e+01
1.437032941485412785e+01
1.437032941485412785e+01
1.505177823380794955e+01
1.516891551587564280e+01
1.508905090049102782e+01
1.508905090049102604e+01
1.508905090049102604e+01
1.508905090049102604e+01
1.516891551587564102e+01
1.516891551587564102e+01
1.481230591681103625e+01
1.492433822760487239e+01
1.480720094553717914e+01
1.441050057724180888e+01
1.441050057724181066e+01
1.441050057724181066e+01
1.434725134647257683e+01
1.434725134647258038e+01
1.434725134647258038e+01
1.435236673108797589e+01
1.447633596495874109e+01
1.444468211880488262e+01
1.485411171786949858e+01
1.485411171786949858e+01
1.485411171786949858e+01
1.485411171786949858e+01
1.483320402556179296e+01
1.483320402556179474e+01
1.495034130762948799e+01
1.465207865182641100e+01
1.462775557490334855e+01
1.462775557490334855e+01
1.462775557490334855e+01
1.463935095951874565e+01
1.463935095951874565e+01
1.463935095951874565e+01
1.512369594319873300e+01
1.524083322526642625e+01
1.515826438765410167e+01
1.527540166972179492e+01
1.527540166972179492e+01
1.527540166972179492e+01
1.519553705433717994e+01
1.511567243895256674e+01
1.511567243895256674e+01
1.511567243895256674e+01
1.477741207065718143e+01
1.480236595407874134e+01
1.480236595407874134e+01
1.480236595407874134e+01
1.480236595407874134e+01
1.491950323614643459e+01
1.443045825246643687e+01
1.449370748323567071e+01
1.447892902169718887e+01
1.447892902169719243e+01
1.518311283210949014e+01
1.526297744749410512e+01
1.514584016542641187e+01
1.514584016542641187e+01
1.506597555004179867e+01
1.506597555004179689e+01
1.506597555004179689e+01
1.465509825866951843e+01
1.465509825866951843e+01
1.504624055548181083e+01
1.496969901702026995e+01
1.508683629908796320e+01
1.508683629908796497e+01
1.501029476062642409e+01
1.501029476062642409e+01
1.501029476062642409e+01
1.460086516156180814e+01
1.460086516156180814e+01
1.497318860367874116e+01
1.502370860367872574e+01
1.455071592769105671e+01
1.455071592769105671e+01
1.455071592769105315e+01
1.453593746615257487e+01
1.453593746615257487e+01
1.441880018408488162e+01
1.441880018408488162e+01
1.502688284609102709e+01
1.502688284609102709e+01
1.490974556402333384e+01
1.451125442649719055e+01
1.451125442649719055e+01
1.451125442649719055e+01
1.449162058034332823e+01
1.452327442649718847e+01
1.447633596495874286e+01
