1.490258505529556921e+01
1.490258505529556921e+01
1.490258505529556921e+01
1.481823641424590043e+01
1.481823641424590043e+01
1.478424695220279084e+01
1.478424695220279084e+01
1.503729287535180426e+01
1.512164151640147658e+01
1.513618393064698431e+01
1.496959536457390350e+01
1.498693369634523975e+01
1.511158224367418512e+01
1.498482498031897947e+01
1.495083551827586987e+01
1.495083551827586987e+01
1.495083551827586987e+01
1.495083551827586987e+01
1.516194142268074785e+01
1.499324414058140320e+01
1.503494985754488056e+01
1.502346907029088996e+01
1.502346907029088996e+01
1.502346907029088996e+01
1.510781771134056228e+01
1.506236316588600310e+01
1.506236316588600310e+01
1.515352226241832412e+01
1.510806771696376316e+01
1.510806771696376316e+01
1.510806771696376316e+01
1.510806771696376316e+01
1.510806771696376316e+01
1.498482498031897947e+01
1.495083551827586987e+01
1.503213823617651634e+01
1.513031068228710119e+01
1.504596204123743064e+01
1.504596204123743064e+01
1.507806138519245565e+01
1.507806138519245565e+01
1.507806138519245565e+01
1.507806138519245565e+01
1.516241002624212797e+01
1.507806138519245565e+01
1.523176335332745346e+01
1.507759278163107730e+01
1.507759278163107730e+01
1.507759278163107730e+01
1.507759278163107730e+01
1.520083551827586099e+01
1.518654310965355059e+01
1.518654310965355059e+01
1.510219446860387826e+01
1.486648687722619577e+01
1.486648687722619577e+01
1.486648687722619577e+01
1.486648687722619577e+01
1.503518415932554042e+01
1.503518415932554042e+01
1.509728983505187649e+01
1.509728983505187649e+01
1.518163847610154527e+01
1.492506232239962749e+01
1.478471555576416741e+01
1.482314104779790220e+01
1.482314104779790220e+01
1.482314104779790220e+01
1.484047937956923846e+01
1.507618697094691917e+01
1.507618697094691917e+01
1.516053561199659150e+01
1.534141658669197739e+01
1.534141658669197739e+01
1.525706794564230506e+01
1.517271930459263629e+01
1.507806138519245565e+01
1.507806138519245565e+01
1.507806138519245565e+01
1.493958903280259776e+01
1.493560590253079923e+01
1.519241635801343371e+01
1.510806771696376138e+01
1.515047633926929826e+01
1.519639948828523579e+01
1.519639948828523579e+01
1.519639948828523579e+01
1.513429381255889972e+01
1.513429381255889972e+01
1.492295360637336366e+01
1.495294423430213548e+01
1.495294423430213548e+01
1.498693369634524508e+01
1.498693369634524508e+01
1.523787090346799822e+01
1.523787090346799822e+01
1.523787090346799822e+01
1.529105740768541821e+01
1.520670876663574766e+01
1.496348781443336229e+01
1.496348781443336229e+01
1.485125726148112513e+01
1.478424695220278728e+01
1.481823641424590043e+01
1.505394400562357760e+01
1.505394400562357760e+01
1.507128233739491385e+01
1.507128233739491385e+01
1.522895173195908214e+01
1.503494985754488056e+01
1.498949531209032138e+01
1.492178209746988138e+01
1.492178209746988138e+01
1.486859559325245783e+01
1.486859559325245783e+01
1.486859559325245783e+01
1.495294423430213016e+01
1.521864245360857382e+01
1.514811761761981757e+01
1.514811761761981757e+01
1.514811761761981757e+01
1.498152905154673675e+01
1.499183832989724863e+01
1.499183832989724863e+01
1.490748968884757630e+01
1.492482802061891256e+01
1.518654310965354703e+01
1.518654310965354703e+01
1.518654310965354703e+01
1.495294423430213548e+01
1.493560590253079923e+01
1.501995454358047155e+01
1.501995454358047155e+01
1.511648687722619044e+01
1.503518415932554397e+01
1.472801452483634144e+01
1.472801452483634144e+01
1.481236316588601376e+01
1.481236316588601376e+01
1.481236316588601376e+01
1.481236316588601376e+01
1.489671180693568608e+01
1.507618697094691562e+01
1.517271930459263451e+01
1.510806771696376316e+01
1.510806771696376316e+01
1.515047633926929649e+01
1.520998899156549200e+01
1.495694306841647503e+01
1.495694306841647503e+01
1.501270689222154253e+01
1.501270689222154253e+01
1.497871743017843293e+01
1.489671180693568964e+01
1.497895173195909457e+01
1.497895173195909457e+01
1.497895173195909457e+01
1.510570899531430022e+01
1.519005763636397255e+01
1.519005763636397255e+01
1.531330037300875624e+01
1.531330037300875624e+01
1.484047937956923668e+01
1.484047937956923668e+01
1.475613073851956436e+01
1.475613073851956436e+01
1.475613073851956436e+01
1.481823641424590043e+01
1.481823641424590043e+01
1.490258505529556921e+01
1.515563097844458618e+01
1.506025444985973927e+01
1.497590580881006694e+01
1.489483739269014073e+01
1.489483739269014073e+01
1.489483739269014073e+01
1.501761152577354430e+01
1.501761152577354430e+01
1.522895173195908036e+01
1.514460309090940804e+01
1.519452507403969754e+01
1.519452507403969754e+01
1.512751476476136503e+01
1.509352530271825543e+01
1.511953280037521452e+01
1.511953280037521452e+01
1.511953280037521452e+01
1.492482802061890723e+01
1.492482802061890723e+01
1.529105740768541644e+01
1.529105740768541644e+01
1.520670876663574411e+01
1.529105740768541466e+01
1.511369095970044540e+01
1.507970149765733581e+01
1.507970149765733581e+01
1.495294423430213016e+01
1.495294423430213016e+01
1.531330037300875446e+01
1.534728983505186406e+01
1.526294119400219351e+01
1.517859255295252296e+01
1.517859255295252296e+01
1.517859255295252296e+01
1.517859255295252296e+01
1.516430014433021256e+01
1.502582779194035467e+01
1.509141658669198982e+01
1.486859559325245961e+01
1.478424695220279084e+01
1.478424695220279084e+01
1.469989831115311851e+01
1.469989831115311851e+01
1.478424695220279084e+01
1.478424695220279084e+01
1.478424695220279084e+01
1.517576522774166214e+01
1.520975468978477174e+01
1.522053257169665841e+01
1.522053257169665841e+01
1.529105740768541821e+01
1.520670876663574766e+01
1.520670876663574766e+01
1.512236012558607534e+01
1.512236012558607534e+01
1.514764901405843567e+01
1.514764901405843567e+01
1.489671180693568253e+01
1.481236316588601376e+01
1.489460309090942225e+01
1.489460309090942225e+01
1.492859255295253185e+01
1.492859255295253185e+01
1.492859255295253185e+01
1.516430014433021078e+01
1.516430014433021078e+01
1.513031068228710119e+01
1.513031068228710119e+01
1.500706794564231750e+01
1.500706794564231750e+01
1.500706794564231750e+01
1.510570899531430022e+01
1.510570899531430022e+01
1.495083551827587165e+01
1.495083551827587165e+01
1.495083551827587165e+01
1.495083551827587165e+01
1.486859559325246316e+01
1.511953280037521630e+01
1.518654310965354703e+01
1.518654310965354703e+01
1.527089175070321936e+01
1.499183832989724507e+01
1.499183832989724507e+01
1.502582779194035822e+01
1.502582779194035822e+01
1.504316612371169448e+01
1.495881748266202216e+01
1.495881748266202216e+01
1.520975468978477174e+01
1.520975468978477174e+01
1.492271930459264517e+01
1.483837066354297285e+01
1.483837066354297285e+01
1.492248500281198709e+01
1.492248500281198709e+01
1.492248500281198709e+01
1.492248500281198709e+01
1.508837066354296219e+01
1.501784582755420239e+01
1.525706794564230684e+01
1.525706794564230684e+01
1.529105740768541644e+01
1.529105740768541644e+01
1.520975468978477174e+01
1.504105740768543065e+01
1.504105740768543065e+01
1.498693369634524508e+01
1.498693369634524508e+01
1.484635262792912336e+01
1.493070126897879568e+01
1.489671180693568608e+01
1.498082614620469677e+01
1.520083551827585744e+01
1.520083551827585744e+01
1.507806138519245387e+01
1.507806138519245387e+01
1.507806138519245387e+01
1.504807075726369092e+01
1.505205388753549300e+01
1.505205388753549300e+01
1.508604334957860260e+01
1.491734606747926151e+01
1.491734606747926151e+01
1.497310989128432901e+01
1.501481560824780637e+01
1.501481560824780637e+01
1.500753654920369584e+01
1.501784582755420416e+01
1.501784582755420416e+01
1.484047937956923491e+01
1.484047937956923491e+01
1.492271930459264340e+01
1.500706794564231572e+01
1.500706794564231572e+01
1.500706794564231572e+01
1.500683364386165941e+01
1.500683364386165941e+01
1.525706794564230506e+01
1.513382520899752315e+01
1.508837066354296397e+01
1.507407825492065356e+01
1.498972961387098124e+01
1.498972961387098124e+01
1.498972961387098124e+01
1.518654310965354881e+01
1.518654310965354881e+01
1.525706794564230506e+01
1.525706794564230506e+01
1.517271930459263274e+01
1.503494985754488056e+01
1.498949531209032138e+01
1.498949531209032138e+01
1.489460309090942047e+01
1.530839573945675447e+01
1.540352226241830991e+01
1.523763660168734013e+01
1.523763660168734013e+01
1.519803960075012306e+01
1.512446884161233918e+01
1.506236316588600310e+01
1.506236316588600310e+01
1.506236316588600310e+01
1.502136035426462612e+01
1.497590580881006694e+01
1.497590580881006694e+01
1.489460309090942047e+01
1.489460309090942047e+01
1.501784582755420416e+01
1.501784582755420416e+01
1.501784582755420416e+01
1.510219446860387649e+01
1.486859559325245961e+01
1.478424695220278728e+01
1.478424695220278728e+01
1.478424695220278728e+01
1.500706794564231750e+01
1.500706794564231750e+01
1.503213823617651634e+01
1.496372211621402037e+01
1.496372211621402037e+01
1.491147281911937483e+01
1.491147281911937483e+01
1.495317853608285219e+01
1.519052623992535089e+01
1.510617759887567857e+01
1.510617759887567857e+01
1.520083551827585922e+01
1.520083551827585922e+01
1.507759278163107375e+01
1.497310989128432901e+01
1.487446884161234628e+01
1.487446884161234628e+01
1.479012020056267751e+01
1.472801452483634144e+01
1.498106044798535841e+01
1.498106044798535841e+01
1.498106044798535841e+01
1.498106044798535841e+01
1.504316612371169093e+01
1.504316612371169093e+01
1.504316612371169093e+01
1.479012020056267751e+01
1.479012020056267751e+01
1.487446884161234628e+01
1.497310989128432901e+01
1.497310989128432901e+01
1.493912042924121586e+01
1.484047937956923491e+01
1.484047937956923491e+01
1.507407825492065179e+01
1.507407825492065179e+01
1.507407825492065179e+01
1.515842689597032411e+01
1.515842689597032411e+01
1.524277553701999643e+01
1.531330037300875624e+01
1.517859255295252119e+01
1.526294119400219351e+01
1.519241635801343726e+01
1.523787090346799822e+01
1.523787090346799822e+01
1.520388144142488507e+01
1.520388144142488507e+01
1.520388144142488507e+01
1.520388144142488507e+01
1.520975468978477174e+01
1.516430014433021078e+01
1.516430014433021078e+01
1.516430014433021078e+01
1.523482498031897059e+01
1.520083551827585744e+01
1.520083551827585744e+01
1.520083551827585744e+01
1.511648687722618867e+01
1.522895173195908392e+01
1.522895173195908392e+01
1.531330037300875624e+01
1.515819259418966958e+01
1.511859559325245250e+01
1.519216635239023638e+01
1.519216635239023638e+01
1.506540908903503073e+01
1.506540908903503073e+01
1.490258505529556921e+01
1.501481560824780637e+01
1.501481560824780637e+01
1.490258505529557276e+01
1.490258505529557276e+01
1.484682123149050526e+01
1.484682123149050526e+01
1.481283176944739211e+01
1.498152905154673675e+01
1.531330037300875269e+01
1.531330037300875269e+01
1.531330037300875269e+01
1.515819259418966602e+01
1.519218205623277917e+01
1.506940792314937561e+01
1.502981092221215853e+01
1.502582779194035645e+01
1.502582779194035645e+01
1.520975468978477174e+01
1.520975468978477174e+01
1.520975468978477174e+01
1.504105740768543065e+01
1.504105740768543065e+01
1.504105740768543065e+01
1.519593088472385922e+01
1.517859255295252296e+01
1.514460309090941337e+01
1.492482802061890901e+01
1.492482802061890901e+01
1.484047937956923668e+01
1.484047937956923668e+01
1.475613073851956436e+01
1.484047937956923668e+01
1.484047937956923668e+01
1.507618697094691385e+01
1.499183832989724330e+01
1.523199765510811154e+01
1.523199765510811154e+01
1.523199765510811154e+01
1.523199765510811154e+01
1.514764901405843922e+01
1.522895173195908392e+01
1.514460309090941159e+01
1.514460309090941159e+01
1.506025444985973927e+01
1.502981092221215675e+01
1.512446884161233740e+01
1.512446884161233740e+01
1.512446884161233740e+01
1.512446884161233740e+01
1.526294119400219174e+01
1.520083551827585922e+01
1.518654310965354703e+01
1.520083551827585744e+01
1.525706794564230684e+01
1.517271930459263451e+01
1.517271930459263451e+01
1.517271930459263451e+01
1.525706794564230684e+01
1.518654310965354703e+01
1.518654310965354703e+01
1.500917666166858133e+01
1.492482802061891256e+01
1.527653069728244795e+01
1.515375656419904438e+01
1.490071064105002741e+01
1.490071064105002741e+01
1.490071064105002741e+01
1.501270689222154253e+01
1.497871743017843293e+01
1.497871743017843293e+01
1.486859559325245961e+01
1.513031068228710119e+01
1.516430014433021078e+01
1.516430014433021078e+01
1.520975468978477174e+01
1.520975468978477174e+01
1.520975468978477174e+01
1.520975468978477174e+01
1.520975468978477174e+01
1.504105740768543065e+01
1.513829264667324992e+01
1.507618697094691740e+01
1.484047937956923668e+01
1.484047937956923668e+01
1.484047937956923668e+01
1.482314104779790220e+01
1.475613073851956791e+01
1.475613073851956791e+01
1.484047937956923668e+01
1.498129474976607511e+01
1.484094798313061503e+01
1.500964526522995968e+01
1.500964526522995968e+01
1.500964526522995968e+01
1.500964526522995968e+01
1.501995454358047155e+01
1.509352530271825543e+01
1.517787394376792776e+01
1.498106044798535841e+01
1.496372211621402215e+01
1.496372211621402215e+01
1.499582146016904716e+01
1.503541846110626423e+01
1.503541846110626423e+01
1.503541846110626423e+01
1.519052623992535089e+01
1.527487488097502322e+01
1.520083551827585744e+01
1.523482498031897059e+01
1.523482498031897059e+01
1.531917362136864291e+01
1.523787090346799822e+01
1.523787090346799822e+01
1.523787090346799822e+01
1.523787090346799822e+01
1.498693369634524508e+01
1.508837066354296219e+01
1.508837066354296219e+01
1.508837066354296219e+01
1.508837066354296219e+01
1.517271930459263451e+01
1.499160402811658521e+01
1.500894235988791969e+01
1.492482802061890901e+01
1.484047937956923668e+01
1.522053257169665841e+01
1.529105740768541821e+01
1.522895173195908214e+01
1.522895173195908214e+01
1.514764901405843922e+01
1.514764901405843922e+01
1.507407825492065356e+01
1.497895173195909457e+01
1.497895173195909457e+01
1.522895173195908036e+01
1.510617759887567679e+01
1.516828327460201287e+01
1.516828327460201287e+01
1.508393463355234054e+01
1.508393463355234054e+01
1.508393463355234054e+01
1.491734606747925973e+01
1.494147915089068057e+01
1.515047633926929826e+01
1.523482498031896881e+01
1.501270689222154253e+01
1.501270689222154253e+01
1.493070126897879213e+01
1.484635262792912336e+01
1.484635262792912336e+01
1.481236316588601376e+01
1.481236316588601376e+01
1.518865182567981265e+01
1.518865182567981265e+01
1.510430318463014032e+01
1.492482802061890723e+01
1.492482802061890723e+01
1.492482802061890723e+01
1.484047937956923846e+01
1.492482802061890723e+01
1.492482802061890723e+01
