5.203099388854639784e+01
5.203099388854639784e+01
5.203099388854639784e+01
5.208912773470023438e+01
5.211651542700790429e+01
5.199937814494020927e+01
5.199937814494020927e+01
5.229346928246636850e+01
5.229346928246636850e+01
5.250403078986330740e+01
5.214541657541407460e+01
5.221198888310637898e+01
5.215487965233715784e+01
5.215743657541407430e+01
5.204029929334637927e+01
5.204029929334637927e+01
5.204029929334637927e+01
5.204029929334637927e+01
5.229710814026329757e+01
5.194001700273715016e+01
5.191526931042947268e+01
5.198184161812177706e+01
5.198184161812177706e+01
5.198184161812177706e+01
5.209897890018947209e+01
5.203240659249716771e+01
5.203240659249716771e+01
5.250863694370944756e+01
5.250863694370944756e+01
5.250863694370944756e+01
5.250863694370944756e+01
5.250863694370944756e+01
5.250863694370944756e+01
5.213268888310639682e+01
5.201555160103870179e+01
5.194897929334639741e+01
5.241143851943868270e+01
5.241143851943868270e+01
5.241143851943868270e+01
5.238867082713101553e+01
5.238867082713101553e+01
5.238867082713101553e+01
5.238867082713101553e+01
5.250580810919870345e+01
5.212856312551870275e+01
5.217618466398023003e+01
5.217618466398023003e+01
5.217618466398023713e+01
5.217618466398023713e+01
5.217618466398023713e+01
5.252857580150637062e+01
5.252857580150637062e+01
5.252857580150637062e+01
5.241143851943867560e+01
5.185372776886639201e+01
5.185372776886639201e+01
5.186003238425099937e+01
5.186003238425099937e+01
5.221712352177715388e+01
5.225442352177714156e+01
5.237156080384483658e+01
5.237156080384483658e+01
5.237156080384482948e+01
5.184869700273716120e+01
5.188361546427561422e+01
5.195018777196791859e+01
5.195018777196791859e+01
5.195018777196791859e+01
5.201676007966023008e+01
5.231340814026329156e+01
5.231340814026329156e+01
5.243054542233098658e+01
5.259539272458331283e+01
5.259539272458331283e+01
5.247825544251561780e+01
5.241143851943868270e+01
5.237509698097715471e+01
5.237509698097715471e+01
5.237509698097715471e+01
5.202312892037407721e+01
5.209302430498946279e+01
5.246959118302022063e+01
5.246498502917408047e+01
5.244868502917409359e+01
5.244088964455871604e+01
5.244088964455871604e+01
5.244088964455872315e+01
5.232375236249102812e+01
5.232375236249102812e+01
5.184336122496485899e+01
5.219543890329098446e+01
5.219543890329098446e+01
5.231257618535867948e+01
5.231257618535867948e+01
5.260666732288483871e+01
5.260666732288483161e+01
5.260666732288483161e+01
5.262024116903869242e+01
5.261052116903871223e+01
5.180844122186331902e+01
5.180844122186331902e+01
5.187169045263255640e+01
5.193493968340177958e+01
5.205207696546947460e+01
5.241060656453406352e+01
5.241060656453406352e+01
5.241060656453406352e+01
5.241060656453406352e+01
5.234034044795563290e+01
5.191526931042947268e+01
5.184869700273716120e+01
5.191526931042947268e+01
5.191526931042947268e+01
5.198184161812177706e+01
5.198184161812177706e+01
5.198184161812177706e+01
5.209897890018947209e+01
5.253242964766024414e+01
5.249223426304484974e+01
5.249223426304484974e+01
5.249223426304484974e+01
5.214026620244177224e+01
5.221016158705715782e+01
5.221016158705715782e+01
5.209302430498946279e+01
5.211734738191252347e+01
5.241143851943868270e+01
5.241143851943868270e+01
5.241143851943868270e+01
5.211734738191252347e+01
5.209302430498946990e+01
5.221016158705715782e+01
5.221016158705715782e+01
5.219845851013408833e+01
5.222278158705714901e+01
5.192128662356174829e+01
5.192128662356174829e+01
5.203842390562944331e+01
5.201103621332177340e+01
5.201103621332177340e+01
5.201103621332177340e+01
5.194778698255254312e+01
5.230640119700177593e+01
5.230640119700177593e+01
5.240889887222638777e+01
5.240889887222638777e+01
5.237159887222640009e+01
5.234243425684179840e+01
5.188341235008485341e+01
5.188341235008485341e+01
5.194666158085409080e+01
5.194666158085409080e+01
5.182952429878639578e+01
5.211734738191253058e+01
5.210564430498946109e+01
5.210564430498946109e+01
5.210564430498946109e+01
5.210564430498946109e+01
5.222278158705714901e+01
5.222278158705714901e+01
5.254214964766023144e+01
5.254214964766023144e+01
5.185372776886639201e+01
5.185372776886639201e+01
5.191697699963562940e+01
5.191697699963562940e+01
5.194436469194329931e+01
5.206150197401099433e+01
5.206150197401099433e+01
5.203411428170332442e+01
5.237156080384483658e+01
5.198802505403562435e+01
5.187088777196792933e+01
5.180431546427562495e+01
5.180431546427562495e+01
5.180431546427562495e+01
5.187088777196792933e+01
5.187088777196792933e+01
5.236124814026333496e+01
5.230880198641715140e+01
5.250863694370944756e+01
5.250863694370944756e+01
5.250863694370944756e+01
5.239149966164175254e+01
5.239149966164175254e+01
5.239149966164175254e+01
5.239149966164175254e+01
5.206249006257714740e+01
5.205993313950024515e+01
5.253096309755564164e+01
5.253096309755564164e+01
5.247851694370945808e+01
5.250863694370944756e+01
5.217707042156793307e+01
5.205993313950024515e+01
5.205993313950024515e+01
5.208468083180792263e+01
5.208468083180792263e+01
5.255634696389407878e+01
5.267348424596177381e+01
5.260666732288483161e+01
5.260666732288483871e+01
5.260666732288483871e+01
5.260666732288483871e+01
5.260666732288483871e+01
5.260666732288483871e+01
5.228825310843561880e+01
5.233251504315560254e+01
5.197398544409100651e+01
5.203211929024484306e+01
5.203211929024484306e+01
5.191498200817715514e+01
5.191498200817715514e+01
5.185173277740792486e+01
5.191498200817715514e+01
5.191498200817715514e+01
5.248953004081714369e+01
5.260666732288483871e+01
5.260666732288483871e+01
5.260666732288483871e+01
5.264686270750023311e+01
5.263714270750024582e+01
5.263714270750024582e+01
5.218335618535870424e+01
5.218335618535870424e+01
5.229346928246636850e+01
5.229346928246636850e+01
5.195602276032485634e+01
5.196232737570945659e+01
5.189907814494022631e+01
5.189277352955562606e+01
5.200991081162331398e+01
5.200991081162331398e+01
5.200991081162331398e+01
5.260666732288483871e+01
5.260666732288483871e+01
5.248953004081714369e+01
5.248953004081714369e+01
5.218373582636792207e+01
5.218373582636792207e+01
5.218373582636792207e+01
5.218373582636792207e+01
5.218373582636792207e+01
5.210564430498946109e+01
5.210564430498946109e+01
5.210564430498945399e+01
5.210564430498945399e+01
5.211734738191252347e+01
5.241143851943867560e+01
5.241143851943868270e+01
5.241143851943868270e+01
5.252857580150637062e+01
5.217111582636793088e+01
5.217111582636793088e+01
5.228825310843561880e+01
5.228825310843561880e+01
5.231257618535867948e+01
5.231257618535867948e+01
5.231257618535867948e+01
5.260666732288483161e+01
5.260666732288483161e+01
5.193812390562945325e+01
5.182098662356175822e+01
5.179359893125408831e+01
5.173034970048485803e+01
5.173034970048485803e+01
5.173034970048485803e+01
5.173034970048485803e+01
5.215196391493409322e+01
5.218926391493408090e+01
5.250310388697099739e+01
5.250310388697099739e+01
5.262024116903869242e+01
5.262024116903869242e+01
5.260666732288483161e+01
5.227757464689715761e+01
5.227757464689715761e+01
5.231257618535867948e+01
5.231257618535867948e+01
5.208912773470023438e+01
5.202587850393100410e+01
5.190874122186330908e+01
5.185060737570947254e+01
5.226735543631254188e+01
5.226735543631254188e+01
5.219413697477407510e+01
5.219413697477407510e+01
5.219413697477407510e+01
5.229176159015869274e+01
5.221854312862023306e+01
5.221854312862023306e+01
5.233568041068792809e+01
5.196774465777716756e+01
5.196774465777716756e+01
5.203099388854639784e+01
5.196774465777716756e+01
5.196774465777716756e+01
5.225777429410945985e+01
5.231340814026329156e+01
5.231340814026329156e+01
5.197237854119869382e+01
5.197237854119869382e+01
5.191526931042947268e+01
5.203240659249716771e+01
5.207934505403561332e+01
5.207934505403561332e+01
5.186857005947562982e+01
5.186857005947562982e+01
5.231315504315564624e+01
5.229521504315560776e+01
5.229350735084793911e+01
5.233080735084792678e+01
5.221367006878023176e+01
5.221367006878023176e+01
5.221367006878023176e+01
5.243054542233097948e+01
5.243054542233097948e+01
5.243196388386947149e+01
5.243196388386947149e+01
5.231482660180177646e+01
5.191526931042946558e+01
5.184869700273716120e+01
5.184869700273716120e+01
5.191526931042947268e+01
5.258119540834946548e+01
5.266106002373408046e+01
5.223356734774641552e+01
5.223356734774641552e+01
5.227250580928485135e+01
5.220261042466945867e+01
5.208547314260177075e+01
5.208547314260177075e+01
5.208547314260177075e+01
5.193746007966024081e+01
5.187088777196793643e+01
5.187088777196793643e+01
5.193746007966024081e+01
5.193746007966024081e+01
5.231340814026329866e+01
5.231340814026329866e+01
5.231340814026329866e+01
5.243054542233098658e+01
5.198029005947560677e+01
5.186315277740791174e+01
5.186315277740791174e+01
5.183576508510024183e+01
5.221537776108791462e+01
5.221537776108791462e+01
5.218926391493408090e+01
5.218926391493408090e+01
5.218926391493408090e+01
5.188965313639870658e+01
5.188965313639870658e+01
5.182640390562946919e+01
5.226434273546333031e+01
5.214720545339564239e+01
5.214720545339564239e+01
5.222042391493410207e+01
5.222042391493410207e+01
5.220248391493407070e+01
5.199194812785716380e+01
5.201933582016484081e+01
5.201933582016484081e+01
5.207746966631867735e+01
5.196033238425098233e+01
5.225442352177713445e+01
5.225442352177714156e+01
5.225442352177714156e+01
5.225442352177714156e+01
5.241060656453406352e+01
5.241060656453406352e+01
5.241060656453406352e+01
5.211021081162331114e+01
5.211651542700791140e+01
5.211021081162331114e+01
5.205207696546946750e+01
5.205207696546946750e+01
5.193493968340177247e+01
5.201676007966023008e+01
5.201676007966023008e+01
5.231340814026329156e+01
5.231340814026329156e+01
5.230880198641715140e+01
5.231340814026329156e+01
5.231340814026329156e+01
5.243054542233098658e+01
5.244826388386945837e+01
5.222995310843563033e+01
5.264686270750023311e+01
5.260666732288483161e+01
5.260666732288483871e+01
5.260666732288483871e+01
5.248953004081714369e+01
5.248953004081714369e+01
5.248953004081714369e+01
5.248953004081714369e+01
5.260666732288483161e+01
5.260666732288483871e+01
5.260666732288483871e+01
5.260666732288483871e+01
5.264686270750023311e+01
5.252972542543253809e+01
5.252972542543253809e+01
5.252972542543253809e+01
5.208951736482947581e+01
5.249515698097717120e+01
5.249515698097717120e+01
5.261229426304486623e+01
5.212462620244179590e+01
5.216356466398023173e+01
5.223346004859562441e+01
5.223346004859562441e+01
5.223448466398021850e+01
5.223448466398021850e+01
5.205207696546947460e+01
5.198882773470024432e+01
5.198882773470024432e+01
5.204696158085408086e+01
5.204696158085408086e+01
5.198371235008484348e+01
5.198371235008484348e+01
5.186657506801714845e+01
5.221854312862023306e+01
5.258296850235561237e+01
5.258296850235561237e+01
5.258296850235561237e+01
5.210887890329102845e+01
5.222601618535872348e+01
5.215612080074333079e+01
5.219505926228176662e+01
5.226495464689715220e+01
5.226495464689715220e+01
5.260666732288483161e+01
5.260666732288483161e+01
5.260666732288483161e+01
5.225427618535869101e+01
5.225427618535869101e+01
5.225427618535869101e+01
5.225427618535869101e+01
5.222995310843563033e+01
5.211281582636793530e+01
5.195920698255253001e+01
5.195920698255253001e+01
5.202245621332176739e+01
5.202245621332176739e+01
5.190531893125407237e+01
5.185684816202331859e+01
5.185684816202331859e+01
5.221537776108790752e+01
5.216485776108792294e+01
5.252857580150637773e+01
5.252857580150637773e+01
5.252857580150637773e+01
5.252857580150637773e+01
5.241143851943868270e+01
5.242501236559253641e+01
5.242501236559253641e+01
5.242501236559253641e+01
5.205802276652793381e+01
5.217931196313100628e+01
5.224920734774639186e+01
5.224920734774639186e+01
5.224920734774639186e+01
5.224920734774639186e+01
5.256762156219560467e+01
5.245048428012790964e+01
5.245048428012790964e+01
5.245048428012790964e+01
5.256877118612177213e+01
5.245163390405407711e+01
5.245163390405407711e+01
5.245163390405407711e+01
5.245163390405407711e+01
5.241143851943867560e+01
5.241143851943867560e+01
5.211734738191252347e+01
5.211734738191252347e+01
5.239124656453410722e+01
5.231802810299564044e+01
5.186232927316177665e+01
5.186232927316177665e+01
5.186232927316177665e+01
5.192557850393101404e+01
5.180844122186331902e+01
5.180844122186331902e+01
5.187169045263254930e+01
5.248953004081714369e+01
5.260666732288483161e+01
5.260666732288483871e+01
5.260666732288483161e+01
5.260666732288483161e+01
5.260666732288483161e+01
5.260666732288483161e+01
5.260666732288483161e+01
5.230087310843561710e+01
5.237156080384482948e+01
5.225442352177714156e+01
5.191186161502022856e+01
5.191186161502022856e+01
5.191186161502022856e+01
5.184861238425100538e+01
5.191186161502022856e+01
5.191186161502022856e+01
5.185372776886639201e+01
5.187088777196792933e+01
5.190580623350637524e+01
5.225777429410945985e+01
5.225777429410945985e+01
5.225777429410945985e+01
5.225777429410945985e+01
5.231340814026329156e+01
5.231340814026329866e+01
5.243054542233098658e+01
5.211734738191252347e+01
5.209302430498946279e+01
5.209302430498946279e+01
5.202312892037407721e+01
5.198419045883564138e+01
5.198419045883564138e+01
5.198419045883564138e+01
5.246853544251563051e+01
5.258567272458332553e+01
5.250310388697099739e+01
5.262024116903869242e+01
5.262024116903869242e+01
5.262024116903869242e+01
5.260666732288483871e+01
5.260666732288483871e+01
5.260666732288483871e+01
5.260666732288483871e+01
5.231257618535867948e+01
5.215196391493408612e+01
5.215196391493408612e+01
5.215196391493408612e+01
5.215196391493408612e+01
5.226910119700178114e+01
5.184748698255255306e+01
5.191073621332177623e+01
5.195920698255253001e+01
5.202245621332176739e+01
5.256762156219560467e+01
5.260781694681100618e+01
5.249067966474331115e+01
5.249067966474331115e+01
5.245048428012791675e+01
5.245048428012790964e+01
5.245048428012791675e+01
5.209706852721717496e+01
5.209706852721717496e+01
5.239108005479870656e+01
5.231453851633716567e+01
5.243167579840486070e+01
5.243167579840486070e+01
5.238844349071253959e+01
5.238844349071253959e+01
5.238844349071253959e+01
5.203979850703253618e+01
5.210637081472484766e+01
5.232278656453409127e+01
5.237330656453406874e+01
5.196774465777716756e+01
5.196774465777716756e+01
5.203099388854639784e+01
5.207946465777715161e+01
5.207946465777715161e+01
5.196232737570945659e+01
5.196232737570945659e+01
5.243054542233098658e+01
5.243054542233098658e+01
5.231340814026329156e+01
5.197237854119869382e+01
5.197237854119869382e+01
5.197237854119869382e+01
5.201931700273713943e+01
5.198439854119868642e+01
5.193746007966024081e+01
