-1.785969935576085799e-01
-1.785969935576085799e-01
-1.785969935576085799e-01
-1.785969935576085799e-01
-1.785969935576085799e-01
1.435218324982258375e-01
1.435218324982258375e-01
-1.785969935576085799e-01
-1.785969935576085799e-01
-6.080887616320530542e-01
-2.859699355762186923e-01
-2.859699355762186923e-01
-2.859699355762186923e-01
-2.859699355762186923e-01
3.614889047961562796e-02
3.614889047961562796e-02
3.614889047961562796e-02
3.614889047961562796e-02
-7.122405153899459551e-02
2.508947745168398358e-01
2.508947745168398358e-01
2.508947745168398358e-01
2.508947745168398358e-01
2.508947745168398358e-01
-7.122405153899837027e-02
-7.122405153899837027e-02
-7.122405153899837027e-02
-6.080887616320530542e-01
-6.080887616320530542e-01
-6.080887616320530542e-01
-6.080887616320530542e-01
-6.080887616320530542e-01
-6.080887616320530542e-01
-2.859699355762186923e-01
3.614889047961562796e-02
3.614889047961562796e-02
-1.785969935576085799e-01
-1.785969935576085799e-01
-1.785969935576085799e-01
-1.785969935576085799e-01
-1.785969935576085799e-01
-1.785969935576085799e-01
-1.785969935576085799e-01
-5.007158196134467998e-01
-1.785969935576124656e-01
-1.785969935576124656e-01
-1.785969935576124656e-01
-1.785969935576124656e-01
-1.785969935576124656e-01
-1.785969935576124656e-01
-5.007158196134467998e-01
-5.007158196134467998e-01
-5.007158196134467998e-01
-1.785969935576085799e-01
2.508947745168360610e-01
2.508947745168360610e-01
2.508947745168360610e-01
2.508947745168360610e-01
-7.122405153899837027e-02
-7.122405153899837027e-02
-3.933428775948328293e-01
-3.933428775948328293e-01
-3.933428775948328293e-01
2.508947745168398358e-01
2.508947745168398358e-01
2.508947745168398358e-01
2.508947745168398358e-01
2.508947745168398358e-01
2.508947745168398358e-01
-7.122405153899459551e-02
-7.122405153899459551e-02
-3.933428775948328293e-01
-5.007158196134467998e-01
-5.007158196134467998e-01
-1.785969935576085799e-01
-1.785969935576085799e-01
-1.785969935576085799e-01
-1.785969935576085799e-01
-1.785969935576085799e-01
1.435218324982258375e-01
1.435218324982258375e-01
-5.007158196134429140e-01
-5.007158196134429140e-01
-5.007158196134429140e-01
-5.007158196134429140e-01
-5.007158196134429140e-01
-5.007158196134429140e-01
-1.785969935576085799e-01
-1.785969935576085799e-01
1.435218324982258375e-01
-7.122405153899837027e-02
-7.122405153899837027e-02
-3.933428775948328293e-01
-3.933428775948328293e-01
-7.154617036506671912e-01
-7.154617036506671912e-01
-7.154617036506671912e-01
-7.154617036506671912e-01
-7.154617036506671912e-01
1.435218324982258375e-01
1.435218324982258375e-01
1.435218324982258375e-01
1.435218324982258375e-01
-1.785969935576085799e-01
-5.007158196134429140e-01
-5.007158196134429140e-01
-5.007158196134429140e-01
-5.007158196134429140e-01
-7.122405153899459551e-02
2.508947745168398358e-01
2.508947745168398358e-01
2.508947745168398358e-01
2.508947745168398358e-01
2.508947745168398358e-01
2.508947745168398358e-01
2.508947745168398358e-01
-7.122405153899837027e-02
-5.007158196134467998e-01
-5.007158196134467998e-01
-5.007158196134467998e-01
-5.007158196134467998e-01
-1.785969935576124656e-01
-1.785969935576124656e-01
-1.785969935576124656e-01
1.435218324982258375e-01
1.435218324982258375e-01
-1.785969935576085799e-01
-1.785969935576085799e-01
-1.785969935576085799e-01
1.435218324982258375e-01
1.435218324982258375e-01
-1.785969935576124656e-01
-1.785969935576124656e-01
-1.785969935576124656e-01
-1.785969935576124656e-01
3.582677165354500870e-01
3.582677165354500870e-01
3.614889047961185320e-02
3.614889047961185320e-02
3.614889047961185320e-02
3.614889047961185320e-02
3.614889047961185320e-02
-2.859699355762225781e-01
-2.859699355762225781e-01
-5.007158196134429140e-01
-5.007158196134429140e-01
-5.007158196134429140e-01
-5.007158196134429140e-01
-1.785969935576085799e-01
-1.785969935576085799e-01
-1.785969935576085799e-01
-1.785969935576085799e-01
1.435218324982258375e-01
1.435218324982258375e-01
1.435218324982258375e-01
1.435218324982258375e-01
1.435218324982258375e-01
1.435218324982258375e-01
-1.785969935576124656e-01
-1.785969935576124656e-01
-5.007158196134467998e-01
-5.007158196134467998e-01
2.508947745168360610e-01
2.508947745168360610e-01
2.508947745168360610e-01
2.508947745168360610e-01
2.508947745168360610e-01
-7.122405153899837027e-02
-7.122405153899837027e-02
-7.122405153899837027e-02
-3.933428775948328293e-01
-7.122405153899837027e-02
2.508947745168398358e-01
2.508947745168398358e-01
2.508947745168398358e-01
2.508947745168398358e-01
2.508947745168398358e-01
2.508947745168398358e-01
-7.122405153899459551e-02
-7.122405153899459551e-02
-6.080887616320530542e-01
-6.080887616320530542e-01
-6.080887616320530542e-01
-2.859699355762186923e-01
-2.859699355762186923e-01
-2.859699355762186923e-01
-2.859699355762186923e-01
3.614889047961562796e-02
3.614889047961562796e-02
-6.080887616320530542e-01
-6.080887616320530542e-01
-6.080887616320530542e-01
-6.080887616320530542e-01
-2.859699355762186923e-01
3.614889047961562796e-02
3.614889047961562796e-02
3.614889047961562796e-02
3.614889047961562796e-02
-3.933428775948328293e-01
-7.154617036506671912e-01
-7.154617036506671912e-01
-7.154617036506671912e-01
-7.154617036506671912e-01
-7.154617036506671912e-01
-7.154617036506671912e-01
-7.154617036506671912e-01
-3.933428775948328293e-01
-2.859699355762225781e-01
3.614889047961185320e-02
3.614889047961185320e-02
3.614889047961185320e-02
3.582677165354500870e-01
3.582677165354500870e-01
3.582677165354500870e-01
3.582677165354500870e-01
3.582677165354500870e-01
-3.933428775948328293e-01
-7.154617036506671912e-01
-7.154617036506671912e-01
-7.154617036506671912e-01
-7.154617036506671912e-01
-7.154617036506671912e-01
-7.154617036506671912e-01
-3.933428775948328293e-01
-3.933428775948328293e-01
-1.785969935576085799e-01
-1.785969935576085799e-01
1.435218324982258375e-01
1.435218324982258375e-01
1.435218324982258375e-01
1.435218324982258375e-01
-1.785969935576085799e-01
-1.785969935576085799e-01
-1.785969935576085799e-01
-7.154617036506671912e-01
-7.154617036506671912e-01
-3.933428775948328293e-01
-3.933428775948328293e-01
-7.122405153899837027e-02
-7.122405153899837027e-02
-7.122405153899837027e-02
-7.122405153899837027e-02
-7.122405153899837027e-02
1.435218324982258375e-01
1.435218324982258375e-01
1.435218324982258375e-01
1.435218324982258375e-01
1.435218324982258375e-01
-1.785969935576085799e-01
-1.785969935576085799e-01
-1.785969935576085799e-01
-5.007158196134467998e-01
-7.122405153899837027e-02
-7.122405153899837027e-02
-3.933428775948328293e-01
-3.933428775948328293e-01
-3.933428775948328293e-01
-3.933428775948328293e-01
-3.933428775948328293e-01
-7.154617036506671912e-01
-7.154617036506671912e-01
3.614889047961185320e-02
3.582677165354500870e-01
3.582677165354500870e-01
3.582677165354500870e-01
3.582677165354500870e-01
3.582677165354500870e-01
3.582677165354500870e-01
3.614889047961562796e-02
3.614889047961562796e-02
-3.933428775948328293e-01
-3.933428775948328293e-01
-7.154617036506671912e-01
-7.154617036506671912e-01
-7.154617036506671912e-01
-3.933428775948328293e-01
-3.933428775948328293e-01
-3.933428775948328293e-01
-3.933428775948328293e-01
-1.785969935576085799e-01
-1.785969935576085799e-01
1.435218324982258375e-01
1.435218324982258375e-01
-1.785969935576085799e-01
-1.785969935576085799e-01
-1.785969935576085799e-01
-1.785969935576085799e-01
-1.785969935576085799e-01
-1.785969935576085799e-01
-1.785969935576085799e-01
-1.785969935576085799e-01
-5.007158196134429140e-01
-1.785969935576085799e-01
-1.785969935576085799e-01
-1.785969935576085799e-01
-1.785969935576085799e-01
-1.785969935576085799e-01
-7.122405153899459551e-02
-7.122405153899459551e-02
-7.122405153899459551e-02
2.508947745168398358e-01
2.508947745168398358e-01
2.508947745168398358e-01
-7.122405153899837027e-02
-7.122405153899837027e-02
-7.122405153899837027e-02
3.614889047961185320e-02
3.614889047961185320e-02
-2.859699355762225781e-01
-2.859699355762225781e-01
-2.859699355762225781e-01
-2.859699355762225781e-01
3.614889047961562796e-02
3.614889047961562796e-02
3.614889047961562796e-02
-3.933428775948328293e-01
-3.933428775948328293e-01
-3.933428775948328293e-01
-3.933428775948328293e-01
-7.122405153899459551e-02
2.508947745168398358e-01
2.508947745168398358e-01
2.508947745168398358e-01
2.508947745168398358e-01
-6.080887616320570510e-01
-6.080887616320570510e-01
-2.859699355762225781e-01
-2.859699355762225781e-01
-2.859699355762225781e-01
-2.859699355762225781e-01
3.614889047961185320e-02
3.614889047961185320e-02
3.614889047961185320e-02
2.508947745168398358e-01
2.508947745168398358e-01
2.508947745168398358e-01
2.508947745168398358e-01
2.508947745168398358e-01
-7.122405153899459551e-02
-7.122405153899459551e-02
-7.122405153899459551e-02
-3.933428775948328293e-01
3.614889047961185320e-02
3.582677165354500870e-01
3.582677165354500870e-01
3.582677165354500870e-01
3.614889047961562796e-02
3.614889047961562796e-02
3.614889047961562796e-02
3.614889047961562796e-02
3.614889047961562796e-02
3.614889047961185320e-02
3.614889047961185320e-02
3.614889047961185320e-02
-2.859699355762225781e-01
3.614889047961562796e-02
3.614889047961562796e-02
3.614889047961562796e-02
3.614889047961562796e-02
3.614889047961562796e-02
-7.122405153899837027e-02
-7.122405153899837027e-02
-7.122405153899837027e-02
-7.122405153899837027e-02
2.508947745168360610e-01
-7.122405153899837027e-02
-7.122405153899837027e-02
-7.122405153899837027e-02
-7.122405153899837027e-02
-5.007158196134429140e-01
-5.007158196134429140e-01
-5.007158196134429140e-01
-1.785969935576085799e-01
-1.785969935576085799e-01
-1.785969935576085799e-01
-1.785969935576085799e-01
-1.785969935576085799e-01
1.435218324982258375e-01
2.508947745168398358e-01
2.508947745168398358e-01
-7.122405153899459551e-02
-7.122405153899459551e-02
-7.122405153899459551e-02
-7.122405153899459551e-02
-7.122405153899459551e-02
-3.933428775948328293e-01
-3.933428775948328293e-01
-3.933428775948328293e-01
-7.154617036506671912e-01
-7.154617036506671912e-01
-7.154617036506671912e-01
-7.154617036506671912e-01
-3.933428775948328293e-01
-3.933428775948328293e-01
-3.933428775948328293e-01
-3.933428775948328293e-01
-7.154617036506671912e-01
-7.154617036506671912e-01
-7.154617036506671912e-01
-7.154617036506671912e-01
-7.154617036506671912e-01
-3.933428775948328293e-01
-3.933428775948328293e-01
-3.933428775948328293e-01
-7.122405153899837027e-02
-1.785969935576085799e-01
-1.785969935576085799e-01
-5.007158196134467998e-01
-1.785969935576124656e-01
-1.785969935576124656e-01
-1.785969935576124656e-01
-1.785969935576124656e-01
-1.785969935576124656e-01
-1.785969935576124656e-01
-1.785969935576085799e-01
-1.785969935576085799e-01
-1.785969935576085799e-01
-1.785969935576085799e-01
-1.785969935576085799e-01
-1.785969935576085799e-01
-1.785969935576085799e-01
1.435218324982258375e-01
-1.785969935576085799e-01
-3.933428775948328293e-01
-3.933428775948328293e-01
-3.933428775948328293e-01
-7.122405153899837027e-02
-3.933428775948328293e-01
-3.933428775948328293e-01
-3.933428775948328293e-01
-3.933428775948328293e-01
-3.933428775948328293e-01
-7.154617036506671912e-01
-7.154617036506671912e-01
-7.154617036506671912e-01
-3.933428775948328293e-01
-3.933428775948328293e-01
-3.933428775948328293e-01
-3.933428775948328293e-01
-3.933428775948328293e-01
-7.122405153899837027e-02
3.614889047961185320e-02
3.614889047961185320e-02
3.614889047961185320e-02
3.614889047961185320e-02
3.582677165354500870e-01
3.582677165354500870e-01
3.582677165354500870e-01
3.614889047961562796e-02
3.614889047961562796e-02
-5.007158196134467998e-01
-5.007158196134467998e-01
-5.007158196134467998e-01
-5.007158196134467998e-01
-1.785969935576085799e-01
-1.785969935576085799e-01
-1.785969935576085799e-01
-1.785969935576085799e-01
1.435218324982258375e-01
-2.859699355762225781e-01
-2.859699355762225781e-01
-2.859699355762225781e-01
-2.859699355762225781e-01
-2.859699355762225781e-01
-6.080887616320570510e-01
-2.859699355762225781e-01
-2.859699355762225781e-01
-2.859699355762225781e-01
-5.007158196134467998e-01
-1.785969935576085799e-01
-1.785969935576085799e-01
-1.785969935576085799e-01
-1.785969935576085799e-01
-1.785969935576085799e-01
-1.785969935576085799e-01
1.435218324982258375e-01
1.435218324982258375e-01
-5.007158196134429140e-01
-5.007158196134429140e-01
-1.785969935576085799e-01
-1.785969935576085799e-01
-1.785969935576085799e-01
-1.785969935576085799e-01
1.435218324982258375e-01
1.435218324982258375e-01
1.435218324982258375e-01
-3.933428775948328293e-01
-7.154617036506671912e-01
-7.154617036506671912e-01
-7.154617036506671912e-01
-7.154617036506671912e-01
-7.154617036506671912e-01
-7.154617036506671912e-01
-7.154617036506671912e-01
-3.933428775948328293e-01
-3.933428775948328293e-01
-7.122405153899837027e-02
2.508947745168360610e-01
2.508947745168360610e-01
2.508947745168360610e-01
2.508947745168360610e-01
2.508947745168360610e-01
2.508947745168360610e-01
2.508947745168360610e-01
2.508947745168398358e-01
2.508947745168398358e-01
-7.122405153899459551e-02
-7.122405153899459551e-02
-7.122405153899459551e-02
-7.122405153899459551e-02
-7.122405153899459551e-02
-7.122405153899459551e-02
-3.933428775948328293e-01
1.435218324982258375e-01
1.435218324982258375e-01
1.435218324982258375e-01
1.435218324982258375e-01
1.435218324982258375e-01
1.435218324982258375e-01
1.435218324982258375e-01
-1.785969935576085799e-01
-5.007158196134467998e-01
-3.933428775948328293e-01
-7.154617036506671912e-01
-7.154617036506671912e-01
-7.154617036506671912e-01
-7.154617036506671912e-01
-7.154617036506671912e-01
-7.154617036506671912e-01
-7.154617036506671912e-01
-3.933428775948328293e-01
3.614889047961562796e-02
3.614889047961562796e-02
3.614889047961562796e-02
3.614889047961562796e-02
-2.859699355762225781e-01
3.614889047961185320e-02
3.614889047961185320e-02
3.614889047961185320e-02
3.614889047961185320e-02
-6.080887616320570510e-01
-6.080887616320570510e-01
-2.859699355762225781e-01
-2.859699355762225781e-01
-2.859699355762225781e-01
-2.859699355762225781e-01
-2.859699355762225781e-01
3.614889047961185320e-02
3.614889047961185320e-02
-1.785969935576085799e-01
-1.785969935576085799e-01
-5.007158196134429140e-01
-5.007158196134429140e-01
-5.007158196134429140e-01
-5.007158196134429140e-01
-5.007158196134429140e-01
-1.785969935576085799e-01
-1.785969935576085799e-01
-5.007158196134429140e-01
-5.007158196134429140e-01
-1.785969935576085799e-01
-1.785969935576085799e-01
-1.785969935576085799e-01
-1.785969935576085799e-01
-1.785969935576085799e-01
1.435218324982258375e-01
1.435218324982258375e-01
-3.933428775948328293e-01
-3.933428775948328293e-01
-7.122405153899459551e-02
2.508947745168398358e-01
2.508947745168398358e-01
2.508947745168398358e-01
2.508947745168398358e-01
2.508947745168398358e-01
2.508947745168398358e-01
