5.141736270580175017e+00
5.141736270580175017e+00
5.141736270580175017e+00
5.141736270580175017e+00
5.141736270580175017e+00
5.141736270580175017e+00
5.463855096636009989e+00
5.785973922691844074e+00
5.785973922691844074e+00
6.000719806729065020e+00
6.000719806729065020e+00
6.000719806729065020e+00
6.000719806729065020e+00
5.678600980673230048e+00
5.678600980673230048e+00
5.356482154617395075e+00
5.356482154617395075e+00
5.356482154617395075e+00
5.678600980673230048e+00
6.000719806729068573e+00
6.000719806729068573e+00
6.000719806729068573e+00
6.000719806729068573e+00
6.000719806729068573e+00
6.000719806729068573e+00
5.678600980673233600e+00
5.678600980673233600e+00
5.463855096636005548e+00
5.785973922691840521e+00
5.785973922691840521e+00
5.785973922691840521e+00
6.108092748747679046e+00
6.108092748747679046e+00
6.108092748747679046e+00
6.108092748747679046e+00
6.108092748747679046e+00
5.249109212598781937e+00
5.571228038654619574e+00
5.571228038654619574e+00
5.571228038654619574e+00
5.571228038654619574e+00
5.571228038654619574e+00
5.571228038654619574e+00
5.893346864710454547e+00
5.893346864710454547e+00
5.249109212598785490e+00
5.249109212598785490e+00
5.571228038654619574e+00
5.571228038654619574e+00
5.571228038654619574e+00
5.571228038654619574e+00
5.893346864710454547e+00
5.893346864710454547e+00
5.893346864710454547e+00
6.000719806729068573e+00
6.000719806729068573e+00
5.678600980673233600e+00
5.678600980673233600e+00
5.678600980673233600e+00
5.678600980673233600e+00
5.678600980673233600e+00
5.678600980673233600e+00
5.356482154617395075e+00
5.356482154617395075e+00
5.034363328561560991e+00
5.034363328561560991e+00
5.034363328561560991e+00
5.034363328561560991e+00
5.034363328561560991e+00
5.034363328561560991e+00
5.034363328561560991e+00
5.356482154617395075e+00
5.571228038654619574e+00
5.571228038654619574e+00
5.571228038654619574e+00
5.249109212598785490e+00
5.249109212598785490e+00
5.249109212598785490e+00
5.249109212598785490e+00
5.249109212598785490e+00
5.571228038654619574e+00
5.463855096636005548e+00
5.785973922691840521e+00
5.785973922691840521e+00
5.785973922691840521e+00
6.108092748747679046e+00
6.108092748747679046e+00
6.108092748747679046e+00
6.108092748747679046e+00
6.108092748747679046e+00
5.249109212598781937e+00
5.249109212598781937e+00
5.249109212598781937e+00
5.249109212598781937e+00
5.249109212598781937e+00
5.571228038654619574e+00
5.571228038654619574e+00
5.893346864710454547e+00
5.893346864710454547e+00
5.463855096636005548e+00
5.463855096636005548e+00
5.463855096636005548e+00
5.463855096636005548e+00
5.785973922691840521e+00
5.463855096636005548e+00
5.463855096636005548e+00
5.463855096636005548e+00
5.463855096636005548e+00
5.249109212598785490e+00
5.249109212598785490e+00
5.249109212598785490e+00
5.249109212598785490e+00
5.571228038654619574e+00
5.571228038654619574e+00
5.571228038654619574e+00
5.571228038654619574e+00
5.893346864710454547e+00
5.463855096636005548e+00
5.141736270580171464e+00
5.141736270580171464e+00
5.141736270580171464e+00
5.141736270580171464e+00
5.141736270580171464e+00
5.141736270580171464e+00
5.463855096636005548e+00
5.463855096636005548e+00
5.571228038654619574e+00
5.571228038654619574e+00
5.571228038654619574e+00
5.571228038654619574e+00
5.571228038654619574e+00
5.893346864710454547e+00
5.893346864710454547e+00
5.893346864710454547e+00
5.571228038654619574e+00
5.571228038654615133e+00
5.893346864710454547e+00
5.893346864710454547e+00
5.571228038654619574e+00
5.571228038654619574e+00
5.571228038654619574e+00
5.571228038654619574e+00
5.571228038654619574e+00
5.571228038654619574e+00
5.249109212598781937e+00
5.249109212598781937e+00
5.249109212598781937e+00
5.249109212598781937e+00
5.249109212598781937e+00
5.249109212598781937e+00
5.249109212598781937e+00
5.571228038654619574e+00
5.893346864710454547e+00
6.000719806729065020e+00
6.000719806729065020e+00
6.000719806729065020e+00
5.678600980673230048e+00
5.678600980673230048e+00
5.678600980673230048e+00
5.678600980673230048e+00
5.678600980673230048e+00
5.356482154617395075e+00
5.893346864710454547e+00
5.893346864710454547e+00
5.893346864710454547e+00
5.893346864710454547e+00
5.571228038654619574e+00
5.571228038654619574e+00
5.571228038654619574e+00
5.571228038654619574e+00
5.249109212598781937e+00
5.571228038654619574e+00
5.571228038654619574e+00
5.571228038654619574e+00
5.249109212598785490e+00
5.249109212598785490e+00
5.249109212598785490e+00
5.249109212598785490e+00
5.571228038654619574e+00
5.571228038654619574e+00
5.678600980673233600e+00
5.678600980673233600e+00
5.678600980673233600e+00
5.678600980673233600e+00
5.678600980673233600e+00
5.678600980673233600e+00
5.678600980673233600e+00
5.356482154617395075e+00
5.678600980673230048e+00
5.034363328561560991e+00
5.034363328561560991e+00
5.034363328561560991e+00
5.034363328561560991e+00
5.034363328561560991e+00
5.034363328561560991e+00
5.034363328561560991e+00
5.356482154617395075e+00
5.678600980673230048e+00
5.463855096636005548e+00
5.141736270580171464e+00
5.141736270580171464e+00
5.141736270580171464e+00
5.141736270580171464e+00
5.141736270580171464e+00
5.141736270580171464e+00
5.463855096636005548e+00
5.463855096636005548e+00
5.249109212598781937e+00
5.571228038654619574e+00
5.571228038654619574e+00
5.571228038654619574e+00
5.571228038654619574e+00
5.571228038654619574e+00
5.571228038654619574e+00
5.571228038654619574e+00
5.893346864710454547e+00
5.785973922691840521e+00
5.463855096636005548e+00
5.463855096636005548e+00
5.463855096636005548e+00
5.463855096636005548e+00
5.463855096636005548e+00
5.463855096636005548e+00
5.141736270580171464e+00
5.141736270580171464e+00
5.678600980673233600e+00
5.678600980673233600e+00
5.678600980673233600e+00
6.000719806729068573e+00
6.000719806729068573e+00
6.000719806729068573e+00
6.000719806729068573e+00
6.000719806729068573e+00
5.678600980673230048e+00
5.463855096636009989e+00
5.463855096636009989e+00
5.463855096636009989e+00
5.463855096636009989e+00
5.463855096636009989e+00
5.463855096636009989e+00
5.463855096636009989e+00
5.785973922691844074e+00
5.463855096636009989e+00
5.249109212598785490e+00
5.249109212598785490e+00
5.571228038654619574e+00
5.571228038654619574e+00
5.571228038654619574e+00
5.893346864710454547e+00
5.893346864710454547e+00
5.893346864710454547e+00
5.893346864710454547e+00
5.249109212598785490e+00
5.571228038654619574e+00
5.571228038654619574e+00
5.571228038654619574e+00
5.571228038654619574e+00
5.571228038654619574e+00
5.571228038654619574e+00
5.571228038654619574e+00
5.893346864710454547e+00
5.356482154617395075e+00
5.356482154617395075e+00
5.356482154617395075e+00
5.678600980673230048e+00
5.678600980673230048e+00
5.356482154617395075e+00
5.356482154617395075e+00
5.356482154617395075e+00
5.356482154617395075e+00
5.463855096636005548e+00
5.463855096636005548e+00
5.785973922691840521e+00
5.785973922691840521e+00
5.785973922691840521e+00
6.108092748747679046e+00
6.108092748747679046e+00
6.108092748747679046e+00
6.108092748747679046e+00
6.108092748747679046e+00
6.108092748747679046e+00
6.108092748747679046e+00
6.108092748747679046e+00
6.108092748747679046e+00
5.785973922691844074e+00
5.785973922691844074e+00
5.785973922691844074e+00
5.463855096636005548e+00
