-1.710430769230252002e-01
-1.710430769230252002e-01
-1.710430769230252002e-01
-5.477538461535429865e-02
0.000000000000000000e+00
0.000000000000000000e+00
0.000000000000000000e+00
0.000000000000000000e+00
0.000000000000000000e+00
-9.212307692280045229e-03
-1.382584615384323812e-01
-5.113846153816116978e-03
-1.193323076922543080e-01
-1.142184615384381902e-01
-1.142184615384381902e-01
-1.142184615384381902e-01
-1.142184615384381902e-01
-1.142184615384381902e-01
-3.259999999997854198e-02
-1.585999999999790910e-01
-2.080953846153313358e-01
-7.495076923071175568e-02
-7.495076923071175568e-02
-7.495076923071175568e-02
-7.495076923071175568e-02
-2.080953846153311970e-01
-2.080953846153311970e-01
0.000000000000000000e+00
0.000000000000000000e+00
0.000000000000000000e+00
0.000000000000000000e+00
0.000000000000000000e+00
0.000000000000000000e+00
-1.637138461537920586e-01
-1.637138461537920586e-01
-2.968584615384115000e-01
0.000000000000000000e+00
0.000000000000000000e+00
0.000000000000000000e+00
-4.553538461532601056e-02
-4.553538461532601056e-02
-4.553538461532601056e-02
-4.553538461532601056e-02
-4.553538461532601056e-02
-2.118430769230282285e-01
-1.165999999999777631e-01
-1.165999999999777631e-01
-1.165999999999777631e-01
-1.165999999999777631e-01
-1.165999999999777631e-01
0.000000000000000000e+00
0.000000000000000000e+00
0.000000000000000000e+00
0.000000000000000000e+00
-2.132092307691757227e-01
-2.132092307691757227e-01
-2.005999999999786287e-01
-2.005999999999786287e-01
-7.459999999997808662e-02
0.000000000000000000e+00
0.000000000000000000e+00
0.000000000000000000e+00
0.000000000000000000e+00
-3.412399999999507494e-01
-2.714030769230503237e-01
-1.382584615384323812e-01
-1.382584615384323812e-01
-1.382584615384323812e-01
-5.113846153812973659e-03
0.000000000000000000e+00
0.000000000000000000e+00
0.000000000000000000e+00
1.336338461538758016e-01
1.336338461538758016e-01
1.336338461538758016e-01
0.000000000000000000e+00
-7.268307692304833145e-02
-7.268307692304833145e-02
-7.268307692304833145e-02
-1.884369230768948578e-01
-4.864615384612259313e-02
0.000000000000000000e+00
-9.212307692275127288e-03
-4.181230769225367100e-02
-5.740307692299753684e-02
-5.740307692299753684e-02
-5.740307692299753684e-02
-5.740307692299753684e-02
-5.740307692299753684e-02
-4.300030769230294148e-01
0.000000000000000000e+00
0.000000000000000000e+00
0.000000000000000000e+00
0.000000000000000000e+00
0.000000000000000000e+00
0.000000000000000000e+00
0.000000000000000000e+00
2.714769230772066944e-02
7.707692307751545097e-03
-3.818738461537946050e-01
-3.818738461537946050e-01
-2.553753846153296592e-01
-1.288769230768663510e-01
-1.288769230768663510e-01
0.000000000000000000e+00
0.000000000000000000e+00
0.000000000000000000e+00
0.000000000000000000e+00
5.386461538466669891e-02
-2.080953846153313358e-01
-3.412399999999507494e-01
-2.080953846153311970e-01
-2.080953846153311970e-01
-7.495076923071339325e-02
-7.495076923071339325e-02
-7.495076923071339325e-02
-7.495076923071339325e-02
7.707692307748259530e-03
-7.268307692304833145e-02
-7.268307692304833145e-02
-7.268307692304833145e-02
-1.884369230768948578e-01
-4.864615384612259313e-02
-4.864615384612259313e-02
-4.864615384612259313e-02
0.000000000000000000e+00
0.000000000000000000e+00
0.000000000000000000e+00
0.000000000000000000e+00
0.000000000000000000e+00
-4.864615384612259313e-02
-4.864615384612259313e-02
-4.864615384612259313e-02
-7.205230769225597076e-02
-2.340615384613337416e-02
0.000000000000000000e+00
0.000000000000000000e+00
0.000000000000000000e+00
-5.477538461535429865e-02
-5.477538461535429865e-02
-5.477538461535429865e-02
-1.812738461538175860e-01
-5.222769230766197146e-02
-5.222769230766197146e-02
-3.415384615353562851e-03
-3.415384615353562851e-03
-7.801538461533165381e-02
-1.363446153845370712e-01
-4.662061538461056975e-01
-4.662061538461056975e-01
-3.397076923076406407e-01
-3.397076923076406407e-01
-3.397076923076406407e-01
0.000000000000000000e+00
-2.340615384613337416e-02
-2.340615384613337416e-02
-2.340615384613337416e-02
-2.340615384613337416e-02
-2.340615384613337416e-02
-2.340615384613337416e-02
2.714769230772066944e-02
2.714769230772066944e-02
-2.132092307691757227e-01
-2.132092307691757227e-01
-8.671076923071077691e-02
-8.671076923071077691e-02
-3.193538461535976036e-02
-3.193538461535976036e-02
-3.193538461535976036e-02
-8.671076923071077691e-02
0.000000000000000000e+00
-2.968584615384114445e-01
-2.968584615384114445e-01
-4.300030769230294148e-01
-4.300030769230294148e-01
-4.300030769230294148e-01
-2.968584615384131098e-01
-2.968584615384131098e-01
9.568000000008053396e-02
-9.212307692278405916e-03
0.000000000000000000e+00
0.000000000000000000e+00
0.000000000000000000e+00
0.000000000000000000e+00
0.000000000000000000e+00
0.000000000000000000e+00
0.000000000000000000e+00
-6.983692307690042567e-02
-7.495076923071504471e-02
4.465230769238679592e-02
4.465230769238679592e-02
-6.023999999997214222e-02
0.000000000000000000e+00
-7.495076923071175568e-02
-7.495076923071175568e-02
-7.495076923071175568e-02
-2.545538461535953173e-02
-2.545538461535953173e-02
1.336338461538758016e-01
1.336338461538758016e-01
0.000000000000000000e+00
0.000000000000000000e+00
0.000000000000000000e+00
0.000000000000000000e+00
0.000000000000000000e+00
0.000000000000000000e+00
-4.864615384612259313e-02
0.000000000000000000e+00
-1.288769230768679885e-01
-1.260923076919709222e-02
-1.260923076919709222e-02
-1.260923076919709222e-02
-1.260923076919709222e-02
-1.391076923076620120e-01
-1.260923076919709222e-02
-1.260923076919709222e-02
0.000000000000000000e+00
0.000000000000000000e+00
0.000000000000000000e+00
0.000000000000000000e+00
8.039076923079659098e-02
6.095076923082747011e-02
6.095076923082747011e-02
-2.584399999999496544e-01
-2.584399999999496544e-01
0.000000000000000000e+00
0.000000000000000000e+00
-8.671076923071242837e-02
-7.410153846151533441e-02
-2.005999999999786287e-01
-2.132092307691757227e-01
-2.132092307691757227e-01
-2.132092307691757227e-01
-2.132092307691757227e-01
0.000000000000000000e+00
0.000000000000000000e+00
0.000000000000000000e+00
0.000000000000000000e+00
-2.340615384613337416e-02
-2.340615384613337416e-02
-2.340615384613337416e-02
-2.340615384613337416e-02
-2.340615384613337416e-02
-2.340615384613337416e-02
-2.340615384613337416e-02
-2.340615384613337416e-02
-2.340615384613337416e-02
0.000000000000000000e+00
0.000000000000000000e+00
0.000000000000000000e+00
0.000000000000000000e+00
0.000000000000000000e+00
-4.864615384612259313e-02
-4.864615384612259313e-02
-4.864615384612259313e-02
-4.864615384612259313e-02
0.000000000000000000e+00
0.000000000000000000e+00
0.000000000000000000e+00
0.000000000000000000e+00
0.000000000000000000e+00
-2.005999999999786287e-01
-2.005999999999786287e-01
-2.553753846153296592e-01
-3.818738461537946050e-01
-3.818738461537946050e-01
-3.818738461537946050e-01
-3.818738461537946050e-01
-1.268276923076400720e-01
-5.222769230766197146e-02
2.714769230771903186e-02
2.714769230771903186e-02
2.714769230771903186e-02
2.714769230771903186e-02
0.000000000000000000e+00
-7.000307692305632323e-02
-7.000307692305632323e-02
0.000000000000000000e+00
0.000000000000000000e+00
-5.477538461535266107e-02
-1.812738461538175860e-01
-1.812738461538175860e-01
-2.975415384614884529e-01
-5.222769230766197146e-02
-5.222769230766197146e-02
-1.986646153845872120e-01
-1.986646153845872120e-01
-1.986646153845872120e-01
-3.415384615353562851e-03
-1.498523076922804453e-01
-1.498523076922804453e-01
-1.498523076922804453e-01
-2.975415384614868430e-01
-2.975415384614868430e-01
-1.710430769230217862e-01
-2.975415384614866765e-01
-2.975415384614866765e-01
-1.112676923076627439e-01
0.000000000000000000e+00
0.000000000000000000e+00
-9.387692307689313176e-02
-9.387692307689313176e-02
-2.080953846153313358e-01
-2.080953846153313358e-01
-1.142184615384381902e-01
-1.142184615384381902e-01
-3.397076923076406407e-01
-3.397076923076406407e-01
-3.871999999991861119e-02
-7.459999999997808662e-02
-7.801538461533165381e-02
-3.415384615353562851e-03
-3.415384615353562851e-03
-3.415384615353562851e-03
-3.415384615353562851e-03
0.000000000000000000e+00
0.000000000000000000e+00
2.836923076971316349e-03
2.836923076971316349e-03
2.836923076971316349e-03
-2.080953846153329456e-01
-3.412399999999523592e-01
-3.412399999999523592e-01
-2.080953846153329456e-01
2.714769230771903186e-02
1.868769230769517231e-01
-7.992615384607008877e-02
-7.992615384607008877e-02
-2.049230769197872039e-03
-1.418399999999719052e-01
-1.418399999999719052e-01
-1.418399999999719052e-01
-1.418399999999719052e-01
-1.637138461537920586e-01
-2.968584615384115000e-01
-2.968584615384115000e-01
-1.637138461537920586e-01
-1.637138461537920586e-01
0.000000000000000000e+00
0.000000000000000000e+00
0.000000000000000000e+00
0.000000000000000000e+00
-1.162676923076708946e-01
-1.162676923076708946e-01
-1.162676923076708946e-01
-1.710430769230219250e-01
0.000000000000000000e+00
0.000000000000000000e+00
-5.222769230766197146e-02
-5.222769230766197146e-02
-5.222769230766197146e-02
-2.975415384614868430e-01
-2.975415384614868430e-01
-4.240399999999517888e-01
-1.363446153845403741e-01
-1.363446153845403741e-01
-1.363446153845403741e-01
1.009230769238651793e-02
1.009230769238651793e-02
-2.578769230767295403e-02
-1.710430769230219250e-01
-1.162676923076708946e-01
-1.162676923076708946e-01
0.000000000000000000e+00
0.000000000000000000e+00
0.000000000000000000e+00
0.000000000000000000e+00
0.000000000000000000e+00
0.000000000000000000e+00
0.000000000000000000e+00
0.000000000000000000e+00
0.000000000000000000e+00
-1.260923076919709222e-02
0.000000000000000000e+00
-1.260923076919709222e-02
-1.288769230768679885e-01
-1.288769230768679885e-01
-1.288769230768679885e-01
-5.113846153814613840e-03
-5.113846153814613840e-03
0.000000000000000000e+00
0.000000000000000000e+00
-9.212307692276766602e-03
0.000000000000000000e+00
0.000000000000000000e+00
0.000000000000000000e+00
3.543692307694822075e-02
-1.652461538461034996e-01
8.039076923079822856e-02
0.000000000000000000e+00
0.000000000000000000e+00
0.000000000000000000e+00
0.000000000000000000e+00
0.000000000000000000e+00
0.000000000000000000e+00
0.000000000000000000e+00
0.000000000000000000e+00
0.000000000000000000e+00
0.000000000000000000e+00
0.000000000000000000e+00
8.039076923079659098e-02
8.039076923079659098e-02
8.039076923079659098e-02
8.039076923079659098e-02
-2.118430769230249533e-01
1.674369230769809647e-01
1.674369230769809647e-01
1.674369230769809647e-01
-2.197169230768441228e-01
-1.418399999999719052e-01
-2.049230769197872039e-03
-2.049230769197872039e-03
0.000000000000000000e+00
0.000000000000000000e+00
-1.288769230768696261e-01
-2.553753846153329343e-01
-2.553753846153329343e-01
-1.391076923076620120e-01
-1.391076923076620120e-01
-2.656061538461254590e-01
-2.656061538461254590e-01
-2.656061538461254590e-01
-1.498523076922788078e-01
1.868769230769517231e-01
1.868769230769517231e-01
1.868769230769517231e-01
-1.731199999999193939e-01
-1.731199999999193939e-01
-3.129107692306934418e-01
-2.350338461538212242e-01
-9.524307692304717632e-02
-9.524307692304717632e-02
0.000000000000000000e+00
0.000000000000000000e+00
0.000000000000000000e+00
-1.165999999999777631e-01
-1.165999999999777631e-01
-1.165999999999777631e-01
-1.165999999999777631e-01
-1.652461538461003632e-01
-1.652461538461003632e-01
-1.584338461538246923e-01
-1.584338461538246923e-01
-3.193538461535976036e-02
-3.193538461535976036e-02
-3.193538461535976036e-02
-1.288769230768663510e-01
-1.288769230768663510e-01
0.000000000000000000e+00
-1.010399999999703896e-01
0.000000000000000000e+00
0.000000000000000000e+00
0.000000000000000000e+00
0.000000000000000000e+00
0.000000000000000000e+00
2.714769230772066944e-02
2.714769230772066944e-02
2.714769230772066944e-02
-1.186492307691805470e-01
-1.884369230768948578e-01
-4.864615384612409887e-02
-4.864615384612409887e-02
-4.864615384612409887e-02
-4.864615384612409887e-02
0.000000000000000000e+00
0.000000000000000000e+00
0.000000000000000000e+00
0.000000000000000000e+00
8.039076923079822856e-02
8.039076923079822856e-02
8.039076923079822856e-02
8.039076923079822856e-02
8.039076923079822856e-02
0.000000000000000000e+00
0.000000000000000000e+00
0.000000000000000000e+00
0.000000000000000000e+00
-3.871999999991861119e-02
-1.851569230768438379e-01
-5.083723076922611606e-01
-5.083723076922611606e-01
-5.083723076922611606e-01
-3.818738461537962148e-01
-3.818738461537962148e-01
-3.818738461537962148e-01
-2.553753846153329343e-01
0.000000000000000000e+00
0.000000000000000000e+00
0.000000000000000000e+00
0.000000000000000000e+00
0.000000000000000000e+00
0.000000000000000000e+00
0.000000000000000000e+00
0.000000000000000000e+00
-2.340615384613337416e-02
0.000000000000000000e+00
0.000000000000000000e+00
-9.694153846150659060e-02
-9.694153846150659060e-02
-9.694153846150659060e-02
-2.234399999999715225e-01
-9.694153846150659060e-02
-9.694153846150659060e-02
-2.132092307691774713e-01
-2.968584615384114445e-01
-2.270215384615110465e-01
-1.112676923076643815e-01
-1.112676923076643815e-01
-1.112676923076643815e-01
-1.112676923076643815e-01
0.000000000000000000e+00
0.000000000000000000e+00
0.000000000000000000e+00
0.000000000000000000e+00
-4.864615384612259313e-02
-4.864615384612259313e-02
-1.884369230768948578e-01
-2.663138461537670754e-01
-2.663138461537670754e-01
-2.663138461537670754e-01
1.141938461539033917e-01
1.141938461539033917e-01
2.714769230772066944e-02
2.714769230772066944e-02
2.714769230772066944e-02
2.714769230772066944e-02
0.000000000000000000e+00
0.000000000000000000e+00
0.000000000000000000e+00
0.000000000000000000e+00
0.000000000000000000e+00
-1.268276923076433471e-01
-1.268276923076433471e-01
-1.268276923076433471e-01
-1.268276923076433471e-01
-1.268276923076433471e-01
-3.818738461537962148e-01
-2.553753846153312690e-01
-1.584338461538246923e-01
-3.193538461535976036e-02
0.000000000000000000e+00
8.039076923079659098e-02
8.039076923079659098e-02
8.039076923079659098e-02
0.000000000000000000e+00
0.000000000000000000e+00
0.000000000000000000e+00
-1.186492307691756343e-01
-1.186492307691756343e-01
7.725230769236683670e-02
-7.583076923071123410e-02
-7.583076923071123410e-02
-7.583076923071123410e-02
-1.622953846153564750e-01
-1.622953846153564750e-01
-1.622953846153564750e-01
-2.714030769230503237e-01
-1.382584615384323812e-01
-1.756399999999484762e-01
-7.459999999997808662e-02
-2.975415384614852332e-01
-2.975415384614852332e-01
-1.710430769230219250e-01
-7.410153846151533441e-02
-7.410153846151533441e-02
-7.410153846151533441e-02
-7.410153846151533441e-02
0.000000000000000000e+00
0.000000000000000000e+00
0.000000000000000000e+00
-9.387692307689476934e-02
-9.387692307689476934e-02
-9.387692307689476934e-02
0.000000000000000000e+00
-6.983692307690042567e-02
-1.637138461537919198e-01
