5.014105234789158594e+00
5.014105234789158594e+00
5.014105234789158594e+00
5.014105234789158594e+00
5.014105234789158594e+00
5.318364361489232195e+00
5.318364361489232195e+00
5.014105234789158594e+00
5.014105234789158594e+00
4.627562643522158403e+00
4.917469586972408990e+00
4.917469586972408990e+00
4.917469586972408990e+00
4.917469586972408990e+00
5.210991419470621722e+00
5.210991419470621722e+00
5.210991419470621722e+00
5.210991419470621722e+00
5.110740882605910862e+00
5.425737303507846221e+00
5.425737303507846221e+00
5.425737303507846221e+00
5.425737303507846221e+00
5.425737303507846221e+00
5.110740882605907309e+00
5.110740882605907309e+00
5.110740882605907309e+00
4.627562643522158403e+00
4.627562643522158403e+00
4.627562643522158403e+00
4.627562643522158403e+00
4.627562643522158403e+00
4.627562643522158403e+00
4.917469586972408990e+00
5.210991419470621722e+00
5.210991419470621722e+00
5.014105234789158594e+00
5.014105234789158594e+00
5.014105234789158594e+00
5.014105234789158594e+00
5.014105234789158594e+00
5.014105234789158594e+00
5.014105234789158594e+00
4.724198291338903566e+00
5.014105234789155041e+00
5.014105234789155041e+00
5.014105234789155041e+00
5.014105234789155041e+00
5.014105234789155041e+00
5.014105234789155041e+00
4.724198291338903566e+00
4.724198291338903566e+00
4.724198291338903566e+00
5.014105234789158594e+00
5.425737303507842668e+00
5.425737303507842668e+00
5.425737303507842668e+00
5.425737303507842668e+00
5.110740882605907309e+00
5.110740882605907309e+00
4.820833939155656722e+00
4.820833939155656722e+00
4.820833939155656722e+00
5.425737303507846221e+00
5.425737303507846221e+00
5.425737303507846221e+00
5.425737303507846221e+00
5.425737303507846221e+00
5.425737303507846221e+00
5.110740882605910862e+00
5.110740882605910862e+00
4.820833939155656722e+00
4.724198291338903566e+00
4.724198291338903566e+00
5.014105234789158594e+00
5.014105234789158594e+00
5.014105234789158594e+00
5.014105234789158594e+00
5.014105234789158594e+00
5.318364361489232195e+00
5.318364361489232195e+00
4.724198291338907119e+00
4.724198291338907119e+00
4.724198291338907119e+00
4.724198291338907119e+00
4.724198291338907119e+00
4.724198291338907119e+00
5.014105234789158594e+00
5.014105234789158594e+00
5.318364361489232195e+00
5.110740882605907309e+00
5.110740882605907309e+00
4.820833939155656722e+00
4.820833939155656722e+00
4.530926995705405247e+00
4.530926995705405247e+00
4.530926995705405247e+00
4.530926995705405247e+00
4.530926995705405247e+00
5.318364361489232195e+00
5.318364361489232195e+00
5.318364361489232195e+00
5.318364361489232195e+00
5.014105234789158594e+00
4.724198291338907119e+00
4.724198291338907119e+00
4.724198291338907119e+00
4.724198291338907119e+00
5.110740882605910862e+00
5.425737303507846221e+00
5.425737303507846221e+00
5.425737303507846221e+00
5.425737303507846221e+00
5.425737303507846221e+00
5.425737303507846221e+00
5.425737303507846221e+00
5.110740882605907309e+00
4.724198291338903566e+00
4.724198291338903566e+00
4.724198291338903566e+00
4.724198291338903566e+00
5.014105234789155041e+00
5.014105234789155041e+00
5.014105234789155041e+00
5.318364361489232195e+00
5.318364361489232195e+00
5.014105234789158594e+00
5.014105234789158594e+00
5.014105234789158594e+00
5.318364361489232195e+00
5.318364361489232195e+00
5.014105234789155041e+00
5.014105234789155041e+00
5.014105234789155041e+00
5.014105234789155041e+00
5.533110245526456694e+00
5.533110245526456694e+00
5.210991419470618169e+00
5.210991419470618169e+00
5.210991419470618169e+00
5.210991419470618169e+00
5.210991419470618169e+00
4.917469586972405438e+00
4.917469586972405438e+00
4.724198291338907119e+00
4.724198291338907119e+00
4.724198291338907119e+00
4.724198291338907119e+00
5.014105234789158594e+00
5.014105234789158594e+00
5.014105234789158594e+00
5.014105234789158594e+00
5.318364361489232195e+00
5.318364361489232195e+00
5.318364361489232195e+00
5.318364361489232195e+00
5.318364361489232195e+00
5.318364361489232195e+00
5.014105234789155041e+00
5.014105234789155041e+00
4.724198291338903566e+00
4.724198291338903566e+00
5.425737303507842668e+00
5.425737303507842668e+00
5.425737303507842668e+00
5.425737303507842668e+00
5.425737303507842668e+00
5.110740882605907309e+00
5.110740882605907309e+00
5.110740882605907309e+00
4.820833939155656722e+00
5.110740882605907309e+00
5.425737303507846221e+00
5.425737303507846221e+00
5.425737303507846221e+00
5.425737303507846221e+00
5.425737303507846221e+00
5.425737303507846221e+00
5.110740882605910862e+00
5.110740882605910862e+00
4.627562643522158403e+00
4.627562643522158403e+00
4.627562643522158403e+00
4.917469586972408990e+00
4.917469586972408990e+00
4.917469586972408990e+00
4.917469586972408990e+00
5.210991419470621722e+00
5.210991419470621722e+00
4.627562643522158403e+00
4.627562643522158403e+00
4.627562643522158403e+00
4.627562643522158403e+00
4.917469586972408990e+00
5.210991419470621722e+00
5.210991419470621722e+00
5.210991419470621722e+00
5.210991419470621722e+00
4.820833939155656722e+00
4.530926995705405247e+00
4.530926995705405247e+00
4.530926995705405247e+00
4.530926995705405247e+00
4.530926995705405247e+00
4.530926995705405247e+00
4.530926995705405247e+00
4.820833939155656722e+00
4.917469586972405438e+00
5.210991419470618169e+00
5.210991419470618169e+00
5.210991419470618169e+00
5.533110245526456694e+00
5.533110245526456694e+00
5.533110245526456694e+00
5.533110245526456694e+00
5.533110245526456694e+00
4.820833939155656722e+00
4.530926995705405247e+00
4.530926995705405247e+00
4.530926995705405247e+00
4.530926995705405247e+00
4.530926995705405247e+00
4.530926995705405247e+00
4.820833939155656722e+00
4.820833939155656722e+00
5.014105234789158594e+00
5.014105234789158594e+00
5.318364361489232195e+00
5.318364361489232195e+00
5.318364361489232195e+00
5.318364361489232195e+00
5.014105234789158594e+00
5.014105234789158594e+00
5.014105234789158594e+00
4.530926995705405247e+00
4.530926995705405247e+00
4.820833939155656722e+00
4.820833939155656722e+00
5.110740882605907309e+00
5.110740882605907309e+00
5.110740882605907309e+00
5.110740882605907309e+00
5.110740882605907309e+00
5.318364361489232195e+00
5.318364361489232195e+00
5.318364361489232195e+00
5.318364361489232195e+00
5.318364361489232195e+00
5.014105234789158594e+00
5.014105234789158594e+00
5.014105234789158594e+00
4.724198291338903566e+00
5.110740882605907309e+00
5.110740882605907309e+00
4.820833939155656722e+00
4.820833939155656722e+00
4.820833939155656722e+00
4.820833939155656722e+00
4.820833939155656722e+00
4.530926995705405247e+00
4.530926995705405247e+00
5.210991419470618169e+00
5.533110245526456694e+00
5.533110245526456694e+00
5.533110245526456694e+00
5.533110245526456694e+00
5.533110245526456694e+00
5.533110245526456694e+00
5.210991419470621722e+00
5.210991419470621722e+00
4.820833939155656722e+00
4.820833939155656722e+00
4.530926995705405247e+00
4.530926995705405247e+00
4.530926995705405247e+00
4.820833939155656722e+00
4.820833939155656722e+00
4.820833939155656722e+00
4.820833939155656722e+00
5.014105234789158594e+00
5.014105234789158594e+00
5.318364361489232195e+00
5.318364361489232195e+00
5.014105234789158594e+00
5.014105234789158594e+00
5.014105234789158594e+00
5.014105234789158594e+00
5.014105234789158594e+00
5.014105234789158594e+00
5.014105234789158594e+00
5.014105234789158594e+00
4.724198291338907119e+00
5.014105234789158594e+00
5.014105234789158594e+00
5.014105234789158594e+00
5.014105234789158594e+00
5.014105234789158594e+00
5.110740882605910862e+00
5.110740882605910862e+00
5.110740882605910862e+00
5.425737303507846221e+00
5.425737303507846221e+00
5.425737303507846221e+00
5.110740882605907309e+00
5.110740882605907309e+00
5.110740882605907309e+00
5.210991419470618169e+00
5.210991419470618169e+00
4.917469586972405438e+00
4.917469586972405438e+00
4.917469586972405438e+00
4.917469586972405438e+00
5.210991419470621722e+00
5.210991419470621722e+00
5.210991419470621722e+00
4.820833939155656722e+00
4.820833939155656722e+00
4.820833939155656722e+00
4.820833939155656722e+00
5.110740882605910862e+00
5.425737303507846221e+00
5.425737303507846221e+00
5.425737303507846221e+00
5.425737303507846221e+00
4.627562643522154850e+00
4.627562643522154850e+00
4.917469586972405438e+00
4.917469586972405438e+00
4.917469586972405438e+00
4.917469586972405438e+00
5.210991419470618169e+00
5.210991419470618169e+00
5.210991419470618169e+00
5.425737303507846221e+00
5.425737303507846221e+00
5.425737303507846221e+00
5.425737303507846221e+00
5.425737303507846221e+00
5.110740882605910862e+00
5.110740882605910862e+00
5.110740882605910862e+00
4.820833939155656722e+00
5.210991419470618169e+00
5.533110245526456694e+00
5.533110245526456694e+00
5.533110245526456694e+00
5.210991419470621722e+00
5.210991419470621722e+00
5.210991419470621722e+00
5.210991419470621722e+00
5.210991419470621722e+00
5.210991419470618169e+00
5.210991419470618169e+00
5.210991419470618169e+00
4.917469586972405438e+00
5.210991419470621722e+00
5.210991419470621722e+00
5.210991419470621722e+00
5.210991419470621722e+00
5.210991419470621722e+00
5.110740882605907309e+00
5.110740882605907309e+00
5.110740882605907309e+00
5.110740882605907309e+00
5.425737303507842668e+00
5.110740882605907309e+00
5.110740882605907309e+00
5.110740882605907309e+00
5.110740882605907309e+00
4.724198291338907119e+00
4.724198291338907119e+00
4.724198291338907119e+00
5.014105234789158594e+00
5.014105234789158594e+00
5.014105234789158594e+00
5.014105234789158594e+00
5.014105234789158594e+00
5.318364361489232195e+00
5.425737303507846221e+00
5.425737303507846221e+00
5.110740882605910862e+00
5.110740882605910862e+00
5.110740882605910862e+00
5.110740882605910862e+00
5.110740882605910862e+00
4.820833939155656722e+00
4.820833939155656722e+00
4.820833939155656722e+00
4.530926995705405247e+00
4.530926995705405247e+00
4.530926995705405247e+00
4.530926995705405247e+00
4.820833939155656722e+00
4.820833939155656722e+00
4.820833939155656722e+00
4.820833939155656722e+00
4.530926995705405247e+00
4.530926995705405247e+00
4.530926995705405247e+00
4.530926995705405247e+00
4.530926995705405247e+00
4.820833939155656722e+00
4.820833939155656722e+00
4.820833939155656722e+00
5.110740882605907309e+00
5.014105234789158594e+00
5.014105234789158594e+00
4.724198291338903566e+00
5.014105234789155041e+00
5.014105234789155041e+00
5.014105234789155041e+00
5.014105234789155041e+00
5.014105234789155041e+00
5.014105234789155041e+00
5.014105234789158594e+00
5.014105234789158594e+00
5.014105234789158594e+00
5.014105234789158594e+00
5.014105234789158594e+00
5.014105234789158594e+00
5.014105234789158594e+00
5.318364361489232195e+00
5.014105234789158594e+00
4.820833939155656722e+00
4.820833939155656722e+00
4.820833939155656722e+00
5.110740882605907309e+00
4.820833939155656722e+00
4.820833939155656722e+00
4.820833939155656722e+00
4.820833939155656722e+00
4.820833939155656722e+00
4.530926995705405247e+00
4.530926995705405247e+00
4.530926995705405247e+00
4.820833939155656722e+00
4.820833939155656722e+00
4.820833939155656722e+00
4.820833939155656722e+00
4.820833939155656722e+00
5.110740882605907309e+00
5.210991419470618169e+00
5.210991419470618169e+00
5.210991419470618169e+00
5.210991419470618169e+00
5.533110245526456694e+00
5.533110245526456694e+00
5.533110245526456694e+00
5.210991419470621722e+00
5.210991419470621722e+00
4.724198291338903566e+00
4.724198291338903566e+00
4.724198291338903566e+00
4.724198291338903566e+00
5.014105234789158594e+00
5.014105234789158594e+00
5.014105234789158594e+00
5.014105234789158594e+00
5.318364361489232195e+00
4.917469586972405438e+00
4.917469586972405438e+00
4.917469586972405438e+00
4.917469586972405438e+00
4.917469586972405438e+00
4.627562643522154850e+00
4.917469586972405438e+00
4.917469586972405438e+00
4.917469586972405438e+00
4.724198291338903566e+00
5.014105234789158594e+00
5.014105234789158594e+00
5.014105234789158594e+00
5.014105234789158594e+00
5.014105234789158594e+00
5.014105234789158594e+00
5.318364361489232195e+00
5.318364361489232195e+00
4.724198291338907119e+00
4.724198291338907119e+00
5.014105234789158594e+00
5.014105234789158594e+00
5.014105234789158594e+00
5.014105234789158594e+00
5.318364361489232195e+00
5.318364361489232195e+00
5.318364361489232195e+00
4.820833939155656722e+00
4.530926995705405247e+00
4.530926995705405247e+00
4.530926995705405247e+00
4.530926995705405247e+00
4.530926995705405247e+00
4.530926995705405247e+00
4.530926995705405247e+00
4.820833939155656722e+00
4.820833939155656722e+00
5.110740882605907309e+00
5.425737303507842668e+00
5.425737303507842668e+00
5.425737303507842668e+00
5.425737303507842668e+00
5.425737303507842668e+00
5.425737303507842668e+00
5.425737303507842668e+00
5.425737303507846221e+00
5.425737303507846221e+00
5.110740882605910862e+00
5.110740882605910862e+00
5.110740882605910862e+00
5.110740882605910862e+00
5.110740882605910862e+00
5.110740882605910862e+00
4.820833939155656722e+00
5.318364361489232195e+00
5.318364361489232195e+00
5.318364361489232195e+00
5.318364361489232195e+00
5.318364361489232195e+00
5.318364361489232195e+00
5.318364361489232195e+00
5.014105234789158594e+00
4.724198291338903566e+00
4.820833939155656722e+00
4.530926995705405247e+00
4.530926995705405247e+00
4.530926995705405247e+00
4.530926995705405247e+00
4.530926995705405247e+00
4.530926995705405247e+00
4.530926995705405247e+00
4.820833939155656722e+00
5.210991419470621722e+00
5.210991419470621722e+00
5.210991419470621722e+00
5.210991419470621722e+00
4.917469586972405438e+00
5.210991419470618169e+00
5.210991419470618169e+00
5.210991419470618169e+00
5.210991419470618169e+00
4.627562643522154850e+00
4.627562643522154850e+00
4.917469586972405438e+00
4.917469586972405438e+00
4.917469586972405438e+00
4.917469586972405438e+00
4.917469586972405438e+00
5.210991419470618169e+00
5.210991419470618169e+00
5.014105234789158594e+00
5.014105234789158594e+00
4.724198291338907119e+00
4.724198291338907119e+00
4.724198291338907119e+00
4.724198291338907119e+00
4.724198291338907119e+00
5.014105234789158594e+00
5.014105234789158594e+00
4.724198291338907119e+00
4.724198291338907119e+00
5.014105234789158594e+00
5.014105234789158594e+00
5.014105234789158594e+00
5.014105234789158594e+00
5.014105234789158594e+00
5.318364361489232195e+00
5.318364361489232195e+00
4.820833939155656722e+00
4.820833939155656722e+00
5.110740882605910862e+00
5.425737303507846221e+00
5.425737303507846221e+00
5.425737303507846221e+00
5.425737303507846221e+00
5.425737303507846221e+00
5.425737303507846221e+00
