9.379262346092191649e+01
9.379262346092191649e+01
9.379262346092191649e+01
9.380425023015268948e+01
9.380972776861422346e+01
9.359888066089237668e+01
9.359888066089237668e+01
9.412824470843945335e+01
9.412824470843945335e+01
9.451462526790776053e+01
9.397235660497607057e+01
9.398567106651452718e+01
9.397424922036067585e+01
9.397476060497606909e+01
9.376391349725422231e+01
9.376391349725422231e+01
9.376391349725422231e+01
9.376391349725422231e+01
9.416087465247390753e+01
9.361891060492683891e+01
9.361396106646530768e+01
9.362727552800376429e+01
9.362727552800376429e+01
9.362727552800376429e+01
9.383812263572561108e+01
9.382480817418714025e+01
9.382480817418714025e+01
9.451554649867698288e+01
9.451554649867699709e+01
9.451554649867699709e+01
9.451554649867699709e+01
9.451554649867699709e+01
9.451554649867699709e+01
9.396981106651453786e+01
9.375896395879269107e+01
9.374564949725422025e+01
9.434058933498960187e+01
9.434058933498961608e+01
9.434058933498961608e+01
9.433603579652807980e+01
9.433603579652807980e+01
9.433603579652807980e+01
9.433603579652807980e+01
9.454688290424992658e+01
9.400088808747207736e+01
9.401041239516437997e+01
9.401041239516437997e+01
9.401041239516437997e+01
9.401041239516437997e+01
9.401041239516437997e+01
9.455143644271146286e+01
9.455143644271146286e+01
9.455143644271146286e+01
9.434058933498961608e+01
9.350727736857484729e+01
9.350727736857484729e+01
9.350853829165176023e+01
9.350853829165176023e+01
9.405050233919884306e+01
9.405796233919883775e+01
9.426880944692067033e+01
9.426880944692067033e+01
9.426880944692068454e+01
9.360064660492683686e+01
9.360763029723452178e+01
9.362094475877299260e+01
9.362094475877299260e+01
9.362094475877299260e+01
9.363425922031144921e+01
9.416413465247390491e+01
9.416413465247390491e+01
9.437498176019575169e+01
9.456479982732685130e+01
9.456479982732685130e+01
9.435395271960500452e+01
9.434058933498961608e+01
9.433332102729731616e+01
9.433332102729731616e+01
9.433332102729731616e+01
9.379238159513484163e+01
9.380636067205792017e+01
9.444526412943636728e+01
9.444434289866714494e+01
9.444108289866714756e+01
9.443952382174407489e+01
9.443952382174407489e+01
9.443952382174407489e+01
9.422867671402222811e+01
9.422867671402222811e+01
9.366205266647514804e+01
9.395179002592375639e+01
9.395179002592375639e+01
9.416263713364560317e+01
9.416263713364560317e+01
9.469200118119269405e+01
9.469200118119267984e+01
9.469200118119267984e+01
9.469471595042345768e+01
9.469277195042344886e+01
9.356069327627699295e+01
9.356069327627699295e+01
9.357334312243084185e+01
9.358599296858469074e+01
9.379684007630653753e+01
9.433909181616130013e+01
9.433909181616130013e+01
9.433909181616130013e+01
9.433909181616130013e+01
9.416952111401239733e+01
9.361396106646530768e+01
9.360064660492683686e+01
9.361396106646529347e+01
9.361396106646529347e+01
9.362727552800376429e+01
9.362727552800376429e+01
9.362727552800376429e+01
9.383812263572561108e+01
9.455220721194223188e+01
9.454416813501916295e+01
9.454416813501916295e+01
9.454416813501916295e+01
9.400322870285668841e+01
9.401720777977976695e+01
9.401720777977976695e+01
9.380636067205792017e+01
9.381122528744253941e+01
9.434058933498960187e+01
9.434058933498960187e+01
9.434058933498960187e+01
9.381122528744253941e+01
9.380636067205792017e+01
9.401720777977976695e+01
9.401720777977976695e+01
9.401486716439515590e+01
9.401973177977976093e+01
9.345831592241115970e+01
9.345831592241114549e+01
9.366916303013299228e+01
9.366368549167145829e+01
9.366368549167145829e+01
9.366368549167145829e+01
9.365103564551760940e+01
9.419330430844929936e+01
9.419330430844929936e+01
9.433875027769977351e+01
9.433875027769977351e+01
9.433129027769976460e+01
9.432545735462284142e+01
9.376310715322961187e+01
9.376310715322961187e+01
9.377575699938346077e+01
9.377575699938346077e+01
9.356490989166161398e+01
9.381122528744253941e+01
9.380888467205792836e+01
9.380888467205791414e+01
9.380888467205791414e+01
9.380888467205791414e+01
9.401973177977976093e+01
9.401973177977976093e+01
9.455415121194222650e+01
9.455415121194222650e+01
9.350727736857484729e+01
9.350727736857484729e+01
9.351992721472868197e+01
9.351992721472868197e+01
9.352540475319023017e+01
9.373625186091207695e+01
9.373625186091207695e+01
9.373077432245052876e+01
9.426880944692068454e+01
9.381593186649485006e+01
9.360508475877300327e+01
9.359177029723453245e+01
9.359177029723453245e+01
9.359177029723453245e+01
9.360508475877300327e+01
9.360508475877300327e+01
9.417370265247392069e+01
9.416321342170468256e+01
9.451554649867698288e+01
9.451554649867698288e+01
9.451554649867698288e+01
9.430469939095513610e+01
9.430469939095513610e+01
9.430469939095513610e+01
9.430469939095513610e+01
9.376835165110037451e+01
9.376784026648499548e+01
9.452001172944622454e+01
9.452001172944622454e+01
9.450952249867698640e+01
9.451554649867699709e+01
9.397868737420684226e+01
9.376784026648499548e+01
9.376784026648499548e+01
9.377278980494654093e+01
9.377278980494654093e+01
9.449451745808623571e+01
9.470536456580808249e+01
9.469200118119267984e+01
9.469200118119269405e+01
9.469200118119269405e+01
9.469200118119269405e+01
9.469200118119269405e+01
9.469200118119269405e+01
9.415777251826099814e+01
9.419852707768005473e+01
9.365627533782530634e+01
9.366790210705606512e+01
9.366790210705606512e+01
9.345705499933421834e+01
9.345705499933421834e+01
9.344440515318038365e+01
9.345705499933421834e+01
9.345705499933421834e+01
9.448115407347083305e+01
9.469200118119267984e+01
9.469200118119267984e+01
9.469200118119267984e+01
9.470004025811576298e+01
9.469809625811576836e+01
9.469809625811576836e+01
9.413679313364561096e+01
9.413679313364561096e+01
9.412824470843945335e+01
9.412824470843945335e+01
9.359020958396929757e+01
9.359147050704622472e+01
9.357882066089237583e+01
9.357755973781544867e+01
9.378840684553729545e+01
9.378840684553729545e+01
9.378840684553729545e+01
9.469200118119269405e+01
9.469200118119269405e+01
9.448115407347084727e+01
9.448115407347083305e+01
9.394944941053914533e+01
9.394944941053914533e+01
9.394944941053914533e+01
9.394944941053914533e+01
9.394944941053914533e+01
9.380888467205791414e+01
9.380888467205791414e+01
9.380888467205792836e+01
9.380888467205792836e+01
9.381122528744253941e+01
9.434058933498961608e+01
9.434058933498960187e+01
9.434058933498960187e+01
9.455143644271144865e+01
9.394692541053915136e+01
9.394692541053915136e+01
9.415777251826099814e+01
9.415777251826099814e+01
9.416263713364561738e+01
9.416263713364560317e+01
9.416263713364560317e+01
9.469200118119267984e+01
9.469200118119267984e+01
9.364910303013299142e+01
9.343825592241114464e+01
9.343277838394961066e+01
9.342012853779576176e+01
9.342012853779576176e+01
9.342012853779576176e+01
9.342012853779576176e+01
9.397499720072745788e+01
9.398245720072745257e+01
9.448386884270161090e+01
9.448386884270161090e+01
9.469471595042345768e+01
9.469471595042345768e+01
9.469200118119267984e+01
9.415563682595329453e+01
9.415563682595330874e+01
9.416263713364561738e+01
9.416263713364561738e+01
9.380425023015268948e+01
9.379160038399884058e+01
9.358075327627699380e+01
9.356912650704622081e+01
9.412302193920868376e+01
9.412302193920868376e+01
9.410837824690098330e+01
9.410837824690098330e+01
9.410837824690098330e+01
9.412790316997791251e+01
9.411325947767021205e+01
9.411325947767021205e+01
9.432410658539205883e+01
9.377997361476808180e+01
9.377997361476808180e+01
9.379262346092191649e+01
9.377997361476806759e+01
9.377997361476806759e+01
9.415300788324314851e+01
9.416413465247391912e+01
9.416413465247391912e+01
9.362538291261914480e+01
9.362538291261914480e+01
9.361396106646530768e+01
9.382480817418715446e+01
9.383419586649483790e+01
9.383419586649483790e+01
9.363519226090222958e+01
9.363519226090222958e+01
9.419465507768008194e+01
9.419106707768006004e+01
9.419072553921853341e+01
9.419818553921852811e+01
9.398733843149669553e+01
9.398733843149669553e+01
9.398733843149669553e+01
9.437498176019575169e+01
9.437498176019575169e+01
9.437526545250345578e+01
9.437526545250345578e+01
9.416441834478160899e+01
9.361396106646529347e+01
9.360064660492683686e+01
9.360064660492683686e+01
9.361396106646530768e+01
9.462443358118284209e+01
9.464040650425975798e+01
9.408436214902037875e+01
9.408436214902037875e+01
9.409214984132806592e+01
9.407817076440500159e+01
9.386732365668314060e+01
9.386732365668314060e+01
9.386732365668314060e+01
9.361839922031144567e+01
9.360508475877298906e+01
9.360508475877298906e+01
9.361839922031145989e+01
9.361839922031145989e+01
9.416413465247391912e+01
9.416413465247391912e+01
9.416413465247391912e+01
9.437498176019576590e+01
9.365753626090223349e+01
9.344668915318038671e+01
9.344668915318038671e+01
9.344121161471883852e+01
9.398767996995822216e+01
9.398767996995822216e+01
9.398245720072745257e+01
9.398245720072745257e+01
9.398245720072745257e+01
9.363940887628685061e+01
9.363940887628685061e+01
9.362675903013300172e+01
9.418489261614161023e+01
9.397404550841976345e+01
9.397404550841976345e+01
9.398868920072746391e+01
9.398868920072746391e+01
9.398510120072744201e+01
9.372234109168130090e+01
9.372781863014284909e+01
9.372781863014284909e+01
9.373944539937360787e+01
9.352859829165176109e+01
9.405796233919883775e+01
9.405796233919883775e+01
9.405796233919883775e+01
9.405796233919883775e+01
9.433909181616128592e+01
9.433909181616128592e+01
9.433909181616128592e+01
9.380846684553729631e+01
9.380972776861422346e+01
9.380846684553729631e+01
9.379684007630653753e+01
9.379684007630653753e+01
9.358599296858469074e+01
9.363425922031144921e+01
9.363425922031144921e+01
9.416413465247390491e+01
9.416413465247390491e+01
9.416321342170468256e+01
9.416413465247390491e+01
9.416413465247390491e+01
9.437498176019575169e+01
9.437852545250343894e+01
9.414611251826100613e+01
9.470004025811576298e+01
9.469200118119269405e+01
9.469200118119269405e+01
9.469200118119269405e+01
9.448115407347084727e+01
9.448115407347084727e+01
9.448115407347084727e+01
9.448115407347084727e+01
9.469200118119267984e+01
9.469200118119269405e+01
9.469200118119269405e+01
9.469200118119269405e+01
9.470004025811576298e+01
9.448919315039391620e+01
9.448919315039391620e+01
9.448919315039391620e+01
9.393060571823146176e+01
9.435733302729730099e+01
9.435733302729730099e+01
9.456818013501914777e+01
9.400010070285668462e+01
9.400788839516437179e+01
9.402186747208745032e+01
9.402186747208745032e+01
9.402207239516437198e+01
9.402207239516437198e+01
9.379684007630653753e+01
9.378419023015268863e+01
9.378419023015268863e+01
9.379581699938344741e+01
9.379581699938344741e+01
9.378316715322961272e+01
9.378316715322961272e+01
9.357232004550776594e+01
9.411325947767021205e+01
9.449984176577852679e+01
9.449984176577852679e+01
9.449984176577852679e+01
9.393447802592378082e+01
9.414532513364562760e+01
9.413134605672253485e+01
9.413913374903022202e+01
9.415311282595330056e+01
9.415311282595330056e+01
9.469200118119267984e+01
9.469200118119267984e+01
9.469200118119267984e+01
9.415097713364561116e+01
9.415097713364561116e+01
9.415097713364561116e+01
9.415097713364561116e+01
9.414611251826099192e+01
9.393526541053914514e+01
9.365331964551759825e+01
9.365331964551759825e+01
9.366596949167144714e+01
9.366596949167144714e+01
9.345512238394961457e+01
9.344542823010345955e+01
9.344542823010345955e+01
9.398767996995822216e+01
9.397757596995822382e+01
9.455143644271146286e+01
9.455143644271146286e+01
9.455143644271146286e+01
9.455143644271146286e+01
9.434058933498961608e+01
9.434330410422037971e+01
9.434330410422037971e+01
9.434330410422037971e+01
9.379936036436562574e+01
9.407351107209731822e+01
9.408749014902038255e+01
9.408749014902038255e+01
9.408749014902038255e+01
9.408749014902038255e+01
9.462171881195207845e+01
9.441087170423023167e+01
9.441087170423021746e+01
9.441087170423023167e+01
9.455947551963453179e+01
9.434862841191269922e+01
9.434862841191268501e+01
9.434862841191268501e+01
9.434862841191269922e+01
9.434058933498961608e+01
9.434058933498961608e+01
9.381122528744253941e+01
9.381122528744252520e+01
9.433521981616129892e+01
9.432057612385361267e+01
9.375889053784499083e+01
9.375889053784499083e+01
9.375889053784499083e+01
9.377154038399883973e+01
9.356069327627699295e+01
9.356069327627699295e+01
9.357334312243084185e+01
9.448115407347083305e+01
9.469200118119267984e+01
9.469200118119269405e+01
9.469200118119267984e+01
9.469200118119267984e+01
9.469200118119267984e+01
9.469200118119267984e+01
9.469200118119267984e+01
9.416029651826099212e+01
9.426880944692068454e+01
9.405796233919883775e+01
9.351890413780560607e+01
9.351890413780560607e+01
9.351890413780560607e+01
9.350625429165177138e+01
9.351890413780560607e+01
9.351890413780560607e+01
9.350727736857484729e+01
9.360508475877298906e+01
9.361206845108067398e+01
9.415300788324314851e+01
9.415300788324314851e+01
9.415300788324314851e+01
9.415300788324314851e+01
9.416413465247390491e+01
9.416413465247390491e+01
9.437498176019575169e+01
9.381122528744253941e+01
9.380636067205792017e+01
9.380636067205792017e+01
9.379238159513484163e+01
9.378459390282715447e+01
9.378459390282715447e+01
9.378459390282715447e+01
9.435200871960500990e+01
9.456285582732684247e+01
9.448386884270161090e+01
9.469471595042345768e+01
9.469471595042345768e+01
9.469471595042345768e+01
9.469200118119269405e+01
9.469200118119269405e+01
9.469200118119269405e+01
9.469200118119269405e+01
9.416263713364560317e+01
9.397499720072745788e+01
9.397499720072745788e+01
9.397499720072745788e+01
9.397499720072745788e+01
9.418584430844930466e+01
9.363097564551760854e+01
9.364362549167145744e+01
9.365331964551759825e+01
9.366596949167144714e+01
9.462171881195206424e+01
9.462975788887514739e+01
9.441891078115330060e+01
9.441891078115330060e+01
9.441087170423023167e+01
9.441087170423021746e+01
9.441087170423021746e+01
9.386964273360622713e+01
9.386964273360622713e+01
9.424214225248375953e+01
9.422683394479145136e+01
9.443768105251329814e+01
9.443768105251329814e+01
9.442903459097483676e+01
9.442903459097483676e+01
9.442903459097483676e+01
9.388875977419699836e+01
9.390207423573545498e+01
9.432152781616130710e+01
9.433163181616130544e+01
9.377997361476806759e+01
9.377997361476806759e+01
9.379262346092191649e+01
9.380231761476807151e+01
9.380231761476807151e+01
9.359147050704622472e+01
9.359147050704622472e+01
9.437498176019576590e+01
9.437498176019576590e+01
9.416413465247391912e+01
9.362538291261914480e+01
9.362538291261914480e+01
9.362538291261914480e+01
9.363477060492684245e+01
9.362778691261915753e+01
9.361839922031145989e+01
