4.178421028990965347e+00
4.178421028990965347e+00
4.178421028990965347e+00
4.178421028990965347e+00
4.178421028990965347e+00
4.455890606657397335e+00
4.455890606657397335e+00
4.178421028990965347e+00
4.178421028990965347e+00
3.856302202935131707e+00
4.097891322477007492e+00
4.097891322477007492e+00
4.097891322477007492e+00
4.097891322477007492e+00
4.348517664638786862e+00
4.348517664638786862e+00
4.348517664638786862e+00
4.348517664638786862e+00
4.258950735504925866e+00
4.563263548676011361e+00
4.563263548676011361e+00
4.563263548676011361e+00
4.563263548676011361e+00
4.563263548676011361e+00
4.258950735504923202e+00
4.258950735504923202e+00
4.258950735504923202e+00
3.856302202935131707e+00
3.856302202935131707e+00
3.856302202935131707e+00
3.856302202935131707e+00
3.856302202935131707e+00
3.856302202935131707e+00
4.097891322477007492e+00
4.348517664638786862e+00
4.348517664638786862e+00
4.178421028990965347e+00
4.178421028990965347e+00
4.178421028990965347e+00
4.178421028990965347e+00
4.178421028990965347e+00
4.178421028990965347e+00
4.178421028990965347e+00
3.936831909449086009e+00
4.178421028990962682e+00
4.178421028990962682e+00
4.178421028990962682e+00
4.178421028990962682e+00
4.178421028990962682e+00
4.178421028990962682e+00
3.936831909449086009e+00
3.936831909449086009e+00
3.936831909449086009e+00
4.178421028990965347e+00
4.563263548676007808e+00
4.563263548676007808e+00
4.563263548676007808e+00
4.563263548676007808e+00
4.258950735504923202e+00
4.258950735504923202e+00
4.017361615963046972e+00
4.017361615963046972e+00
4.017361615963046972e+00
4.563263548676011361e+00
4.563263548676011361e+00
4.563263548676011361e+00
4.563263548676011361e+00
4.563263548676011361e+00
4.563263548676011361e+00
4.258950735504925866e+00
4.258950735504925866e+00
4.017361615963046972e+00
3.936831909449086009e+00
3.936831909449086009e+00
4.178421028990965347e+00
4.178421028990965347e+00
4.178421028990965347e+00
4.178421028990965347e+00
4.178421028990965347e+00
4.455890606657397335e+00
4.455890606657397335e+00
3.936831909449088673e+00
3.936831909449088673e+00
3.936831909449088673e+00
3.936831909449088673e+00
3.936831909449088673e+00
3.936831909449088673e+00
4.178421028990965347e+00
4.178421028990965347e+00
4.455890606657397335e+00
4.258950735504923202e+00
4.258950735504923202e+00
4.017361615963046972e+00
4.017361615963046972e+00
3.775772496421171187e+00
3.775772496421171187e+00
3.775772496421171187e+00
3.775772496421171187e+00
3.775772496421171187e+00
4.455890606657397335e+00
4.455890606657397335e+00
4.455890606657397335e+00
4.455890606657397335e+00
4.178421028990965347e+00
3.936831909449088673e+00
3.936831909449088673e+00
3.936831909449088673e+00
3.936831909449088673e+00
4.258950735504925866e+00
4.563263548676011361e+00
4.563263548676011361e+00
4.563263548676011361e+00
4.563263548676011361e+00
4.563263548676011361e+00
4.563263548676011361e+00
4.563263548676011361e+00
4.258950735504923202e+00
3.936831909449086009e+00
3.936831909449086009e+00
3.936831909449086009e+00
3.936831909449086009e+00
4.178421028990962682e+00
4.178421028990962682e+00
4.178421028990962682e+00
4.455890606657397335e+00
4.455890606657397335e+00
4.178421028990965347e+00
4.178421028990965347e+00
4.178421028990965347e+00
4.455890606657397335e+00
4.455890606657397335e+00
4.178421028990962682e+00
4.178421028990962682e+00
4.178421028990962682e+00
4.178421028990962682e+00
4.670636490694621834e+00
4.670636490694621834e+00
4.348517664638783309e+00
4.348517664638783309e+00
4.348517664638783309e+00
4.348517664638783309e+00
4.348517664638783309e+00
4.097891322477004827e+00
4.097891322477004827e+00
3.936831909449088673e+00
3.936831909449088673e+00
3.936831909449088673e+00
3.936831909449088673e+00
4.178421028990965347e+00
4.178421028990965347e+00
4.178421028990965347e+00
4.178421028990965347e+00
4.455890606657397335e+00
4.455890606657397335e+00
4.455890606657397335e+00
4.455890606657397335e+00
4.455890606657397335e+00
4.455890606657397335e+00
4.178421028990962682e+00
4.178421028990962682e+00
3.936831909449086009e+00
3.936831909449086009e+00
4.563263548676007808e+00
4.563263548676007808e+00
4.563263548676007808e+00
4.563263548676007808e+00
4.563263548676007808e+00
4.258950735504923202e+00
4.258950735504923202e+00
4.258950735504923202e+00
4.017361615963046972e+00
4.258950735504923202e+00
4.563263548676011361e+00
4.563263548676011361e+00
4.563263548676011361e+00
4.563263548676011361e+00
4.563263548676011361e+00
4.563263548676011361e+00
4.258950735504925866e+00
4.258950735504925866e+00
3.856302202935131707e+00
3.856302202935131707e+00
3.856302202935131707e+00
4.097891322477007492e+00
4.097891322477007492e+00
4.097891322477007492e+00
4.097891322477007492e+00
4.348517664638786862e+00
4.348517664638786862e+00
3.856302202935131707e+00
3.856302202935131707e+00
3.856302202935131707e+00
3.856302202935131707e+00
4.097891322477007492e+00
4.348517664638786862e+00
4.348517664638786862e+00
4.348517664638786862e+00
4.348517664638786862e+00
4.017361615963046972e+00
3.775772496421171187e+00
3.775772496421171187e+00
3.775772496421171187e+00
3.775772496421171187e+00
3.775772496421171187e+00
3.775772496421171187e+00
3.775772496421171187e+00
4.017361615963046972e+00
4.097891322477004827e+00
4.348517664638783309e+00
4.348517664638783309e+00
4.348517664638783309e+00
4.670636490694621834e+00
4.670636490694621834e+00
4.670636490694621834e+00
4.670636490694621834e+00
4.670636490694621834e+00
4.017361615963046972e+00
3.775772496421171187e+00
3.775772496421171187e+00
3.775772496421171187e+00
3.775772496421171187e+00
3.775772496421171187e+00
3.775772496421171187e+00
4.017361615963046972e+00
4.017361615963046972e+00
4.178421028990965347e+00
4.178421028990965347e+00
4.455890606657397335e+00
4.455890606657397335e+00
4.455890606657397335e+00
4.455890606657397335e+00
4.178421028990965347e+00
4.178421028990965347e+00
4.178421028990965347e+00
3.775772496421171187e+00
3.775772496421171187e+00
4.017361615963046972e+00
4.017361615963046972e+00
4.258950735504923202e+00
4.258950735504923202e+00
4.258950735504923202e+00
4.258950735504923202e+00
4.258950735504923202e+00
4.455890606657397335e+00
4.455890606657397335e+00
4.455890606657397335e+00
4.455890606657397335e+00
4.455890606657397335e+00
4.178421028990965347e+00
4.178421028990965347e+00
4.178421028990965347e+00
3.936831909449086009e+00
4.258950735504923202e+00
4.258950735504923202e+00
4.017361615963046972e+00
4.017361615963046972e+00
4.017361615963046972e+00
4.017361615963046972e+00
4.017361615963046972e+00
3.775772496421171187e+00
3.775772496421171187e+00
4.348517664638783309e+00
4.670636490694621834e+00
4.670636490694621834e+00
4.670636490694621834e+00
4.670636490694621834e+00
4.670636490694621834e+00
4.670636490694621834e+00
4.348517664638786862e+00
4.348517664638786862e+00
4.017361615963046972e+00
4.017361615963046972e+00
3.775772496421171187e+00
3.775772496421171187e+00
3.775772496421171187e+00
4.017361615963046972e+00
4.017361615963046972e+00
4.017361615963046972e+00
4.017361615963046972e+00
4.178421028990965347e+00
4.178421028990965347e+00
4.455890606657397335e+00
4.455890606657397335e+00
4.178421028990965347e+00
4.178421028990965347e+00
4.178421028990965347e+00
4.178421028990965347e+00
4.178421028990965347e+00
4.178421028990965347e+00
4.178421028990965347e+00
4.178421028990965347e+00
3.936831909449088673e+00
4.178421028990965347e+00
4.178421028990965347e+00
4.178421028990965347e+00
4.178421028990965347e+00
4.178421028990965347e+00
4.258950735504925866e+00
4.258950735504925866e+00
4.258950735504925866e+00
4.563263548676011361e+00
4.563263548676011361e+00
4.563263548676011361e+00
4.258950735504923202e+00
4.258950735504923202e+00
4.258950735504923202e+00
4.348517664638783309e+00
4.348517664638783309e+00
4.097891322477004827e+00
4.097891322477004827e+00
4.097891322477004827e+00
4.097891322477004827e+00
4.348517664638786862e+00
4.348517664638786862e+00
4.348517664638786862e+00
4.017361615963046972e+00
4.017361615963046972e+00
4.017361615963046972e+00
4.017361615963046972e+00
4.258950735504925866e+00
4.563263548676011361e+00
4.563263548676011361e+00
4.563263548676011361e+00
4.563263548676011361e+00
3.856302202935128154e+00
3.856302202935128154e+00
4.097891322477004827e+00
4.097891322477004827e+00
4.097891322477004827e+00
4.097891322477004827e+00
4.348517664638783309e+00
4.348517664638783309e+00
4.348517664638783309e+00
4.563263548676011361e+00
4.563263548676011361e+00
4.563263548676011361e+00
4.563263548676011361e+00
4.563263548676011361e+00
4.258950735504925866e+00
4.258950735504925866e+00
4.258950735504925866e+00
4.017361615963046972e+00
4.348517664638783309e+00
4.670636490694621834e+00
4.670636490694621834e+00
4.670636490694621834e+00
4.348517664638786862e+00
4.348517664638786862e+00
4.348517664638786862e+00
4.348517664638786862e+00
4.348517664638786862e+00
4.348517664638783309e+00
4.348517664638783309e+00
4.348517664638783309e+00
4.097891322477004827e+00
4.348517664638786862e+00
4.348517664638786862e+00
4.348517664638786862e+00
4.348517664638786862e+00
4.348517664638786862e+00
4.258950735504923202e+00
4.258950735504923202e+00
4.258950735504923202e+00
4.258950735504923202e+00
4.563263548676007808e+00
4.258950735504923202e+00
4.258950735504923202e+00
4.258950735504923202e+00
4.258950735504923202e+00
3.936831909449088673e+00
3.936831909449088673e+00
3.936831909449088673e+00
4.178421028990965347e+00
4.178421028990965347e+00
4.178421028990965347e+00
4.178421028990965347e+00
4.178421028990965347e+00
4.455890606657397335e+00
4.563263548676011361e+00
4.563263548676011361e+00
4.258950735504925866e+00
4.258950735504925866e+00
4.258950735504925866e+00
4.258950735504925866e+00
4.258950735504925866e+00
4.017361615963046972e+00
4.017361615963046972e+00
4.017361615963046972e+00
3.775772496421171187e+00
3.775772496421171187e+00
3.775772496421171187e+00
3.775772496421171187e+00
4.017361615963046972e+00
4.017361615963046972e+00
4.017361615963046972e+00
4.017361615963046972e+00
3.775772496421171187e+00
3.775772496421171187e+00
3.775772496421171187e+00
3.775772496421171187e+00
3.775772496421171187e+00
4.017361615963046972e+00
4.017361615963046972e+00
4.017361615963046972e+00
4.258950735504923202e+00
4.178421028990965347e+00
4.178421028990965347e+00
3.936831909449086009e+00
4.178421028990962682e+00
4.178421028990962682e+00
4.178421028990962682e+00
4.178421028990962682e+00
4.178421028990962682e+00
4.178421028990962682e+00
4.178421028990965347e+00
4.178421028990965347e+00
4.178421028990965347e+00
4.178421028990965347e+00
4.178421028990965347e+00
4.178421028990965347e+00
4.178421028990965347e+00
4.455890606657397335e+00
4.178421028990965347e+00
4.017361615963046972e+00
4.017361615963046972e+00
4.017361615963046972e+00
4.258950735504923202e+00
4.017361615963046972e+00
4.017361615963046972e+00
4.017361615963046972e+00
4.017361615963046972e+00
4.017361615963046972e+00
3.775772496421171187e+00
3.775772496421171187e+00
3.775772496421171187e+00
4.017361615963046972e+00
4.017361615963046972e+00
4.017361615963046972e+00
4.017361615963046972e+00
4.017361615963046972e+00
4.258950735504923202e+00
4.348517664638783309e+00
4.348517664638783309e+00
4.348517664638783309e+00
4.348517664638783309e+00
4.670636490694621834e+00
4.670636490694621834e+00
4.670636490694621834e+00
4.348517664638786862e+00
4.348517664638786862e+00
3.936831909449086009e+00
3.936831909449086009e+00
3.936831909449086009e+00
3.936831909449086009e+00
4.178421028990965347e+00
4.178421028990965347e+00
4.178421028990965347e+00
4.178421028990965347e+00
4.455890606657397335e+00
4.097891322477004827e+00
4.097891322477004827e+00
4.097891322477004827e+00
4.097891322477004827e+00
4.097891322477004827e+00
3.856302202935128154e+00
4.097891322477004827e+00
4.097891322477004827e+00
4.097891322477004827e+00
3.936831909449086009e+00
4.178421028990965347e+00
4.178421028990965347e+00
4.178421028990965347e+00
4.178421028990965347e+00
4.178421028990965347e+00
4.178421028990965347e+00
4.455890606657397335e+00
4.455890606657397335e+00
3.936831909449088673e+00
3.936831909449088673e+00
4.178421028990965347e+00
4.178421028990965347e+00
4.178421028990965347e+00
4.178421028990965347e+00
4.455890606657397335e+00
4.455890606657397335e+00
4.455890606657397335e+00
4.017361615963046972e+00
3.775772496421171187e+00
3.775772496421171187e+00
3.775772496421171187e+00
3.775772496421171187e+00
3.775772496421171187e+00
3.775772496421171187e+00
3.775772496421171187e+00
4.017361615963046972e+00
4.017361615963046972e+00
4.258950735504923202e+00
4.563263548676007808e+00
4.563263548676007808e+00
4.563263548676007808e+00
4.563263548676007808e+00
4.563263548676007808e+00
4.563263548676007808e+00
4.563263548676007808e+00
4.563263548676011361e+00
4.563263548676011361e+00
4.258950735504925866e+00
4.258950735504925866e+00
4.258950735504925866e+00
4.258950735504925866e+00
4.258950735504925866e+00
4.258950735504925866e+00
4.017361615963046972e+00
4.455890606657397335e+00
4.455890606657397335e+00
4.455890606657397335e+00
4.455890606657397335e+00
4.455890606657397335e+00
4.455890606657397335e+00
4.455890606657397335e+00
4.178421028990965347e+00
3.936831909449086009e+00
4.017361615963046972e+00
3.775772496421171187e+00
3.775772496421171187e+00
3.775772496421171187e+00
3.775772496421171187e+00
3.775772496421171187e+00
3.775772496421171187e+00
3.775772496421171187e+00
4.017361615963046972e+00
4.348517664638786862e+00
4.348517664638786862e+00
4.348517664638786862e+00
4.348517664638786862e+00
4.097891322477004827e+00
4.348517664638783309e+00
4.348517664638783309e+00
4.348517664638783309e+00
4.348517664638783309e+00
3.856302202935128154e+00
3.856302202935128154e+00
4.097891322477004827e+00
4.097891322477004827e+00
4.097891322477004827e+00
4.097891322477004827e+00
4.097891322477004827e+00
4.348517664638783309e+00
4.348517664638783309e+00
4.178421028990965347e+00
4.178421028990965347e+00
3.936831909449088673e+00
3.936831909449088673e+00
3.936831909449088673e+00
3.936831909449088673e+00
3.936831909449088673e+00
4.178421028990965347e+00
4.178421028990965347e+00
3.936831909449088673e+00
3.936831909449088673e+00
4.178421028990965347e+00
4.178421028990965347e+00
4.178421028990965347e+00
4.178421028990965347e+00
4.178421028990965347e+00
4.455890606657397335e+00
4.455890606657397335e+00
4.017361615963046972e+00
4.017361615963046972e+00
4.258950735504925866e+00
4.563263548676011361e+00
4.563263548676011361e+00
4.563263548676011361e+00
4.563263548676011361e+00
4.563263548676011361e+00
4.563263548676011361e+00
