8.573043736578969121e-01
8.573043736578969121e-01
8.573043736578969121e-01
8.573043736578969121e-01
8.573043736578969121e-01
1.179423199713731440e+00
1.179423199713731440e+00
8.573043736578969121e-01
8.573043736578969121e-01
4.278126055834525210e-01
7.499314316392868829e-01
7.499314316392868829e-01
7.499314316392868829e-01
7.499314316392868829e-01
1.072050257695121189e+00
1.072050257695121189e+00
1.072050257695121189e+00
1.072050257695121189e+00
9.646773156765109380e-01
1.286796141732345466e+00
1.286796141732345466e+00
1.286796141732345466e+00
1.286796141732345466e+00
1.286796141732345466e+00
9.646773156765071633e-01
9.646773156765071633e-01
9.646773156765071633e-01
4.278126055834525210e-01
4.278126055834525210e-01
4.278126055834525210e-01
4.278126055834525210e-01
4.278126055834525210e-01
4.278126055834525210e-01
7.499314316392868829e-01
1.072050257695121189e+00
1.072050257695121189e+00
8.573043736578969121e-01
8.573043736578969121e-01
8.573043736578969121e-01
8.573043736578969121e-01
8.573043736578969121e-01
8.573043736578969121e-01
8.573043736578969121e-01
5.351855476020588309e-01
8.573043736578931373e-01
8.573043736578931373e-01
8.573043736578931373e-01
8.573043736578931373e-01
8.573043736578931373e-01
8.573043736578931373e-01
5.351855476020588309e-01
5.351855476020588309e-01
5.351855476020588309e-01
8.573043736578969121e-01
1.286796141732341692e+00
1.286796141732341692e+00
1.286796141732341692e+00
1.286796141732341692e+00
9.646773156765071633e-01
9.646773156765071633e-01
6.425584896206728569e-01
6.425584896206728569e-01
6.425584896206728569e-01
1.286796141732345466e+00
1.286796141732345466e+00
1.286796141732345466e+00
1.286796141732345466e+00
1.286796141732345466e+00
1.286796141732345466e+00
9.646773156765109380e-01
9.646773156765109380e-01
6.425584896206728569e-01
5.351855476020588309e-01
5.351855476020588309e-01
8.573043736578969121e-01
8.573043736578969121e-01
8.573043736578969121e-01
8.573043736578969121e-01
8.573043736578969121e-01
1.179423199713731440e+00
1.179423199713731440e+00
5.351855476020626057e-01
5.351855476020626057e-01
5.351855476020626057e-01
5.351855476020626057e-01
5.351855476020626057e-01
5.351855476020626057e-01
8.573043736578969121e-01
8.573043736578969121e-01
1.179423199713731440e+00
9.646773156765071633e-01
9.646773156765071633e-01
6.425584896206728569e-01
6.425584896206728569e-01
3.204396635648383840e-01
3.204396635648383840e-01
3.204396635648383840e-01
3.204396635648383840e-01
3.204396635648383840e-01
1.179423199713731440e+00
1.179423199713731440e+00
1.179423199713731440e+00
1.179423199713731440e+00
8.573043736578969121e-01
5.351855476020626057e-01
5.351855476020626057e-01
5.351855476020626057e-01
5.351855476020626057e-01
9.646773156765109380e-01
1.286796141732345466e+00
1.286796141732345466e+00
1.286796141732345466e+00
1.286796141732345466e+00
1.286796141732345466e+00
1.286796141732345466e+00
1.286796141732345466e+00
9.646773156765071633e-01
5.351855476020588309e-01
5.351855476020588309e-01
5.351855476020588309e-01
5.351855476020588309e-01
8.573043736578931373e-01
8.573043736578931373e-01
8.573043736578931373e-01
1.179423199713731440e+00
1.179423199713731440e+00
8.573043736578969121e-01
8.573043736578969121e-01
8.573043736578969121e-01
1.179423199713731440e+00
1.179423199713731440e+00
8.573043736578931373e-01
8.573043736578931373e-01
8.573043736578931373e-01
8.573043736578931373e-01
1.394169083750955496e+00
1.394169083750955496e+00
1.072050257695117415e+00
1.072050257695117415e+00
1.072050257695117415e+00
1.072050257695117415e+00
1.072050257695117415e+00
7.499314316392831081e-01
7.499314316392831081e-01
5.351855476020626057e-01
5.351855476020626057e-01
5.351855476020626057e-01
5.351855476020626057e-01
8.573043736578969121e-01
8.573043736578969121e-01
8.573043736578969121e-01
8.573043736578969121e-01
1.179423199713731440e+00
1.179423199713731440e+00
1.179423199713731440e+00
1.179423199713731440e+00
1.179423199713731440e+00
1.179423199713731440e+00
8.573043736578931373e-01
8.573043736578931373e-01
5.351855476020588309e-01
5.351855476020588309e-01
1.286796141732341692e+00
1.286796141732341692e+00
1.286796141732341692e+00
1.286796141732341692e+00
1.286796141732341692e+00
9.646773156765071633e-01
9.646773156765071633e-01
9.646773156765071633e-01
6.425584896206728569e-01
9.646773156765071633e-01
1.286796141732345466e+00
1.286796141732345466e+00
1.286796141732345466e+00
1.286796141732345466e+00
1.286796141732345466e+00
1.286796141732345466e+00
9.646773156765109380e-01
9.646773156765109380e-01
4.278126055834525210e-01
4.278126055834525210e-01
4.278126055834525210e-01
7.499314316392868829e-01
7.499314316392868829e-01
7.499314316392868829e-01
7.499314316392868829e-01
1.072050257695121189e+00
1.072050257695121189e+00
4.278126055834525210e-01
4.278126055834525210e-01
4.278126055834525210e-01
4.278126055834525210e-01
7.499314316392868829e-01
1.072050257695121189e+00
1.072050257695121189e+00
1.072050257695121189e+00
1.072050257695121189e+00
6.425584896206728569e-01
3.204396635648383840e-01
3.204396635648383840e-01
3.204396635648383840e-01
3.204396635648383840e-01
3.204396635648383840e-01
3.204396635648383840e-01
3.204396635648383840e-01
6.425584896206728569e-01
7.499314316392831081e-01
1.072050257695117415e+00
1.072050257695117415e+00
1.072050257695117415e+00
1.394169083750955496e+00
1.394169083750955496e+00
1.394169083750955496e+00
1.394169083750955496e+00
1.394169083750955496e+00
6.425584896206728569e-01
3.204396635648383840e-01
3.204396635648383840e-01
3.204396635648383840e-01
3.204396635648383840e-01
3.204396635648383840e-01
3.204396635648383840e-01
6.425584896206728569e-01
6.425584896206728569e-01
8.573043736578969121e-01
8.573043736578969121e-01
1.179423199713731440e+00
1.179423199713731440e+00
1.179423199713731440e+00
1.179423199713731440e+00
8.573043736578969121e-01
8.573043736578969121e-01
8.573043736578969121e-01
3.204396635648383840e-01
3.204396635648383840e-01
6.425584896206728569e-01
6.425584896206728569e-01
9.646773156765071633e-01
9.646773156765071633e-01
9.646773156765071633e-01
9.646773156765071633e-01
9.646773156765071633e-01
1.179423199713731440e+00
1.179423199713731440e+00
1.179423199713731440e+00
1.179423199713731440e+00
1.179423199713731440e+00
8.573043736578969121e-01
8.573043736578969121e-01
8.573043736578969121e-01
5.351855476020588309e-01
9.646773156765071633e-01
9.646773156765071633e-01
6.425584896206728569e-01
6.425584896206728569e-01
6.425584896206728569e-01
6.425584896206728569e-01
6.425584896206728569e-01
3.204396635648383840e-01
3.204396635648383840e-01
1.072050257695117415e+00
1.394169083750955496e+00
1.394169083750955496e+00
1.394169083750955496e+00
1.394169083750955496e+00
1.394169083750955496e+00
1.394169083750955496e+00
1.072050257695121189e+00
1.072050257695121189e+00
6.425584896206728569e-01
6.425584896206728569e-01
3.204396635648383840e-01
3.204396635648383840e-01
3.204396635648383840e-01
6.425584896206728569e-01
6.425584896206728569e-01
6.425584896206728569e-01
6.425584896206728569e-01
8.573043736578969121e-01
8.573043736578969121e-01
1.179423199713731440e+00
1.179423199713731440e+00
8.573043736578969121e-01
8.573043736578969121e-01
8.573043736578969121e-01
8.573043736578969121e-01
8.573043736578969121e-01
8.573043736578969121e-01
8.573043736578969121e-01
8.573043736578969121e-01
5.351855476020626057e-01
8.573043736578969121e-01
8.573043736578969121e-01
8.573043736578969121e-01
8.573043736578969121e-01
8.573043736578969121e-01
9.646773156765109380e-01
9.646773156765109380e-01
9.646773156765109380e-01
1.286796141732345466e+00
1.286796141732345466e+00
1.286796141732345466e+00
9.646773156765071633e-01
9.646773156765071633e-01
9.646773156765071633e-01
1.072050257695117415e+00
1.072050257695117415e+00
7.499314316392831081e-01
7.499314316392831081e-01
7.499314316392831081e-01
7.499314316392831081e-01
1.072050257695121189e+00
1.072050257695121189e+00
1.072050257695121189e+00
6.425584896206728569e-01
6.425584896206728569e-01
6.425584896206728569e-01
6.425584896206728569e-01
9.646773156765109380e-01
1.286796141732345466e+00
1.286796141732345466e+00
1.286796141732345466e+00
1.286796141732345466e+00
4.278126055834485242e-01
4.278126055834485242e-01
7.499314316392831081e-01
7.499314316392831081e-01
7.499314316392831081e-01
7.499314316392831081e-01
1.072050257695117415e+00
1.072050257695117415e+00
1.072050257695117415e+00
1.286796141732345466e+00
1.286796141732345466e+00
1.286796141732345466e+00
1.286796141732345466e+00
1.286796141732345466e+00
9.646773156765109380e-01
9.646773156765109380e-01
9.646773156765109380e-01
6.425584896206728569e-01
1.072050257695117415e+00
1.394169083750955496e+00
1.394169083750955496e+00
1.394169083750955496e+00
1.072050257695121189e+00
1.072050257695121189e+00
1.072050257695121189e+00
1.072050257695121189e+00
1.072050257695121189e+00
1.072050257695117415e+00
1.072050257695117415e+00
1.072050257695117415e+00
7.499314316392831081e-01
1.072050257695121189e+00
1.072050257695121189e+00
1.072050257695121189e+00
1.072050257695121189e+00
1.072050257695121189e+00
9.646773156765071633e-01
9.646773156765071633e-01
9.646773156765071633e-01
9.646773156765071633e-01
1.286796141732341692e+00
9.646773156765071633e-01
9.646773156765071633e-01
9.646773156765071633e-01
9.646773156765071633e-01
5.351855476020626057e-01
5.351855476020626057e-01
5.351855476020626057e-01
8.573043736578969121e-01
8.573043736578969121e-01
8.573043736578969121e-01
8.573043736578969121e-01
8.573043736578969121e-01
1.179423199713731440e+00
1.286796141732345466e+00
1.286796141732345466e+00
9.646773156765109380e-01
9.646773156765109380e-01
9.646773156765109380e-01
9.646773156765109380e-01
9.646773156765109380e-01
6.425584896206728569e-01
6.425584896206728569e-01
6.425584896206728569e-01
3.204396635648383840e-01
3.204396635648383840e-01
3.204396635648383840e-01
3.204396635648383840e-01
6.425584896206728569e-01
6.425584896206728569e-01
6.425584896206728569e-01
6.425584896206728569e-01
3.204396635648383840e-01
3.204396635648383840e-01
3.204396635648383840e-01
3.204396635648383840e-01
3.204396635648383840e-01
6.425584896206728569e-01
6.425584896206728569e-01
6.425584896206728569e-01
9.646773156765071633e-01
8.573043736578969121e-01
8.573043736578969121e-01
5.351855476020588309e-01
8.573043736578931373e-01
8.573043736578931373e-01
8.573043736578931373e-01
8.573043736578931373e-01
8.573043736578931373e-01
8.573043736578931373e-01
8.573043736578969121e-01
8.573043736578969121e-01
8.573043736578969121e-01
8.573043736578969121e-01
8.573043736578969121e-01
8.573043736578969121e-01
8.573043736578969121e-01
1.179423199713731440e+00
8.573043736578969121e-01
6.425584896206728569e-01
6.425584896206728569e-01
6.425584896206728569e-01
9.646773156765071633e-01
6.425584896206728569e-01
6.425584896206728569e-01
6.425584896206728569e-01
6.425584896206728569e-01
6.425584896206728569e-01
3.204396635648383840e-01
3.204396635648383840e-01
3.204396635648383840e-01
6.425584896206728569e-01
6.425584896206728569e-01
6.425584896206728569e-01
6.425584896206728569e-01
6.425584896206728569e-01
9.646773156765071633e-01
1.072050257695117415e+00
1.072050257695117415e+00
1.072050257695117415e+00
1.072050257695117415e+00
1.394169083750955496e+00
1.394169083750955496e+00
1.394169083750955496e+00
1.072050257695121189e+00
1.072050257695121189e+00
5.351855476020588309e-01
5.351855476020588309e-01
5.351855476020588309e-01
5.351855476020588309e-01
8.573043736578969121e-01
8.573043736578969121e-01
8.573043736578969121e-01
8.573043736578969121e-01
1.179423199713731440e+00
7.499314316392831081e-01
7.499314316392831081e-01
7.499314316392831081e-01
7.499314316392831081e-01
7.499314316392831081e-01
4.278126055834485242e-01
7.499314316392831081e-01
7.499314316392831081e-01
7.499314316392831081e-01
5.351855476020588309e-01
8.573043736578969121e-01
8.573043736578969121e-01
8.573043736578969121e-01
8.573043736578969121e-01
8.573043736578969121e-01
8.573043736578969121e-01
1.179423199713731440e+00
1.179423199713731440e+00
5.351855476020626057e-01
5.351855476020626057e-01
8.573043736578969121e-01
8.573043736578969121e-01
8.573043736578969121e-01
8.573043736578969121e-01
1.179423199713731440e+00
1.179423199713731440e+00
1.179423199713731440e+00
6.425584896206728569e-01
3.204396635648383840e-01
3.204396635648383840e-01
3.204396635648383840e-01
3.204396635648383840e-01
3.204396635648383840e-01
3.204396635648383840e-01
3.204396635648383840e-01
6.425584896206728569e-01
6.425584896206728569e-01
9.646773156765071633e-01
1.286796141732341692e+00
1.286796141732341692e+00
1.286796141732341692e+00
1.286796141732341692e+00
1.286796141732341692e+00
1.286796141732341692e+00
1.286796141732341692e+00
1.286796141732345466e+00
1.286796141732345466e+00
9.646773156765109380e-01
9.646773156765109380e-01
9.646773156765109380e-01
9.646773156765109380e-01
9.646773156765109380e-01
9.646773156765109380e-01
6.425584896206728569e-01
1.179423199713731440e+00
1.179423199713731440e+00
1.179423199713731440e+00
1.179423199713731440e+00
1.179423199713731440e+00
1.179423199713731440e+00
1.179423199713731440e+00
8.573043736578969121e-01
5.351855476020588309e-01
6.425584896206728569e-01
3.204396635648383840e-01
3.204396635648383840e-01
3.204396635648383840e-01
3.204396635648383840e-01
3.204396635648383840e-01
3.204396635648383840e-01
3.204396635648383840e-01
6.425584896206728569e-01
1.072050257695121189e+00
1.072050257695121189e+00
1.072050257695121189e+00
1.072050257695121189e+00
7.499314316392831081e-01
1.072050257695117415e+00
1.072050257695117415e+00
1.072050257695117415e+00
1.072050257695117415e+00
4.278126055834485242e-01
4.278126055834485242e-01
7.499314316392831081e-01
7.499314316392831081e-01
7.499314316392831081e-01
7.499314316392831081e-01
7.499314316392831081e-01
1.072050257695117415e+00
1.072050257695117415e+00
8.573043736578969121e-01
8.573043736578969121e-01
5.351855476020626057e-01
5.351855476020626057e-01
5.351855476020626057e-01
5.351855476020626057e-01
5.351855476020626057e-01
8.573043736578969121e-01
8.573043736578969121e-01
5.351855476020626057e-01
5.351855476020626057e-01
8.573043736578969121e-01
8.573043736578969121e-01
8.573043736578969121e-01
8.573043736578969121e-01
8.573043736578969121e-01
1.179423199713731440e+00
1.179423199713731440e+00
6.425584896206728569e-01
6.425584896206728569e-01
9.646773156765109380e-01
1.286796141732345466e+00
1.286796141732345466e+00
1.286796141732345466e+00
1.286796141732345466e+00
1.286796141732345466e+00
1.286796141732345466e+00
