2.682465309953203914e+01
2.682465309953203914e+01
2.682465309953203914e+01
2.667282554564262753e+01
2.667282554564262753e+01
2.661164451396502884e+01
2.661164451396502884e+01
2.706712717563326009e+01
2.721895472952267170e+01
2.724513107516458277e+01
2.694527165623304299e+01
2.697648065342144719e+01
2.713299424292468842e+01
2.697268496457417086e+01
2.691150393289657217e+01
2.691150393289657217e+01
2.691150393289657217e+01
2.691150393289657217e+01
2.722364076513649778e+01
2.691998565735768523e+01
2.696169137432116258e+01
2.697439053083476068e+01
2.697439053083476068e+01
2.697439053083476068e+01
2.712621808472416518e+01
2.704439990290595830e+01
2.704439990290595830e+01
2.727634007235299052e+01
2.719452189053478364e+01
2.719452189053478364e+01
2.719452189053478364e+01
2.719452189053478364e+01
2.719452189053478364e+01
2.697268496457417086e+01
2.691150393289657217e+01
2.698999502942888284e+01
2.723455922811679031e+01
2.708273167422738226e+01
2.708273167422738226e+01
2.708915154301839223e+01
2.708915154301839223e+01
2.708915154301839223e+01
2.708915154301839223e+01
2.724097909690780384e+01
2.708915154301839223e+01
2.727096972483662896e+01
2.711679915314025280e+01
2.711679915314025280e+01
2.711679915314025280e+01
2.711679915314025280e+01
2.733863607910086557e+01
2.733577759737639923e+01
2.733577759737639923e+01
2.718395004348699473e+01
2.675967637900716412e+01
2.675967637900716412e+01
2.675967637900716412e+01
2.675967637900716412e+01
2.706333148678598377e+01
2.706333148678598377e+01
2.717512170309338870e+01
2.717512170309338870e+01
2.732694925698279320e+01
2.682537459831367954e+01
2.667396878762948376e+01
2.668165388603623356e+01
2.668165388603623356e+01
2.668165388603623356e+01
2.671286288322463776e+01
2.713713654770446482e+01
2.713713654770446482e+01
2.728896410159387642e+01
2.745672417657040398e+01
2.745672417657040398e+01
2.730489662268099238e+01
2.728802689447105934e+01
2.713413748491155175e+01
2.713413748491155175e+01
2.713413748491155175e+01
2.688488725060981110e+01
2.688409062455544785e+01
2.734634944442419169e+01
2.719452189053478364e+01
2.720300361499588959e+01
2.721218824479907994e+01
2.721218824479907994e+01
2.721218824479907994e+01
2.710039802849168211e+01
2.710039802849168211e+01
2.682157890946640322e+01
2.691529962174385204e+01
2.691529962174385204e+01
2.697648065342145074e+01
2.697648065342145074e+01
2.742816762624240923e+01
2.742816762624240212e+01
2.742816762624240212e+01
2.745604953814490656e+01
2.730422198425549851e+01
2.687804563861357821e+01
2.687804563861357821e+01
2.673226307066602914e+01
2.661164451396502884e+01
2.667282554564262753e+01
2.709709921012245459e+01
2.709709921012245459e+01
2.712830820731085879e+01
2.712830820731085879e+01
2.725428743805118970e+01
2.696169137432116258e+01
2.687987319250295570e+01
2.683633992165010085e+01
2.683633992165010085e+01
2.676347206785443689e+01
2.676347206785443689e+01
2.676347206785443689e+01
2.691529962174384849e+01
2.729721152427424968e+01
2.728310655707649701e+01
2.728310655707649701e+01
2.728310655707649701e+01
2.698324713814495723e+01
2.698530899381506032e+01
2.698530899381506032e+01
2.683348143992564161e+01
2.686469043711404581e+01
2.733577759737640278e+01
2.733577759737640278e+01
2.733577759737640278e+01
2.691529962174385204e+01
2.688409062455544785e+01
2.703591817844485945e+01
2.703591817844485945e+01
2.718680852521145397e+01
2.706333148678598732e+01
2.651042614470542347e+01
2.651042614470542347e+01
2.666225369859483507e+01
2.666225369859483507e+01
2.666225369859483507e+01
2.666225369859483507e+01
2.681408125248423957e+01
2.713713654770446126e+01
2.724304095257790337e+01
2.719452189053478008e+01
2.719452189053478008e+01
2.720300361499589314e+01
2.720328477713276172e+01
2.688275994114400547e+01
2.688275994114400547e+01
2.696663997863231188e+01
2.696663997863231188e+01
2.690545894695471318e+01
2.681408125248424668e+01
2.696211311752638196e+01
2.696211311752638196e+01
2.696211311752638196e+01
2.712242239587689241e+01
2.727424994976630401e+01
2.727424994976630401e+01
2.749608687572691679e+01
2.749608687572691679e+01
2.671286288322463420e+01
2.671286288322463420e+01
2.656103532933522970e+01
2.656103532933522970e+01
2.656103532933522970e+01
2.667282554564262753e+01
2.667282554564262753e+01
2.682465309953203914e+01
2.728013576120026329e+01
2.704060421405868553e+01
2.688877666016928103e+01
2.677096972483660409e+01
2.677096972483660409e+01
2.677096972483660409e+01
2.693048237713275839e+01
2.693048237713275839e+01
2.720930149615803018e+01
2.719243176794809713e+01
2.735014513327146801e+01
2.735014513327146801e+01
2.722952657657046771e+01
2.716834554489286901e+01
2.721515904067539182e+01
2.721515904067539182e+01
2.721515904067539182e+01
2.686469043711404225e+01
2.686469043711404225e+01
2.732109171246543156e+01
2.732109171246543156e+01
2.730422198425549851e+01
2.745604953814490656e+01
2.713678993177196475e+01
2.707560890009436605e+01
2.707560890009436605e+01
2.691529962174384849e+01
2.691529962174384849e+01
2.740611499194059775e+01
2.746729602361819644e+01
2.745042629540825985e+01
2.729859874151885180e+01
2.729859874151885180e+01
2.729859874151885180e+01
2.729859874151885180e+01
2.729574025979439256e+01
2.704649002549265191e+01
2.716454985604559624e+01
2.676347206785444044e+01
2.661164451396503594e+01
2.661164451396503594e+01
2.645981696007562434e+01
2.645981696007562434e+01
2.661164451396502884e+01
2.661164451396502884e+01
2.661164451396502884e+01
2.731637740993500429e+01
2.737755844161260299e+01
2.739695862905400148e+01
2.739695862905400148e+01
2.741106359625174704e+01
2.725923604236233899e+01
2.725923604236233899e+01
2.710740848847293449e+01
2.710740848847293449e+01
2.726576822530519451e+01
2.726576822530519451e+01
2.681408125248423957e+01
2.666225369859483507e+01
2.681028556363697035e+01
2.681028556363697035e+01
2.687146659531456905e+01
2.687146659531456905e+01
2.687146659531456905e+01
2.729574025979439256e+01
2.729574025979439256e+01
2.723455922811679386e+01
2.723455922811679386e+01
2.701272230215618109e+01
2.701272230215618109e+01
2.701272230215618109e+01
2.716740833777005193e+01
2.716740833777005193e+01
2.691150393289657572e+01
2.691150393289657572e+01
2.691150393289657572e+01
2.691150393289657572e+01
2.676347206785444044e+01
2.721515904067539893e+01
2.733577759737640278e+01
2.733577759737640278e+01
2.748760515126580728e+01
2.698530899381505321e+01
2.698530899381505321e+01
2.704649002549265191e+01
2.704649002549265191e+01
2.707769902268105611e+01
2.692587146879165161e+01
2.692587146879165161e+01
2.737755844161260299e+01
2.737755844161260299e+01
2.686089474826677659e+01
2.670906719437736498e+01
2.670906719437736498e+01
2.680424057769510071e+01
2.680424057769510071e+01
2.680424057769510071e+01
2.680424057769510071e+01
2.704622745679533224e+01
2.703212248959757957e+01
2.739486850646731142e+01
2.739486850646731142e+01
2.745604953814491012e+01
2.745604953814491012e+01
2.737755844161260299e+01
2.707390333383377978e+01
2.707390333383377978e+01
2.697648065342145074e+01
2.697648065342145074e+01
2.672343473027243377e+01
2.687526228416184537e+01
2.681408125248423957e+01
2.690925463580198240e+01
2.724866419531454298e+01
2.724866419531454298e+01
2.708915154301838868e+01
2.708915154301838868e+01
2.708915154301838868e+01
2.708652736307465858e+01
2.708732398912902184e+01
2.708732398912902184e+01
2.714850502080662054e+01
2.684484991302779733e+01
2.684484991302779733e+01
2.692872995051610374e+01
2.697043566747958110e+01
2.697043566747958110e+01
2.703006063392748004e+01
2.703212248959758313e+01
2.703212248959758313e+01
2.671286288322463776e+01
2.671286288322463776e+01
2.686089474826677304e+01
2.701272230215618464e+01
2.701272230215618464e+01
2.701272230215618464e+01
2.695606813158451942e+01
2.695606813158451942e+01
2.730489662268099238e+01
2.721801752239985461e+01
2.713619934058164773e+01
2.713334085885718849e+01
2.698151330496777689e+01
2.698151330496777689e+01
2.698151330496777689e+01
2.733577759737639568e+01
2.733577759737639568e+01
2.734988256457414835e+01
2.734988256457414835e+01
2.719805501068474385e+01
2.696169137432116258e+01
2.687987319250295570e+01
2.687987319250295570e+01
2.681028556363696680e+01
2.748725853533331431e+01
2.752352845098464584e+01
2.728154157188442142e+01
2.728154157188442142e+01
2.728861748566137280e+01
2.715619011921336323e+01
2.704439990290596540e+01
2.704439990290596540e+01
2.704439990290596540e+01
2.697059484198748436e+01
2.688877666016927748e+01
2.688877666016927748e+01
2.681028556363696680e+01
2.681028556363696680e+01
2.703212248959757957e+01
2.703212248959757957e+01
2.703212248959757957e+01
2.718395004348699118e+01
2.676347206785444044e+01
2.661164451396502884e+01
2.661164451396502884e+01
2.661164451396502884e+01
2.701272230215618464e+01
2.701272230215618464e+01
2.703498097132204592e+01
2.693469980918525053e+01
2.693469980918525053e+01
2.683427806598000487e+01
2.683427806598000487e+01
2.687598378294348223e+01
2.720161639775129103e+01
2.704978884386187943e+01
2.704978884386187943e+01
2.720367825342138701e+01
2.720367825342138701e+01
2.711679915314024925e+01
2.692872995051610374e+01
2.677404391490223290e+01
2.677404391490223290e+01
2.662221636101282840e+01
2.651042614470542347e+01
2.696590880637365473e+01
2.696590880637365473e+01
2.696590880637365473e+01
2.696590880637365473e+01
2.707769902268105966e+01
2.707769902268105966e+01
2.707769902268105966e+01
2.662221636101282840e+01
2.662221636101282840e+01
2.677404391490223290e+01
2.692872995051610374e+01
2.692872995051610374e+01
2.686754891883850505e+01
2.671286288322463776e+01
2.671286288322463776e+01
2.713334085885718849e+01
2.713334085885718849e+01
2.713334085885718494e+01
2.728516841274659299e+01
2.728516841274659299e+01
2.743699596663600460e+01
2.745110093383375727e+01
2.720862685773253631e+01
2.736045441162194791e+01
2.734634944442419879e+01
2.742816762624240923e+01
2.742816762624240923e+01
2.736698659456481053e+01
2.736698659456481053e+01
2.736698659456481053e+01
2.736698659456481053e+01
2.737755844161260299e+01
2.729574025979439256e+01
2.729574025979439256e+01
2.729574025979439256e+01
2.730984522699214168e+01
2.724866419531454298e+01
2.724866419531454298e+01
2.724866419531454298e+01
2.709683664142513848e+01
2.720930149615803373e+01
2.720930149615803373e+01
2.736112905004744533e+01
2.713854235838861939e+01
2.714561827216557077e+01
2.727804563861358034e+01
2.727804563861358034e+01
2.711773636026306278e+01
2.711773636026306278e+01
2.682465309953203914e+01
2.697043566747958110e+01
2.697043566747958110e+01
2.682465309953203914e+01
2.682465309953203914e+01
2.674077306204373272e+01
2.674077306204373272e+01
2.667959203036613403e+01
2.698324713814495723e+01
2.736112905004744178e+01
2.736112905004744178e+01
2.736112905004744178e+01
2.713854235838861584e+01
2.719972339006621453e+01
2.704021073777006023e+01
2.704728665154701162e+01
2.704649002549264836e+01
2.704649002549264836e+01
2.737755844161260299e+01
2.737755844161260299e+01
2.737755844161260299e+01
2.707390333383377978e+01
2.707390333383377978e+01
2.707390333383377978e+01
2.723983585492094406e+01
2.720862685773253986e+01
2.714744582605494116e+01
2.686469043711404581e+01
2.686469043711404581e+01
2.671286288322463420e+01
2.671286288322463420e+01
2.656103532933522970e+01
2.671286288322463420e+01
2.671286288322463420e+01
2.713713654770446126e+01
2.698530899381505321e+01
2.741759577919460966e+01
2.741759577919460966e+01
2.741759577919460966e+01
2.741759577919460966e+01
2.726576822530519806e+01
2.734425932183750518e+01
2.719243176794809713e+01
2.719243176794809713e+01
2.704060421405868553e+01
2.704728665154701517e+01
2.720117606110652275e+01
2.720117606110652275e+01
2.720117606110652275e+01
2.720117606110652275e+01
2.745042629540826340e+01
2.733863607910085847e+01
2.733577759737640278e+01
2.733863607910086202e+01
2.734988256457415545e+01
2.719805501068474385e+01
2.719805501068474385e+01
2.719805501068474385e+01
2.734988256457415190e+01
2.733577759737639923e+01
2.733577759737639923e+01
2.701651799100345741e+01
2.686469043711404581e+01
2.730656500206246662e+01
2.714705234976631232e+01
2.682652751377755607e+01
2.682652751377755607e+01
2.682652751377755607e+01
2.696663997863231188e+01
2.690545894695471318e+01
2.690545894695471318e+01
2.676347206785443333e+01
2.723455922811679741e+01
2.729574025979439611e+01
2.729574025979439256e+01
2.737755844161260299e+01
2.737755844161260299e+01
2.737755844161260299e+01
2.737755844161260299e+01
2.737755844161260299e+01
2.707390333383377978e+01
2.724892676401186620e+01
2.713713654770446126e+01
2.671286288322463420e+01
2.671286288322463420e+01
2.671286288322463420e+01
2.668165388603623001e+01
2.656103532933522970e+01
2.656103532933522970e+01
2.671286288322463420e+01
2.688160702568012894e+01
2.673020121499593316e+01
2.703385632277475636e+01
2.703385632277475636e+01
2.703385632277475636e+01
2.703385632277475636e+01
2.703591817844485945e+01
2.716834554489286901e+01
2.732017309878228062e+01
2.696590880637365117e+01
2.693469980918524698e+01
2.693469980918524698e+01
2.694111967797625695e+01
2.693404376419930557e+01
2.693404376419930557e+01
2.693404376419930557e+01
2.715663045585813151e+01
2.730845800974754312e+01
2.729365013720770250e+01
2.735483116888530120e+01
2.735483116888530120e+01
2.750665872277470925e+01
2.742816762624240212e+01
2.742816762624240923e+01
2.742816762624240923e+01
2.742816762624240923e+01
2.697648065342145074e+01
2.704622745679533580e+01
2.704622745679533580e+01
2.704622745679533580e+01
2.704622745679533580e+01
2.719805501068474030e+01
2.692865482324338444e+01
2.695986382043178864e+01
2.686469043711404581e+01
2.671286288322463420e+01
2.739695862905400148e+01
2.741106359625174704e+01
2.729927337994434922e+01
2.729927337994434922e+01
2.726576822530520516e+01
2.726576822530520516e+01
2.713334085885719205e+01
2.696211311752638196e+01
2.696211311752638196e+01
2.725428743805118970e+01
2.709477478575503540e+01
2.720656500206243322e+01
2.720656500206243322e+01
2.718969527385250018e+01
2.718969527385250018e+01
2.718969527385250018e+01
2.688983585492095330e+01
2.689466247160324386e+01
2.715801767310273362e+01
2.730984522699214168e+01
2.696663997863231188e+01
2.696663997863231188e+01
2.687526228416184537e+01
2.672343473027243377e+01
2.672343473027243377e+01
2.666225369859483507e+01
2.666225369859483507e+01
2.733957328622367555e+01
2.733957328622367555e+01
2.718774573233426395e+01
2.686469043711404225e+01
2.686469043711404225e+01
2.686469043711404225e+01
2.671286288322463776e+01
2.686469043711404225e+01
2.686469043711404225e+01
