2.785614019327309787e+00
2.785614019327309787e+00
2.785614019327309787e+00
2.785614019327309787e+00
2.785614019327309787e+00
3.018434348604340123e+00
3.018434348604340123e+00
2.785614019327309787e+00
2.785614019327309787e+00
2.570868135290087508e+00
2.731927548318004995e+00
2.731927548318004995e+00
2.731927548318004995e+00
2.731927548318004995e+00
2.911061406585729650e+00
2.911061406585729650e+00
2.911061406585729650e+00
2.911061406585729650e+00
2.839300490336616800e+00
3.125807290622954149e+00
3.125807290622954149e+00
3.125807290622954149e+00
3.125807290622954149e+00
3.125807290622954149e+00
2.839300490336615024e+00
2.839300490336615024e+00
2.839300490336615024e+00
2.570868135290087508e+00
2.570868135290087508e+00
2.570868135290087508e+00
2.570868135290087508e+00
2.570868135290087508e+00
2.570868135290087508e+00
2.731927548318004995e+00
2.911061406585729650e+00
2.911061406585729650e+00
2.785614019327309787e+00
2.785614019327309787e+00
2.785614019327309787e+00
2.785614019327309787e+00
2.785614019327309787e+00
2.785614019327309787e+00
2.785614019327309787e+00
2.624554606299390969e+00
2.785614019327307567e+00
2.785614019327307567e+00
2.785614019327307567e+00
2.785614019327307567e+00
2.785614019327307567e+00
2.785614019327307567e+00
2.624554606299390969e+00
2.624554606299390969e+00
2.624554606299390969e+00
2.785614019327309787e+00
3.125807290622950596e+00
3.125807290622950596e+00
3.125807290622950596e+00
3.125807290622950596e+00
2.839300490336615024e+00
2.839300490336615024e+00
2.678241077308697538e+00
2.678241077308697538e+00
2.678241077308697538e+00
3.125807290622954149e+00
3.125807290622954149e+00
3.125807290622954149e+00
3.125807290622954149e+00
3.125807290622954149e+00
3.125807290622954149e+00
2.839300490336616800e+00
2.839300490336616800e+00
2.678241077308697538e+00
2.624554606299390969e+00
2.624554606299390969e+00
2.785614019327309787e+00
2.785614019327309787e+00
2.785614019327309787e+00
2.785614019327309787e+00
2.785614019327309787e+00
3.018434348604340123e+00
3.018434348604340123e+00
2.624554606299392745e+00
2.624554606299392745e+00
2.624554606299392745e+00
2.624554606299392745e+00
2.624554606299392745e+00
2.624554606299392745e+00
2.785614019327309787e+00
2.785614019327309787e+00
3.018434348604340123e+00
2.839300490336615024e+00
2.839300490336615024e+00
2.678241077308697538e+00
2.678241077308697538e+00
2.517181664280780495e+00
2.517181664280780495e+00
2.517181664280780495e+00
2.517181664280780495e+00
2.517181664280780495e+00
3.018434348604340123e+00
3.018434348604340123e+00
3.018434348604340123e+00
3.018434348604340123e+00
2.785614019327309787e+00
2.624554606299392745e+00
2.624554606299392745e+00
2.624554606299392745e+00
2.624554606299392745e+00
2.839300490336616800e+00
3.125807290622954149e+00
3.125807290622954149e+00
3.125807290622954149e+00
3.125807290622954149e+00
3.125807290622954149e+00
3.125807290622954149e+00
3.125807290622954149e+00
2.839300490336615024e+00
2.624554606299390969e+00
2.624554606299390969e+00
2.624554606299390969e+00
2.624554606299390969e+00
2.785614019327307567e+00
2.785614019327307567e+00
2.785614019327307567e+00
3.018434348604340123e+00
3.018434348604340123e+00
2.785614019327309787e+00
2.785614019327309787e+00
2.785614019327309787e+00
3.018434348604340123e+00
3.018434348604340123e+00
2.785614019327307567e+00
2.785614019327307567e+00
2.785614019327307567e+00
2.785614019327307567e+00
3.233180232641564178e+00
3.233180232641564178e+00
2.911061406585726097e+00
2.911061406585726097e+00
2.911061406585726097e+00
2.911061406585726097e+00
2.911061406585726097e+00
2.731927548318002774e+00
2.731927548318002774e+00
2.624554606299392745e+00
2.624554606299392745e+00
2.624554606299392745e+00
2.624554606299392745e+00
2.785614019327309787e+00
2.785614019327309787e+00
2.785614019327309787e+00
2.785614019327309787e+00
3.018434348604340123e+00
3.018434348604340123e+00
3.018434348604340123e+00
3.018434348604340123e+00
3.018434348604340123e+00
3.018434348604340123e+00
2.785614019327307567e+00
2.785614019327307567e+00
2.624554606299390969e+00
2.624554606299390969e+00
3.125807290622950596e+00
3.125807290622950596e+00
3.125807290622950596e+00
3.125807290622950596e+00
3.125807290622950596e+00
2.839300490336615024e+00
2.839300490336615024e+00
2.839300490336615024e+00
2.678241077308697538e+00
2.839300490336615024e+00
3.125807290622954149e+00
3.125807290622954149e+00
3.125807290622954149e+00
3.125807290622954149e+00
3.125807290622954149e+00
3.125807290622954149e+00
2.839300490336616800e+00
2.839300490336616800e+00
2.570868135290087508e+00
2.570868135290087508e+00
2.570868135290087508e+00
2.731927548318004995e+00
2.731927548318004995e+00
2.731927548318004995e+00
2.731927548318004995e+00
2.911061406585729650e+00
2.911061406585729650e+00
2.570868135290087508e+00
2.570868135290087508e+00
2.570868135290087508e+00
2.570868135290087508e+00
2.731927548318004995e+00
2.911061406585729650e+00
2.911061406585729650e+00
2.911061406585729650e+00
2.911061406585729650e+00
2.678241077308697538e+00
2.517181664280780495e+00
2.517181664280780495e+00
2.517181664280780495e+00
2.517181664280780495e+00
2.517181664280780495e+00
2.517181664280780495e+00
2.517181664280780495e+00
2.678241077308697538e+00
2.731927548318002774e+00
2.911061406585726097e+00
2.911061406585726097e+00
2.911061406585726097e+00
3.233180232641564178e+00
3.233180232641564178e+00
3.233180232641564178e+00
3.233180232641564178e+00
3.233180232641564178e+00
2.678241077308697538e+00
2.517181664280780495e+00
2.517181664280780495e+00
2.517181664280780495e+00
2.517181664280780495e+00
2.517181664280780495e+00
2.517181664280780495e+00
2.678241077308697538e+00
2.678241077308697538e+00
2.785614019327309787e+00
2.785614019327309787e+00
3.018434348604340123e+00
3.018434348604340123e+00
3.018434348604340123e+00
3.018434348604340123e+00
2.785614019327309787e+00
2.785614019327309787e+00
2.785614019327309787e+00
2.517181664280780495e+00
2.517181664280780495e+00
2.678241077308697538e+00
2.678241077308697538e+00
2.839300490336615024e+00
2.839300490336615024e+00
2.839300490336615024e+00
2.839300490336615024e+00
2.839300490336615024e+00
3.018434348604340123e+00
3.018434348604340123e+00
3.018434348604340123e+00
3.018434348604340123e+00
3.018434348604340123e+00
2.785614019327309787e+00
2.785614019327309787e+00
2.785614019327309787e+00
2.624554606299390969e+00
2.839300490336615024e+00
2.839300490336615024e+00
2.678241077308697538e+00
2.678241077308697538e+00
2.678241077308697538e+00
2.678241077308697538e+00
2.678241077308697538e+00
2.517181664280780495e+00
2.517181664280780495e+00
2.911061406585726097e+00
3.233180232641564178e+00
3.233180232641564178e+00
3.233180232641564178e+00
3.233180232641564178e+00
3.233180232641564178e+00
3.233180232641564178e+00
2.911061406585729650e+00
2.911061406585729650e+00
2.678241077308697538e+00
2.678241077308697538e+00
2.517181664280780495e+00
2.517181664280780495e+00
2.517181664280780495e+00
2.678241077308697538e+00
2.678241077308697538e+00
2.678241077308697538e+00
2.678241077308697538e+00
2.785614019327309787e+00
2.785614019327309787e+00
3.018434348604340123e+00
3.018434348604340123e+00
2.785614019327309787e+00
2.785614019327309787e+00
2.785614019327309787e+00
2.785614019327309787e+00
2.785614019327309787e+00
2.785614019327309787e+00
2.785614019327309787e+00
2.785614019327309787e+00
2.624554606299392745e+00
2.785614019327309787e+00
2.785614019327309787e+00
2.785614019327309787e+00
2.785614019327309787e+00
2.785614019327309787e+00
2.839300490336616800e+00
2.839300490336616800e+00
2.839300490336616800e+00
3.125807290622954149e+00
3.125807290622954149e+00
3.125807290622954149e+00
2.839300490336615024e+00
2.839300490336615024e+00
2.839300490336615024e+00
2.911061406585726097e+00
2.911061406585726097e+00
2.731927548318002774e+00
2.731927548318002774e+00
2.731927548318002774e+00
2.731927548318002774e+00
2.911061406585729650e+00
2.911061406585729650e+00
2.911061406585729650e+00
2.678241077308697538e+00
2.678241077308697538e+00
2.678241077308697538e+00
2.678241077308697538e+00
2.839300490336616800e+00
3.125807290622954149e+00
3.125807290622954149e+00
3.125807290622954149e+00
3.125807290622954149e+00
2.570868135290085732e+00
2.570868135290085732e+00
2.731927548318002774e+00
2.731927548318002774e+00
2.731927548318002774e+00
2.731927548318002774e+00
2.911061406585726097e+00
2.911061406585726097e+00
2.911061406585726097e+00
3.125807290622954149e+00
3.125807290622954149e+00
3.125807290622954149e+00
3.125807290622954149e+00
3.125807290622954149e+00
2.839300490336616800e+00
2.839300490336616800e+00
2.839300490336616800e+00
2.678241077308697538e+00
2.911061406585726097e+00
3.233180232641564178e+00
3.233180232641564178e+00
3.233180232641564178e+00
2.911061406585729650e+00
2.911061406585729650e+00
2.911061406585729650e+00
2.911061406585729650e+00
2.911061406585729650e+00
2.911061406585726097e+00
2.911061406585726097e+00
2.911061406585726097e+00
2.731927548318002774e+00
2.911061406585729650e+00
2.911061406585729650e+00
2.911061406585729650e+00
2.911061406585729650e+00
2.911061406585729650e+00
2.839300490336615024e+00
2.839300490336615024e+00
2.839300490336615024e+00
2.839300490336615024e+00
3.125807290622950596e+00
2.839300490336615024e+00
2.839300490336615024e+00
2.839300490336615024e+00
2.839300490336615024e+00
2.624554606299392745e+00
2.624554606299392745e+00
2.624554606299392745e+00
2.785614019327309787e+00
2.785614019327309787e+00
2.785614019327309787e+00
2.785614019327309787e+00
2.785614019327309787e+00
3.018434348604340123e+00
3.125807290622954149e+00
3.125807290622954149e+00
2.839300490336616800e+00
2.839300490336616800e+00
2.839300490336616800e+00
2.839300490336616800e+00
2.839300490336616800e+00
2.678241077308697538e+00
2.678241077308697538e+00
2.678241077308697538e+00
2.517181664280780495e+00
2.517181664280780495e+00
2.517181664280780495e+00
2.517181664280780495e+00
2.678241077308697538e+00
2.678241077308697538e+00
2.678241077308697538e+00
2.678241077308697538e+00
2.517181664280780495e+00
2.517181664280780495e+00
2.517181664280780495e+00
2.517181664280780495e+00
2.517181664280780495e+00
2.678241077308697538e+00
2.678241077308697538e+00
2.678241077308697538e+00
2.839300490336615024e+00
2.785614019327309787e+00
2.785614019327309787e+00
2.624554606299390969e+00
2.785614019327307567e+00
2.785614019327307567e+00
2.785614019327307567e+00
2.785614019327307567e+00
2.785614019327307567e+00
2.785614019327307567e+00
2.785614019327309787e+00
2.785614019327309787e+00
2.785614019327309787e+00
2.785614019327309787e+00
2.785614019327309787e+00
2.785614019327309787e+00
2.785614019327309787e+00
3.018434348604340123e+00
2.785614019327309787e+00
2.678241077308697538e+00
2.678241077308697538e+00
2.678241077308697538e+00
2.839300490336615024e+00
2.678241077308697538e+00
2.678241077308697538e+00
2.678241077308697538e+00
2.678241077308697538e+00
2.678241077308697538e+00
2.517181664280780495e+00
2.517181664280780495e+00
2.517181664280780495e+00
2.678241077308697538e+00
2.678241077308697538e+00
2.678241077308697538e+00
2.678241077308697538e+00
2.678241077308697538e+00
2.839300490336615024e+00
2.911061406585726097e+00
2.911061406585726097e+00
2.911061406585726097e+00
2.911061406585726097e+00
3.233180232641564178e+00
3.233180232641564178e+00
3.233180232641564178e+00
2.911061406585729650e+00
2.911061406585729650e+00
2.624554606299390969e+00
2.624554606299390969e+00
2.624554606299390969e+00
2.624554606299390969e+00
2.785614019327309787e+00
2.785614019327309787e+00
2.785614019327309787e+00
2.785614019327309787e+00
3.018434348604340123e+00
2.731927548318002774e+00
2.731927548318002774e+00
2.731927548318002774e+00
2.731927548318002774e+00
2.731927548318002774e+00
2.570868135290085732e+00
2.731927548318002774e+00
2.731927548318002774e+00
2.731927548318002774e+00
2.624554606299390969e+00
2.785614019327309787e+00
2.785614019327309787e+00
2.785614019327309787e+00
2.785614019327309787e+00
2.785614019327309787e+00
2.785614019327309787e+00
3.018434348604340123e+00
3.018434348604340123e+00
2.624554606299392745e+00
2.624554606299392745e+00
2.785614019327309787e+00
2.785614019327309787e+00
2.785614019327309787e+00
2.785614019327309787e+00
3.018434348604340123e+00
3.018434348604340123e+00
3.018434348604340123e+00
2.678241077308697538e+00
2.517181664280780495e+00
2.517181664280780495e+00
2.517181664280780495e+00
2.517181664280780495e+00
2.517181664280780495e+00
2.517181664280780495e+00
2.517181664280780495e+00
2.678241077308697538e+00
2.678241077308697538e+00
2.839300490336615024e+00
3.125807290622950596e+00
3.125807290622950596e+00
3.125807290622950596e+00
3.125807290622950596e+00
3.125807290622950596e+00
3.125807290622950596e+00
3.125807290622950596e+00
3.125807290622954149e+00
3.125807290622954149e+00
2.839300490336616800e+00
2.839300490336616800e+00
2.839300490336616800e+00
2.839300490336616800e+00
2.839300490336616800e+00
2.839300490336616800e+00
2.678241077308697538e+00
3.018434348604340123e+00
3.018434348604340123e+00
3.018434348604340123e+00
3.018434348604340123e+00
3.018434348604340123e+00
3.018434348604340123e+00
3.018434348604340123e+00
2.785614019327309787e+00
2.624554606299390969e+00
2.678241077308697538e+00
2.517181664280780495e+00
2.517181664280780495e+00
2.517181664280780495e+00
2.517181664280780495e+00
2.517181664280780495e+00
2.517181664280780495e+00
2.517181664280780495e+00
2.678241077308697538e+00
2.911061406585729650e+00
2.911061406585729650e+00
2.911061406585729650e+00
2.911061406585729650e+00
2.731927548318002774e+00
2.911061406585726097e+00
2.911061406585726097e+00
2.911061406585726097e+00
2.911061406585726097e+00
2.570868135290085732e+00
2.570868135290085732e+00
2.731927548318002774e+00
2.731927548318002774e+00
2.731927548318002774e+00
2.731927548318002774e+00
2.731927548318002774e+00
2.911061406585726097e+00
2.911061406585726097e+00
2.785614019327309787e+00
2.785614019327309787e+00
2.624554606299392745e+00
2.624554606299392745e+00
2.624554606299392745e+00
2.624554606299392745e+00
2.624554606299392745e+00
2.785614019327309787e+00
2.785614019327309787e+00
2.624554606299392745e+00
2.624554606299392745e+00
2.785614019327309787e+00
2.785614019327309787e+00
2.785614019327309787e+00
2.785614019327309787e+00
2.785614019327309787e+00
3.018434348604340123e+00
3.018434348604340123e+00
2.678241077308697538e+00
2.678241077308697538e+00
2.839300490336616800e+00
3.125807290622954149e+00
3.125807290622954149e+00
3.125807290622954149e+00
3.125807290622954149e+00
3.125807290622954149e+00
3.125807290622954149e+00
