9.241999999999999105e+00 2.469999999999999751e+00 3.049999999999999822e+00 4.464999999999999858e+00 4.984999999999999432e+00 7.176999999999999602e+00 8.778999999999999915e+00 2.579000000000000181e+00 4.076999999999999957e+00
9.241999999999999105e+00 2.109999999999999876e+00 3.049999999999999822e+00 4.464999999999999858e+00 4.984999999999999432e+00 7.176999999999999602e+00 8.778999999999999915e+00 2.579000000000000181e+00 4.076999999999999957e+00
9.241999999999999105e+00 2.109999999999999876e+00 3.049999999999999822e+00 4.464999999999999858e+00 4.625000000000000000e+00 7.176999999999999602e+00 8.778999999999999915e+00 2.579000000000000181e+00 4.076999999999999957e+00
9.241999999999999105e+00 2.109999999999999876e+00 3.049999999999999822e+00 4.464999999999999858e+00 4.625000000000000000e+00 6.817000000000000171e+00 8.778999999999999915e+00 2.579000000000000181e+00 4.076999999999999957e+00
9.241999999999999105e+00 2.109999999999999876e+00 3.049999999999999822e+00 4.464999999999999858e+00 4.625000000000000000e+00 6.817000000000000171e+00 8.419000000000000483e+00 2.579000000000000181e+00 4.076999999999999957e+00
9.241999999999999105e+00 2.109999999999999876e+00 3.049999999999999822e+00 4.464999999999999858e+00 4.625000000000000000e+00 6.817000000000000171e+00 8.419000000000000483e+00 2.939000000000000057e+00 4.076999999999999957e+00
9.241999999999999105e+00 2.109999999999999876e+00 3.049999999999999822e+00 4.105000000000000426e+00 4.625000000000000000e+00 6.817000000000000171e+00 8.419000000000000483e+00 2.939000000000000057e+00 4.076999999999999957e+00
9.241999999999999105e+00 2.109999999999999876e+00 2.689999999999999947e+00 4.105000000000000426e+00 4.625000000000000000e+00 6.817000000000000171e+00 8.419000000000000483e+00 2.939000000000000057e+00 4.076999999999999957e+00
9.602000000000000313e+00 2.109999999999999876e+00 2.689999999999999947e+00 4.105000000000000426e+00 4.625000000000000000e+00 6.817000000000000171e+00 8.419000000000000483e+00 2.939000000000000057e+00 4.076999999999999957e+00
9.602000000000000313e+00 2.109999999999999876e+00 2.689999999999999947e+00 4.105000000000000426e+00 4.625000000000000000e+00 6.817000000000000171e+00 8.419000000000000483e+00 2.939000000000000057e+00 3.717000000000000082e+00
9.241999999999999105e+00 1.989999999999999991e+00 2.689999999999999947e+00 4.584999999999999964e+00 4.625000000000000000e+00 7.176999999999999602e+00 8.419000000000000483e+00 2.698999999999999844e+00 3.597000000000000419e+00
9.241999999999999105e+00 1.989999999999999991e+00 2.689999999999999947e+00 4.584999999999999964e+00 4.625000000000000000e+00 7.176999999999999602e+00 8.419000000000000483e+00 3.058999999999999719e+00 3.597000000000000419e+00
9.241999999999999105e+00 1.989999999999999991e+00 2.689999999999999947e+00 4.225000000000000533e+00 4.625000000000000000e+00 7.176999999999999602e+00 8.419000000000000483e+00 3.058999999999999719e+00 3.597000000000000419e+00
9.241999999999999105e+00 1.989999999999999991e+00 2.689999999999999947e+00 4.225000000000000533e+00 4.625000000000000000e+00 6.817000000000000171e+00 8.419000000000000483e+00 3.058999999999999719e+00 3.597000000000000419e+00
9.241999999999999105e+00 1.989999999999999991e+00 3.049999999999999822e+00 4.225000000000000533e+00 4.625000000000000000e+00 6.817000000000000171e+00 8.419000000000000483e+00 3.058999999999999719e+00 3.597000000000000419e+00
9.241999999999999105e+00 2.350000000000000089e+00 3.049999999999999822e+00 4.225000000000000533e+00 4.625000000000000000e+00 6.817000000000000171e+00 8.419000000000000483e+00 3.058999999999999719e+00 3.597000000000000419e+00
9.241999999999999105e+00 2.350000000000000089e+00 3.049999999999999822e+00 4.225000000000000533e+00 4.625000000000000000e+00 6.817000000000000171e+00 8.778999999999999915e+00 3.058999999999999719e+00 3.597000000000000419e+00
9.241999999999999105e+00 2.350000000000000089e+00 3.049999999999999822e+00 4.225000000000000533e+00 4.625000000000000000e+00 6.817000000000000171e+00 8.778999999999999915e+00 3.058999999999999719e+00 3.956999999999999851e+00
9.602000000000000313e+00 2.350000000000000089e+00 3.049999999999999822e+00 4.225000000000000533e+00 4.625000000000000000e+00 6.817000000000000171e+00 8.778999999999999915e+00 3.058999999999999719e+00 3.956999999999999851e+00
9.602000000000000313e+00 2.350000000000000089e+00 3.049999999999999822e+00 4.225000000000000533e+00 4.984999999999999432e+00 6.817000000000000171e+00 8.778999999999999915e+00 3.058999999999999719e+00 3.956999999999999851e+00
9.241999999999999105e+00 2.589999999999999858e+00 2.689999999999999947e+00 4.464999999999999858e+00 4.625000000000000000e+00 7.416999999999999815e+00 8.538999999999999702e+00 3.058999999999999719e+00 3.837000000000000188e+00
9.241999999999999105e+00 2.589999999999999858e+00 3.049999999999999822e+00 4.464999999999999858e+00 4.625000000000000000e+00 7.416999999999999815e+00 8.538999999999999702e+00 3.058999999999999719e+00 3.837000000000000188e+00
9.241999999999999105e+00 2.589999999999999858e+00 3.049999999999999822e+00 4.464999999999999858e+00 4.984999999999999432e+00 7.416999999999999815e+00 8.538999999999999702e+00 3.058999999999999719e+00 3.837000000000000188e+00
9.241999999999999105e+00 2.589999999999999858e+00 3.049999999999999822e+00 4.105000000000000426e+00 4.984999999999999432e+00 7.416999999999999815e+00 8.538999999999999702e+00 3.058999999999999719e+00 3.837000000000000188e+00
9.241999999999999105e+00 2.589999999999999858e+00 3.049999999999999822e+00 4.105000000000000426e+00 4.984999999999999432e+00 7.057000000000000384e+00 8.538999999999999702e+00 3.058999999999999719e+00 3.837000000000000188e+00
9.241999999999999105e+00 2.589999999999999858e+00 3.049999999999999822e+00 4.105000000000000426e+00 4.984999999999999432e+00 7.057000000000000384e+00 8.538999999999999702e+00 3.058999999999999719e+00 3.477000000000000313e+00
9.241999999999999105e+00 2.589999999999999858e+00 3.049999999999999822e+00 4.105000000000000426e+00 4.984999999999999432e+00 7.057000000000000384e+00 8.899000000000000909e+00 3.058999999999999719e+00 3.477000000000000313e+00
9.602000000000000313e+00 2.589999999999999858e+00 3.049999999999999822e+00 4.105000000000000426e+00 4.984999999999999432e+00 7.057000000000000384e+00 8.899000000000000909e+00 3.058999999999999719e+00 3.477000000000000313e+00
9.602000000000000313e+00 2.229999999999999982e+00 3.049999999999999822e+00 4.105000000000000426e+00 4.984999999999999432e+00 7.057000000000000384e+00 8.899000000000000909e+00 3.058999999999999719e+00 3.477000000000000313e+00
9.602000000000000313e+00 2.229999999999999982e+00 3.049999999999999822e+00 4.105000000000000426e+00 4.984999999999999432e+00 7.057000000000000384e+00 8.899000000000000909e+00 2.698999999999999844e+00 3.477000000000000313e+00
9.602000000000000313e+00 2.109999999999999876e+00 3.049999999999999822e+00 4.705000000000000071e+00 4.984999999999999432e+00 6.937000000000000277e+00 8.298999999999999488e+00 2.818999999999999950e+00 3.477000000000000313e+00
9.241999999999999105e+00 2.109999999999999876e+00 3.049999999999999822e+00 4.705000000000000071e+00 4.984999999999999432e+00 6.937000000000000277e+00 8.298999999999999488e+00 2.818999999999999950e+00 3.477000000000000313e+00
9.241999999999999105e+00 2.109999999999999876e+00 3.049999999999999822e+00 4.705000000000000071e+00 4.984999999999999432e+00 6.937000000000000277e+00 8.298999999999999488e+00 2.459000000000000075e+00 3.477000000000000313e+00
9.241999999999999105e+00 2.469999999999999751e+00 3.049999999999999822e+00 4.705000000000000071e+00 4.984999999999999432e+00 6.937000000000000277e+00 8.298999999999999488e+00 2.459000000000000075e+00 3.477000000000000313e+00
9.241999999999999105e+00 2.469999999999999751e+00 3.049999999999999822e+00 4.705000000000000071e+00 4.625000000000000000e+00 6.937000000000000277e+00 8.298999999999999488e+00 2.459000000000000075e+00 3.477000000000000313e+00
9.241999999999999105e+00 2.469999999999999751e+00 3.049999999999999822e+00 4.705000000000000071e+00 4.625000000000000000e+00 6.937000000000000277e+00 8.659000000000000696e+00 2.459000000000000075e+00 3.477000000000000313e+00
9.241999999999999105e+00 2.469999999999999751e+00 3.049999999999999822e+00 4.705000000000000071e+00 4.625000000000000000e+00 6.937000000000000277e+00 8.659000000000000696e+00 2.459000000000000075e+00 3.837000000000000188e+00
9.241999999999999105e+00 2.469999999999999751e+00 2.689999999999999947e+00 4.705000000000000071e+00 4.625000000000000000e+00 6.937000000000000277e+00 8.659000000000000696e+00 2.459000000000000075e+00 3.837000000000000188e+00
9.241999999999999105e+00 2.469999999999999751e+00 2.689999999999999947e+00 4.705000000000000071e+00 4.625000000000000000e+00 7.296999999999999709e+00 8.659000000000000696e+00 2.459000000000000075e+00 3.837000000000000188e+00
9.241999999999999105e+00 2.469999999999999751e+00 2.689999999999999947e+00 4.345000000000000639e+00 4.625000000000000000e+00 7.296999999999999709e+00 8.659000000000000696e+00 2.459000000000000075e+00 3.837000000000000188e+00
9.842000000000000526e+00 2.229999999999999982e+00 2.450000000000000178e+00 4.345000000000000639e+00 4.865000000000000213e+00 7.416999999999999815e+00 8.298999999999999488e+00 2.698999999999999844e+00 3.717000000000000082e+00
9.842000000000000526e+00 2.229999999999999982e+00 2.450000000000000178e+00 4.345000000000000639e+00 4.865000000000000213e+00 7.416999999999999815e+00 8.298999999999999488e+00 3.058999999999999719e+00 3.717000000000000082e+00
9.842000000000000526e+00 2.589999999999999858e+00 2.450000000000000178e+00 4.345000000000000639e+00 4.865000000000000213e+00 7.416999999999999815e+00 8.298999999999999488e+00 3.058999999999999719e+00 3.717000000000000082e+00
9.842000000000000526e+00 2.589999999999999858e+00 2.450000000000000178e+00 4.345000000000000639e+00 4.865000000000000213e+00 7.416999999999999815e+00 8.659000000000000696e+00 3.058999999999999719e+00 3.717000000000000082e+00
9.842000000000000526e+00 2.589999999999999858e+00 2.450000000000000178e+00 4.705000000000000071e+00 4.865000000000000213e+00 7.416999999999999815e+00 8.659000000000000696e+00 3.058999999999999719e+00 3.717000000000000082e+00
9.842000000000000526e+00 2.589999999999999858e+00 2.450000000000000178e+00 4.705000000000000071e+00 4.865000000000000213e+00 7.416999999999999815e+00 8.659000000000000696e+00 3.058999999999999719e+00 4.076999999999999957e+00
9.842000000000000526e+00 2.589999999999999858e+00 2.450000000000000178e+00 4.705000000000000071e+00 5.224999999999999645e+00 7.416999999999999815e+00 8.659000000000000696e+00 3.058999999999999719e+00 4.076999999999999957e+00
9.842000000000000526e+00 2.589999999999999858e+00 2.450000000000000178e+00 4.705000000000000071e+00 5.224999999999999645e+00 7.057000000000000384e+00 8.659000000000000696e+00 3.058999999999999719e+00 4.076999999999999957e+00
9.842000000000000526e+00 2.589999999999999858e+00 2.810000000000000053e+00 4.705000000000000071e+00 5.224999999999999645e+00 7.057000000000000384e+00 8.659000000000000696e+00 3.058999999999999719e+00 4.076999999999999957e+00
9.481999999999999318e+00 2.589999999999999858e+00 2.810000000000000053e+00 4.705000000000000071e+00 5.224999999999999645e+00 7.057000000000000384e+00 8.659000000000000696e+00 3.058999999999999719e+00 4.076999999999999957e+00
9.602000000000000313e+00 2.229999999999999982e+00 2.689999999999999947e+00 4.705000000000000071e+00 5.224999999999999645e+00 7.296999999999999709e+00 8.298999999999999488e+00 3.058999999999999719e+00 3.477000000000000313e+00
9.602000000000000313e+00 2.229999999999999982e+00 3.049999999999999822e+00 4.705000000000000071e+00 5.224999999999999645e+00 7.296999999999999709e+00 8.298999999999999488e+00 3.058999999999999719e+00 3.477000000000000313e+00
9.602000000000000313e+00 2.589999999999999858e+00 3.049999999999999822e+00 4.705000000000000071e+00 5.224999999999999645e+00 7.296999999999999709e+00 8.298999999999999488e+00 3.058999999999999719e+00 3.477000000000000313e+00
9.241999999999999105e+00 2.589999999999999858e+00 3.049999999999999822e+00 4.705000000000000071e+00 5.224999999999999645e+00 7.296999999999999709e+00 8.298999999999999488e+00 3.058999999999999719e+00 3.477000000000000313e+00
9.241999999999999105e+00 2.589999999999999858e+00 3.049999999999999822e+00 4.345000000000000639e+00 5.224999999999999645e+00 7.296999999999999709e+00 8.298999999999999488e+00 3.058999999999999719e+00 3.477000000000000313e+00
9.241999999999999105e+00 2.589999999999999858e+00 3.049999999999999822e+00 4.345000000000000639e+00 5.224999999999999645e+00 6.937000000000000277e+00 8.298999999999999488e+00 3.058999999999999719e+00 3.477000000000000313e+00
9.241999999999999105e+00 2.589999999999999858e+00 3.049999999999999822e+00 4.345000000000000639e+00 5.224999999999999645e+00 6.937000000000000277e+00 8.298999999999999488e+00 2.698999999999999844e+00 3.477000000000000313e+00
9.241999999999999105e+00 2.589999999999999858e+00 3.049999999999999822e+00 4.345000000000000639e+00 4.865000000000000213e+00 6.937000000000000277e+00 8.298999999999999488e+00 2.698999999999999844e+00 3.477000000000000313e+00
9.241999999999999105e+00 2.589999999999999858e+00 3.049999999999999822e+00 4.345000000000000639e+00 4.865000000000000213e+00 6.937000000000000277e+00 8.298999999999999488e+00 2.698999999999999844e+00 3.837000000000000188e+00
9.241999999999999105e+00 2.589999999999999858e+00 3.049999999999999822e+00 4.345000000000000639e+00 4.865000000000000213e+00 6.937000000000000277e+00 8.659000000000000696e+00 2.698999999999999844e+00 3.837000000000000188e+00
9.842000000000000526e+00 2.350000000000000089e+00 3.049999999999999822e+00 4.705000000000000071e+00 4.625000000000000000e+00 7.296999999999999709e+00 8.298999999999999488e+00 3.058999999999999719e+00 3.597000000000000419e+00
9.842000000000000526e+00 2.350000000000000089e+00 3.049999999999999822e+00 4.705000000000000071e+00 4.625000000000000000e+00 7.296999999999999709e+00 8.298999999999999488e+00 3.058999999999999719e+00 3.956999999999999851e+00
9.842000000000000526e+00 1.989999999999999991e+00 3.049999999999999822e+00 4.705000000000000071e+00 4.625000000000000000e+00 7.296999999999999709e+00 8.298999999999999488e+00 3.058999999999999719e+00 3.956999999999999851e+00
9.842000000000000526e+00 1.989999999999999991e+00 3.049999999999999822e+00 4.705000000000000071e+00 4.984999999999999432e+00 7.296999999999999709e+00 8.298999999999999488e+00 3.058999999999999719e+00 3.956999999999999851e+00
9.842000000000000526e+00 1.989999999999999991e+00 2.689999999999999947e+00 4.705000000000000071e+00 4.984999999999999432e+00 7.296999999999999709e+00 8.298999999999999488e+00 3.058999999999999719e+00 3.956999999999999851e+00
9.842000000000000526e+00 1.989999999999999991e+00 2.689999999999999947e+00 4.345000000000000639e+00 4.984999999999999432e+00 7.296999999999999709e+00 8.298999999999999488e+00 3.058999999999999719e+00 3.956999999999999851e+00
9.842000000000000526e+00 1.989999999999999991e+00 2.689999999999999947e+00 4.345000000000000639e+00 4.984999999999999432e+00 6.937000000000000277e+00 8.298999999999999488e+00 3.058999999999999719e+00 3.956999999999999851e+00
9.842000000000000526e+00 1.989999999999999991e+00 2.689999999999999947e+00 4.345000000000000639e+00 4.984999999999999432e+00 6.937000000000000277e+00 8.659000000000000696e+00 3.058999999999999719e+00 3.956999999999999851e+00
9.481999999999999318e+00 1.989999999999999991e+00 2.689999999999999947e+00 4.345000000000000639e+00 4.984999999999999432e+00 6.937000000000000277e+00 8.659000000000000696e+00 3.058999999999999719e+00 3.956999999999999851e+00
9.481999999999999318e+00 1.989999999999999991e+00 2.689999999999999947e+00 4.345000000000000639e+00 4.984999999999999432e+00 6.937000000000000277e+00 8.659000000000000696e+00 2.698999999999999844e+00 3.956999999999999851e+00
9.842000000000000526e+00 2.229999999999999982e+00 2.450000000000000178e+00 4.105000000000000426e+00 4.865000000000000213e+00 7.176999999999999602e+00 8.538999999999999702e+00 2.698999999999999844e+00 3.717000000000000082e+00
9.842000000000000526e+00 2.229999999999999982e+00 2.450000000000000178e+00 4.105000000000000426e+00 5.224999999999999645e+00 7.176999999999999602e+00 8.538999999999999702e+00 2.698999999999999844e+00 3.717000000000000082e+00
9.842000000000000526e+00 2.589999999999999858e+00 2.450000000000000178e+00 4.105000000000000426e+00 5.224999999999999645e+00 7.176999999999999602e+00 8.538999999999999702e+00 2.698999999999999844e+00 3.717000000000000082e+00
9.842000000000000526e+00 2.589999999999999858e+00 2.450000000000000178e+00 4.105000000000000426e+00 5.224999999999999645e+00 7.176999999999999602e+00 8.899000000000000909e+00 2.698999999999999844e+00 3.717000000000000082e+00
9.842000000000000526e+00 2.589999999999999858e+00 2.450000000000000178e+00 4.105000000000000426e+00 5.224999999999999645e+00 7.176999999999999602e+00 8.899000000000000909e+00 3.058999999999999719e+00 3.717000000000000082e+00
9.842000000000000526e+00 2.589999999999999858e+00 2.450000000000000178e+00 4.105000000000000426e+00 5.224999999999999645e+00 7.176999999999999602e+00 8.899000000000000909e+00 3.058999999999999719e+00 4.076999999999999957e+00
9.481999999999999318e+00 2.589999999999999858e+00 2.450000000000000178e+00 4.105000000000000426e+00 5.224999999999999645e+00 7.176999999999999602e+00 8.899000000000000909e+00 3.058999999999999719e+00 4.076999999999999957e+00
9.481999999999999318e+00 2.589999999999999858e+00 2.450000000000000178e+00 4.464999999999999858e+00 5.224999999999999645e+00 7.176999999999999602e+00 8.899000000000000909e+00 3.058999999999999719e+00 4.076999999999999957e+00
9.481999999999999318e+00 2.589999999999999858e+00 2.450000000000000178e+00 4.464999999999999858e+00 5.224999999999999645e+00 6.817000000000000171e+00 8.899000000000000909e+00 3.058999999999999719e+00 4.076999999999999957e+00
9.481999999999999318e+00 2.589999999999999858e+00 2.810000000000000053e+00 4.464999999999999858e+00 5.224999999999999645e+00 6.817000000000000171e+00 8.899000000000000909e+00 3.058999999999999719e+00 4.076999999999999957e+00
9.481999999999999318e+00 1.989999999999999991e+00 3.049999999999999822e+00 4.345000000000000639e+00 4.625000000000000000e+00 7.057000000000000384e+00 8.659000000000000696e+00 2.818999999999999950e+00 3.837000000000000188e+00
9.481999999999999318e+00 1.989999999999999991e+00 3.049999999999999822e+00 4.345000000000000639e+00 4.625000000000000000e+00 7.057000000000000384e+00 8.659000000000000696e+00 2.459000000000000075e+00 3.837000000000000188e+00
9.842000000000000526e+00 1.989999999999999991e+00 3.049999999999999822e+00 4.345000000000000639e+00 4.625000000000000000e+00 7.057000000000000384e+00 8.659000000000000696e+00 2.459000000000000075e+00 3.837000000000000188e+00
9.842000000000000526e+00 1.989999999999999991e+00 3.049999999999999822e+00 4.345000000000000639e+00 4.625000000000000000e+00 7.057000000000000384e+00 8.298999999999999488e+00 2.459000000000000075e+00 3.837000000000000188e+00
9.842000000000000526e+00 1.989999999999999991e+00 3.049999999999999822e+00 4.345000000000000639e+00 4.984999999999999432e+00 7.057000000000000384e+00 8.298999999999999488e+00 2.459000000000000075e+00 3.837000000000000188e+00
9.842000000000000526e+00 1.989999999999999991e+00 3.049999999999999822e+00 4.345000000000000639e+00 4.984999999999999432e+00 7.057000000000000384e+00 8.298999999999999488e+00 2.459000000000000075e+00 3.477000000000000313e+00
9.842000000000000526e+00 1.989999999999999991e+00 3.049999999999999822e+00 4.345000000000000639e+00 4.984999999999999432e+00 7.416999999999999815e+00 8.298999999999999488e+00 2.459000000000000075e+00 3.477000000000000313e+00
9.842000000000000526e+00 1.989999999999999991e+00 2.689999999999999947e+00 4.345000000000000639e+00 4.984999999999999432e+00 7.416999999999999815e+00 8.298999999999999488e+00 2.459000000000000075e+00 3.477000000000000313e+00
9.842000000000000526e+00 2.350000000000000089e+00 2.689999999999999947e+00 4.345000000000000639e+00 4.984999999999999432e+00 7.416999999999999815e+00 8.298999999999999488e+00 2.459000000000000075e+00 3.477000000000000313e+00
9.842000000000000526e+00 2.350000000000000089e+00 2.689999999999999947e+00 4.705000000000000071e+00 4.984999999999999432e+00 7.416999999999999815e+00 8.298999999999999488e+00 2.459000000000000075e+00 3.477000000000000313e+00
9.721999999999999531e+00 2.350000000000000089e+00 3.049999999999999822e+00 4.464999999999999858e+00 5.104999999999999538e+00 7.416999999999999815e+00 8.899000000000000909e+00 2.459000000000000075e+00 3.717000000000000082e+00
9.721999999999999531e+00 2.350000000000000089e+00 2.689999999999999947e+00 4.464999999999999858e+00 5.104999999999999538e+00 7.416999999999999815e+00 8.899000000000000909e+00 2.459000000000000075e+00 3.717000000000000082e+00
9.721999999999999531e+00 2.350000000000000089e+00 2.689999999999999947e+00 4.105000000000000426e+00 5.104999999999999538e+00 7.416999999999999815e+00 8.899000000000000909e+00 2.459000000000000075e+00 3.717000000000000082e+00
9.721999999999999531e+00 2.350000000000000089e+00 2.689999999999999947e+00 4.105000000000000426e+00 5.104999999999999538e+00 7.416999999999999815e+00 8.899000000000000909e+00 2.459000000000000075e+00 4.076999999999999957e+00
9.362000000000000099e+00 2.350000000000000089e+00 2.689999999999999947e+00 4.105000000000000426e+00 5.104999999999999538e+00 7.416999999999999815e+00 8.899000000000000909e+00 2.459000000000000075e+00 4.076999999999999957e+00
9.362000000000000099e+00 1.989999999999999991e+00 2.689999999999999947e+00 4.105000000000000426e+00 5.104999999999999538e+00 7.416999999999999815e+00 8.899000000000000909e+00 2.459000000000000075e+00 4.076999999999999957e+00
9.362000000000000099e+00 1.989999999999999991e+00 2.689999999999999947e+00 4.105000000000000426e+00 4.745000000000000107e+00 7.416999999999999815e+00 8.899000000000000909e+00 2.459000000000000075e+00 4.076999999999999957e+00
9.362000000000000099e+00 1.989999999999999991e+00 2.689999999999999947e+00 4.105000000000000426e+00 4.745000000000000107e+00 7.416999999999999815e+00 8.899000000000000909e+00 2.818999999999999950e+00 4.076999999999999957e+00
9.362000000000000099e+00 1.989999999999999991e+00 2.689999999999999947e+00 4.105000000000000426e+00 4.745000000000000107e+00 7.416999999999999815e+00 8.538999999999999702e+00 2.818999999999999950e+00 4.076999999999999957e+00
9.362000000000000099e+00 1.989999999999999991e+00 2.689999999999999947e+00 4.105000000000000426e+00 4.745000000000000107e+00 7.057000000000000384e+00 8.538999999999999702e+00 2.818999999999999950e+00 4.076999999999999957e+00
9.842000000000000526e+00 1.989999999999999991e+00 3.049999999999999822e+00 4.705000000000000071e+00 4.745000000000000107e+00 6.817000000000000171e+00 8.538999999999999702e+00 2.939000000000000057e+00 3.597000000000000419e+00
9.842000000000000526e+00 1.989999999999999991e+00 3.049999999999999822e+00 4.705000000000000071e+00 4.745000000000000107e+00 6.817000000000000171e+00 8.899000000000000909e+00 2.939000000000000057e+00 3.597000000000000419e+00
9.842000000000000526e+00 1.989999999999999991e+00 3.049999999999999822e+00 4.705000000000000071e+00 4.745000000000000107e+00 6.817000000000000171e+00 8.899000000000000909e+00 2.579000000000000181e+00 3.597000000000000419e+00
9.842000000000000526e+00 1.989999999999999991e+00 3.049999999999999822e+00 4.705000000000000071e+00 5.104999999999999538e+00 6.817000000000000171e+00 8.899000000000000909e+00 2.579000000000000181e+00 3.597000000000000419e+00
9.842000000000000526e+00 1.989999999999999991e+00 3.049999999999999822e+00 4.705000000000000071e+00 5.104999999999999538e+00 6.817000000000000171e+00 8.899000000000000909e+00 2.579000000000000181e+00 3.956999999999999851e+00
9.842000000000000526e+00 1.989999999999999991e+00 2.689999999999999947e+00 4.705000000000000071e+00 5.104999999999999538e+00 6.817000000000000171e+00 8.899000000000000909e+00 2.579000000000000181e+00 3.956999999999999851e+00
9.842000000000000526e+00 1.989999999999999991e+00 2.689999999999999947e+00 4.705000000000000071e+00 5.104999999999999538e+00 7.176999999999999602e+00 8.899000000000000909e+00 2.579000000000000181e+00 3.956999999999999851e+00
9.842000000000000526e+00 2.350000000000000089e+00 2.689999999999999947e+00 4.705000000000000071e+00 5.104999999999999538e+00 7.176999999999999602e+00 8.899000000000000909e+00 2.579000000000000181e+00 3.956999999999999851e+00
9.481999999999999318e+00 2.350000000000000089e+00 2.689999999999999947e+00 4.705000000000000071e+00 5.104999999999999538e+00 7.176999999999999602e+00 8.899000000000000909e+00 2.579000000000000181e+00 3.956999999999999851e+00
9.481999999999999318e+00 2.350000000000000089e+00 2.689999999999999947e+00 4.345000000000000639e+00 5.104999999999999538e+00 7.176999999999999602e+00 8.899000000000000909e+00 2.579000000000000181e+00 3.956999999999999851e+00
9.241999999999999105e+00 2.350000000000000089e+00 2.810000000000000053e+00 4.705000000000000071e+00 4.625000000000000000e+00 7.057000000000000384e+00 8.298999999999999488e+00 2.459000000000000075e+00 3.597000000000000419e+00
9.241999999999999105e+00 2.350000000000000089e+00 2.450000000000000178e+00 4.705000000000000071e+00 4.625000000000000000e+00 7.057000000000000384e+00 8.298999999999999488e+00 2.459000000000000075e+00 3.597000000000000419e+00
9.241999999999999105e+00 1.989999999999999991e+00 2.450000000000000178e+00 4.705000000000000071e+00 4.625000000000000000e+00 7.057000000000000384e+00 8.298999999999999488e+00 2.459000000000000075e+00 3.597000000000000419e+00
9.241999999999999105e+00 1.989999999999999991e+00 2.450000000000000178e+00 4.705000000000000071e+00 4.625000000000000000e+00 7.416999999999999815e+00 8.298999999999999488e+00 2.459000000000000075e+00 3.597000000000000419e+00
9.241999999999999105e+00 1.989999999999999991e+00 2.450000000000000178e+00 4.705000000000000071e+00 4.984999999999999432e+00 7.416999999999999815e+00 8.298999999999999488e+00 2.459000000000000075e+00 3.597000000000000419e+00
9.241999999999999105e+00 1.989999999999999991e+00 2.450000000000000178e+00 4.705000000000000071e+00 4.984999999999999432e+00 7.416999999999999815e+00 8.298999999999999488e+00 2.818999999999999950e+00 3.597000000000000419e+00
9.602000000000000313e+00 1.989999999999999991e+00 2.450000000000000178e+00 4.705000000000000071e+00 4.984999999999999432e+00 7.416999999999999815e+00 8.298999999999999488e+00 2.818999999999999950e+00 3.597000000000000419e+00
9.602000000000000313e+00 1.989999999999999991e+00 2.450000000000000178e+00 4.705000000000000071e+00 4.984999999999999432e+00 7.416999999999999815e+00 8.298999999999999488e+00 2.818999999999999950e+00 3.956999999999999851e+00
9.602000000000000313e+00 1.989999999999999991e+00 2.450000000000000178e+00 4.705000000000000071e+00 4.984999999999999432e+00 7.416999999999999815e+00 8.659000000000000696e+00 2.818999999999999950e+00 3.956999999999999851e+00
9.602000000000000313e+00 1.989999999999999991e+00 2.450000000000000178e+00 4.345000000000000639e+00 4.984999999999999432e+00 7.416999999999999815e+00 8.659000000000000696e+00 2.818999999999999950e+00 3.956999999999999851e+00
9.842000000000000526e+00 1.989999999999999991e+00 2.810000000000000053e+00 4.345000000000000639e+00 5.224999999999999645e+00 6.817000000000000171e+00 8.538999999999999702e+00 2.939000000000000057e+00 3.956999999999999851e+00
9.842000000000000526e+00 1.989999999999999991e+00 2.450000000000000178e+00 4.345000000000000639e+00 5.224999999999999645e+00 6.817000000000000171e+00 8.538999999999999702e+00 2.939000000000000057e+00 3.956999999999999851e+00
9.842000000000000526e+00 1.989999999999999991e+00 2.450000000000000178e+00 4.705000000000000071e+00 5.224999999999999645e+00 6.817000000000000171e+00 8.538999999999999702e+00 2.939000000000000057e+00 3.956999999999999851e+00
9.842000000000000526e+00 1.989999999999999991e+00 2.450000000000000178e+00 4.705000000000000071e+00 5.224999999999999645e+00 6.817000000000000171e+00 8.538999999999999702e+00 2.939000000000000057e+00 3.597000000000000419e+00
9.842000000000000526e+00 1.989999999999999991e+00 2.450000000000000178e+00 4.705000000000000071e+00 5.224999999999999645e+00 7.176999999999999602e+00 8.538999999999999702e+00 2.939000000000000057e+00 3.597000000000000419e+00
9.842000000000000526e+00 1.989999999999999991e+00 2.450000000000000178e+00 4.705000000000000071e+00 5.224999999999999645e+00 7.176999999999999602e+00 8.538999999999999702e+00 2.579000000000000181e+00 3.597000000000000419e+00
9.842000000000000526e+00 1.989999999999999991e+00 2.450000000000000178e+00 4.705000000000000071e+00 5.224999999999999645e+00 7.176999999999999602e+00 8.899000000000000909e+00 2.579000000000000181e+00 3.597000000000000419e+00
9.481999999999999318e+00 1.989999999999999991e+00 2.450000000000000178e+00 4.705000000000000071e+00 5.224999999999999645e+00 7.176999999999999602e+00 8.899000000000000909e+00 2.579000000000000181e+00 3.597000000000000419e+00
9.481999999999999318e+00 2.350000000000000089e+00 2.450000000000000178e+00 4.705000000000000071e+00 5.224999999999999645e+00 7.176999999999999602e+00 8.899000000000000909e+00 2.579000000000000181e+00 3.597000000000000419e+00
9.481999999999999318e+00 2.350000000000000089e+00 2.450000000000000178e+00 4.705000000000000071e+00 4.865000000000000213e+00 7.176999999999999602e+00 8.899000000000000909e+00 2.579000000000000181e+00 3.597000000000000419e+00
9.842000000000000526e+00 2.589999999999999858e+00 2.450000000000000178e+00 4.464999999999999858e+00 4.984999999999999432e+00 7.296999999999999709e+00 8.899000000000000909e+00 2.818999999999999950e+00 3.717000000000000082e+00
9.842000000000000526e+00 2.589999999999999858e+00 2.450000000000000178e+00 4.464999999999999858e+00 4.984999999999999432e+00 7.296999999999999709e+00 8.899000000000000909e+00 2.459000000000000075e+00 3.717000000000000082e+00
9.842000000000000526e+00 2.589999999999999858e+00 2.450000000000000178e+00 4.105000000000000426e+00 4.984999999999999432e+00 7.296999999999999709e+00 8.899000000000000909e+00 2.459000000000000075e+00 3.717000000000000082e+00
9.842000000000000526e+00 2.589999999999999858e+00 2.450000000000000178e+00 4.105000000000000426e+00 4.625000000000000000e+00 7.296999999999999709e+00 8.899000000000000909e+00 2.459000000000000075e+00 3.717000000000000082e+00
9.842000000000000526e+00 2.229999999999999982e+00 2.450000000000000178e+00 4.105000000000000426e+00 4.625000000000000000e+00 7.296999999999999709e+00 8.899000000000000909e+00 2.459000000000000075e+00 3.717000000000000082e+00
9.842000000000000526e+00 2.229999999999999982e+00 2.450000000000000178e+00 4.105000000000000426e+00 4.625000000000000000e+00 7.296999999999999709e+00 8.538999999999999702e+00 2.459000000000000075e+00 3.717000000000000082e+00
9.481999999999999318e+00 2.229999999999999982e+00 2.450000000000000178e+00 4.105000000000000426e+00 4.625000000000000000e+00 7.296999999999999709e+00 8.538999999999999702e+00 2.459000000000000075e+00 3.717000000000000082e+00
9.481999999999999318e+00 2.229999999999999982e+00 2.450000000000000178e+00 4.105000000000000426e+00 4.625000000000000000e+00 7.296999999999999709e+00 8.538999999999999702e+00 2.459000000000000075e+00 4.076999999999999957e+00
9.481999999999999318e+00 2.229999999999999982e+00 2.810000000000000053e+00 4.105000000000000426e+00 4.625000000000000000e+00 7.296999999999999709e+00 8.538999999999999702e+00 2.459000000000000075e+00 4.076999999999999957e+00
9.481999999999999318e+00 2.229999999999999982e+00 2.810000000000000053e+00 4.105000000000000426e+00 4.625000000000000000e+00 6.937000000000000277e+00 8.538999999999999702e+00 2.459000000000000075e+00 4.076999999999999957e+00
9.241999999999999105e+00 2.229999999999999982e+00 2.450000000000000178e+00 4.105000000000000426e+00 4.984999999999999432e+00 7.176999999999999602e+00 8.659000000000000696e+00 2.459000000000000075e+00 4.076999999999999957e+00
9.241999999999999105e+00 2.229999999999999982e+00 2.450000000000000178e+00 4.105000000000000426e+00 4.625000000000000000e+00 7.176999999999999602e+00 8.659000000000000696e+00 2.459000000000000075e+00 4.076999999999999957e+00
9.241999999999999105e+00 2.229999999999999982e+00 2.450000000000000178e+00 4.105000000000000426e+00 4.625000000000000000e+00 6.817000000000000171e+00 8.659000000000000696e+00 2.459000000000000075e+00 4.076999999999999957e+00
9.241999999999999105e+00 2.229999999999999982e+00 2.450000000000000178e+00 4.105000000000000426e+00 4.625000000000000000e+00 6.817000000000000171e+00 8.659000000000000696e+00 2.818999999999999950e+00 4.076999999999999957e+00
9.241999999999999105e+00 2.589999999999999858e+00 2.450000000000000178e+00 4.105000000000000426e+00 4.625000000000000000e+00 6.817000000000000171e+00 8.659000000000000696e+00 2.818999999999999950e+00 4.076999999999999957e+00
9.241999999999999105e+00 2.589999999999999858e+00 2.810000000000000053e+00 4.105000000000000426e+00 4.625000000000000000e+00 6.817000000000000171e+00 8.659000000000000696e+00 2.818999999999999950e+00 4.076999999999999957e+00
9.241999999999999105e+00 2.589999999999999858e+00 2.810000000000000053e+00 4.464999999999999858e+00 4.625000000000000000e+00 6.817000000000000171e+00 8.659000000000000696e+00 2.818999999999999950e+00 4.076999999999999957e+00
9.241999999999999105e+00 2.589999999999999858e+00 2.810000000000000053e+00 4.464999999999999858e+00 4.625000000000000000e+00 6.817000000000000171e+00 8.298999999999999488e+00 2.818999999999999950e+00 4.076999999999999957e+00
9.241999999999999105e+00 2.589999999999999858e+00 2.810000000000000053e+00 4.464999999999999858e+00 4.625000000000000000e+00 6.817000000000000171e+00 8.298999999999999488e+00 2.818999999999999950e+00 3.717000000000000082e+00
9.602000000000000313e+00 2.589999999999999858e+00 2.810000000000000053e+00 4.464999999999999858e+00 4.625000000000000000e+00 6.817000000000000171e+00 8.298999999999999488e+00 2.818999999999999950e+00 3.717000000000000082e+00
9.241999999999999105e+00 2.229999999999999982e+00 2.450000000000000178e+00 4.705000000000000071e+00 4.865000000000000213e+00 7.176999999999999602e+00 8.899000000000000909e+00 2.939000000000000057e+00 3.477000000000000313e+00
9.241999999999999105e+00 2.229999999999999982e+00 2.450000000000000178e+00 4.705000000000000071e+00 5.224999999999999645e+00 7.176999999999999602e+00 8.899000000000000909e+00 2.939000000000000057e+00 3.477000000000000313e+00
9.241999999999999105e+00 2.229999999999999982e+00 2.450000000000000178e+00 4.705000000000000071e+00 5.224999999999999645e+00 7.176999999999999602e+00 8.899000000000000909e+00 2.579000000000000181e+00 3.477000000000000313e+00
9.241999999999999105e+00 2.229999999999999982e+00 2.450000000000000178e+00 4.705000000000000071e+00 5.224999999999999645e+00 6.817000000000000171e+00 8.899000000000000909e+00 2.579000000000000181e+00 3.477000000000000313e+00
9.241999999999999105e+00 2.589999999999999858e+00 2.450000000000000178e+00 4.705000000000000071e+00 5.224999999999999645e+00 6.817000000000000171e+00 8.899000000000000909e+00 2.579000000000000181e+00 3.477000000000000313e+00
9.241999999999999105e+00 2.589999999999999858e+00 2.810000000000000053e+00 4.705000000000000071e+00 5.224999999999999645e+00 6.817000000000000171e+00 8.899000000000000909e+00 2.579000000000000181e+00 3.477000000000000313e+00
9.241999999999999105e+00 2.589999999999999858e+00 2.810000000000000053e+00 4.705000000000000071e+00 5.224999999999999645e+00 6.817000000000000171e+00 8.899000000000000909e+00 2.579000000000000181e+00 3.837000000000000188e+00
9.602000000000000313e+00 2.589999999999999858e+00 2.810000000000000053e+00 4.705000000000000071e+00 5.224999999999999645e+00 6.817000000000000171e+00 8.899000000000000909e+00 2.579000000000000181e+00 3.837000000000000188e+00
9.602000000000000313e+00 2.589999999999999858e+00 2.810000000000000053e+00 4.705000000000000071e+00 5.224999999999999645e+00 6.817000000000000171e+00 8.538999999999999702e+00 2.579000000000000181e+00 3.837000000000000188e+00
9.602000000000000313e+00 2.589999999999999858e+00 2.810000000000000053e+00 4.345000000000000639e+00 5.224999999999999645e+00 6.817000000000000171e+00 8.538999999999999702e+00 2.579000000000000181e+00 3.837000000000000188e+00
