3.030704452483664824e+01
3.021613543392752632e+01
3.021613543392752632e+01
3.021613543392752632e+01
3.021613543392752632e+01
3.021613543392752632e+01
2.996964996063795894e+01
2.990167103655173975e+01
2.997945922774195893e+01
2.973297375445239155e+01
2.973297375445239155e+01
2.973297375445239155e+01
2.973297375445239155e+01
3.007036831865108084e+01
3.007036831865108084e+01
3.019457967010375299e+01
3.019457967010375299e+01
3.036327695220309053e+01
3.003569165510841188e+01
2.986699437300906723e+01
2.974000280787320349e+01
2.974000280787320349e+01
2.974000280787320349e+01
2.990870008997254459e+01
2.990870008997254459e+01
3.020438893720774942e+01
3.020438893720774942e+01
3.018283317338397964e+01
2.973719118650491922e+01
2.956849390440558167e+01
2.956849390440558167e+01
2.939979662230623703e+01
2.939979662230623703e+01
2.956849390440558167e+01
2.956849390440558167e+01
2.956849390440558167e+01
3.037308621930710117e+01
3.020438893720775653e+01
3.020438893720775653e+01
3.020438893720775653e+01
3.037308621930710117e+01
3.037308621930709407e+01
3.037308621930709407e+01
3.001835332333716266e+01
2.984965604123782512e+01
3.031407357825745308e+01
3.014537629615811198e+01
2.980798173195942269e+01
2.980798173195942269e+01
2.980798173195942269e+01
2.995512325023498690e+01
2.988714432614876770e+01
2.988714432614876770e+01
2.973719118650491922e+01
2.985668509465861931e+01
2.970251452296225025e+01
3.003990908716093955e+01
3.003990908716093955e+01
3.003990908716093955e+01
3.003990908716093955e+01
3.003990908716094310e+01
3.018705060543651086e+01
3.035574788753585551e+01
3.031685379194064822e+01
3.038483271602686742e+01
3.038483271602686742e+01
3.055352999812621206e+01
3.047574180693599644e+01
3.047574180693599644e+01
3.047574180693599644e+01
3.047574180693599644e+01
2.997386739269049016e+01
2.969270525585824672e+01
2.969270525585824672e+01
2.985718510590506369e+01
3.019457967010375299e+01
3.019457967010375299e+01
3.019457967010375299e+01
3.019457967010375299e+01
3.027236786129397217e+01
3.020438893720775297e+01
3.014815650984130713e+01
2.984543860918529035e+01
2.984543860918529035e+01
2.984543860918529035e+01
2.967674132708594570e+01
2.967674132708594570e+01
2.977467947141586890e+01
2.977467947141586890e+01
2.968095875913847337e+01
3.037308621930709762e+01
3.052022773758266894e+01
3.052022773758266894e+01
3.052022773758266894e+01
3.052022773758266894e+01
3.035153045548332429e+01
3.037308621930709762e+01
3.013081817807006146e+01
3.013081817807006146e+01
2.993919072914782120e+01
2.993919072914781765e+01
2.993919072914781765e+01
3.010788801124715874e+01
2.998367665979449370e+01
3.031685379194064822e+01
3.031685379194064822e+01
3.031685379194064822e+01
3.031685379194064822e+01
3.014537629615811198e+01
3.014537629615811198e+01
3.014537629615811198e+01
3.015990300656107692e+01
2.995512325023498690e+01
2.995512325023498690e+01
2.980517011059113841e+01
2.980517011059113841e+01
2.973719118650491922e+01
3.026062136457420237e+01
3.038483271602686742e+01
3.055352999812620851e+01
3.055352999812620851e+01
3.055352999812620851e+01
3.053197423430244228e+01
3.053197423430244228e+01
3.019457967010375299e+01
3.019457967010375299e+01
2.974893768322469256e+01
2.974893768322469256e+01
2.991341753327150954e+01
2.986421415932587209e+01
2.986421415932587209e+01
2.979623523523965289e+01
2.979623523523965289e+01
2.988714432614876770e+01
3.026062136457419882e+01
3.009192408247486483e+01
2.992322680037552018e+01
2.992322680037552018e+01
3.009192408247485773e+01
3.009192408247485773e+01
3.009192408247485773e+01
3.009192408247485773e+01
3.009192408247486128e+01
3.023906560075043259e+01
3.037308621930709762e+01
3.037308621930709762e+01
3.052022773758266894e+01
3.052022773758266894e+01
3.052022773758266894e+01
3.052022773758266894e+01
3.054178350140644227e+01
3.037308621930709762e+01
3.001835332333716266e+01
2.979342361387136506e+01
2.962472633177202042e+01
2.945602904967268287e+01
2.958024040112535502e+01
2.958024040112535502e+01
2.958024040112535502e+01
2.958024040112535502e+01
2.958024040112535502e+01
3.008633224742338186e+01
2.987121180506159490e+01
2.987121180506159490e+01
2.979342361387137217e+01
2.979342361387137217e+01
3.023906560075043259e+01
3.023906560075043259e+01
3.023906560075043259e+01
3.023906560075043259e+01
3.040776288284977724e+01
2.969270525585824672e+01
2.969270525585824672e+01
2.969270525585824672e+01
3.019457967010375299e+01
3.019457967010375299e+01
3.019457967010375299e+01
3.019457967010375299e+01
3.012660074601752669e+01
3.029529802811687134e+01
3.012660074601753024e+01
3.007458575070361206e+01
3.007458575070361206e+01
3.007458575070361206e+01
3.024328303280295671e+01
3.024328303280295671e+01
3.009614151452738895e+01
3.026483879662673360e+01
2.990588846860426742e+01
3.027236786129397927e+01
3.027236786129397927e+01
3.027236786129397217e+01
3.027236786129397217e+01
3.027236786129397217e+01
3.044106514339331326e+01
3.044106514339332037e+01
3.037308621930709407e+01
3.007458575070360851e+01
3.031685379194064822e+01
3.044106514339331326e+01
3.044106514339331326e+01
3.044106514339331326e+01
3.044106514339332037e+01
3.044106514339332037e+01
3.027236786129397927e+01
3.003291144142522029e+01
3.010367057919463107e+01
3.052022773758266894e+01
3.035153045548332429e+01
3.035153045548332429e+01
3.035153045548332429e+01
3.020438893720775297e+01
3.020438893720775297e+01
3.020438893720775653e+01
3.020438893720775653e+01
3.003569165510841188e+01
3.012660074601753379e+01
3.031685379194065177e+01
3.031685379194065177e+01
3.029529802811687844e+01
3.029529802811687844e+01
3.014815650984130713e+01
3.014815650984130713e+01
3.027236786129397217e+01
3.027236786129397217e+01
3.009192408247485417e+01
3.009192408247485773e+01
3.009192408247485773e+01
2.981497937769514195e+01
2.981497937769514195e+01
2.979623523523965289e+01
2.979623523523965289e+01
2.994337675351521710e+01
3.011207403561456175e+01
2.991763496532403366e+01
2.991763496532403366e+01
2.991763496532403366e+01
2.974893768322469612e+01
2.974893768322469612e+01
2.982672587441491530e+01
2.982672587441491530e+01
2.975874695032869610e+01
3.009614151452738540e+01
3.031126195688917235e+01
3.014256467478982771e+01
2.963647282849180087e+01
2.963647282849180087e+01
2.963647282849180087e+01
2.956849390440557457e+01
2.956849390440557457e+01
2.973719118650491922e+01
2.973719118650491922e+01
3.027236786129397572e+01
2.992466401874484561e+01
2.992466401874484561e+01
2.982672587441492240e+01
2.986140253795759136e+01
2.969270525585824672e+01
2.969270525585824672e+01
2.969270525585824672e+01
2.962472633177202752e+01
3.008211481537086129e+01
3.008211481537086129e+01
2.991763496532404432e+01
2.984965604123782512e+01
2.984965604123782512e+01
3.035153045548332429e+01
3.048555107403999287e+01
3.048555107403999287e+01
3.031685379194065177e+01
3.031685379194064822e+01
3.030232708153767973e+01
2.994337675351521355e+01
2.994337675351521355e+01
2.994337675351521355e+01
2.977467947141586890e+01
2.962753795314030469e+01
2.977467947141586890e+01
2.977467947141586890e+01
2.963175538519283236e+01
2.962753795314030469e+01
2.962753795314030469e+01
2.977467947141586890e+01
2.977467947141586890e+01
3.012660074601752669e+01
3.012660074601752669e+01
3.012660074601752669e+01
3.029529802811687134e+01
