1.793128131710959305e-01
-1.785969935576085799e-01
-1.785969935576085799e-01
-1.785969935576085799e-01
-5.365068002863130348e-01
-3.575518969219627086e-01
-3.575518969219627086e-01
-3.575518969219627086e-01
-7.154617036506671912e-01
-3.575518969219627086e-01
-3.575518969219588783e-01
3.579098067455527450e-04
3.582677165354500870e-01
3.582677165354500870e-01
3.582677165354500870e-01
3.579098067417778241e-04
-3.575518969219627086e-01
-7.154617036506671912e-01
-7.154617036506671912e-01
-7.154617036506671912e-01
1.793128131710959305e-01
-1.785969935576085799e-01
-1.785969935576085799e-01
-1.785969935576085799e-01
-5.365068002863130348e-01
1.793128131710959305e-01
1.793128131710959305e-01
-1.785969935576085799e-01
-5.365068002863130348e-01
-5.365068002863130348e-01
3.582677165354500870e-01
3.582677165354500870e-01
3.582677165354500870e-01
3.579098067455527450e-04
-3.575518969219588783e-01
1.793128131710959305e-01
-1.785969935576085799e-01
-1.785969935576085799e-01
-5.365068002863130348e-01
-5.365068002863130348e-01
-5.365068002863130348e-01
-1.785969935576085799e-01
-1.785969935576085799e-01
-1.785969935576085799e-01
1.793128131710959305e-01
3.579098067417778241e-04
-3.575518969219627086e-01
-3.575518969219627086e-01
-7.154617036506671912e-01
-7.154617036506671912e-01
1.793128131710959305e-01
-1.785969935576085799e-01
-5.365068002863130348e-01
-5.365068002863130348e-01
-5.365068002863130348e-01
-1.785969935576085799e-01
-1.785969935576085799e-01
-5.365068002863130348e-01
-5.365068002863130348e-01
-1.785969935576085799e-01
1.793128131710959305e-01
-1.785969935576085799e-01
-1.785969935576085799e-01
-1.785969935576085799e-01
-5.365068002863130348e-01
1.793128131710959305e-01
1.793128131710959305e-01
-1.785969935576085799e-01
-5.365068002863130348e-01
-5.365068002863130348e-01
-1.785969935576085799e-01
-1.785969935576085799e-01
-1.785969935576085799e-01
-5.365068002863130348e-01
-1.785969935576085799e-01
-3.575518969219627086e-01
-7.154617036506671912e-01
-3.575518969219627086e-01
-3.575518969219627086e-01
-3.575518969219627086e-01
-7.154617036506671912e-01
-7.154617036506671912e-01
-3.575518969219627086e-01
3.579098067417778241e-04
3.579098067417778241e-04
3.582677165354500870e-01
3.582677165354500870e-01
3.579098067455527450e-04
-3.575518969219588783e-01
-3.575518969219588783e-01
-3.575518969219627086e-01
-3.575518969219627086e-01
-3.575518969219627086e-01
-7.154617036506671912e-01
-3.575518969219627086e-01
-5.365068002863130348e-01
-1.785969935576085799e-01
1.793128131710959305e-01
1.793128131710959305e-01
1.793128131710959305e-01
-5.365068002863130348e-01
-1.785969935576085799e-01
-1.785969935576085799e-01
-1.785969935576085799e-01
1.793128131710959305e-01
-1.785969935576085799e-01
1.793128131710959305e-01
-1.785969935576085799e-01
-1.785969935576085799e-01
-1.785969935576085799e-01
-3.575518969219588783e-01
3.579098067455527450e-04
3.582677165354500870e-01
3.582677165354500870e-01
3.582677165354500870e-01
-1.785969935576085799e-01
-1.785969935576085799e-01
-1.785969935576085799e-01
-5.365068002863130348e-01
-1.785969935576085799e-01
3.579098067455527450e-04
3.582677165354500870e-01
3.582677165354500870e-01
3.582677165354500870e-01
3.579098067455527450e-04
1.793128131710959305e-01
-1.785969935576085799e-01
-1.785969935576085799e-01
-5.365068002863130348e-01
-5.365068002863130348e-01
-1.785969935576085799e-01
-5.365068002863130348e-01
-1.785969935576085799e-01
-1.785969935576085799e-01
-1.785969935576085799e-01
-1.785969935576085799e-01
-1.785969935576085799e-01
1.793128131710959305e-01
1.793128131710959305e-01
-1.785969935576085799e-01
-7.154617036506671912e-01
-7.154617036506671912e-01
-3.575518969219627086e-01
-3.575518969219627086e-01
3.579098067417778241e-04
-1.785969935576085799e-01
-1.785969935576085799e-01
-1.785969935576085799e-01
1.793128131710959305e-01
-1.785969935576085799e-01
-5.365068002863130348e-01
-5.365068002863130348e-01
-1.785969935576085799e-01
-1.785969935576085799e-01
1.793128131710959305e-01
-1.785969935576085799e-01
-1.785969935576085799e-01
-1.785969935576085799e-01
1.793128131710959305e-01
-1.785969935576085799e-01
-3.575518969219588783e-01
3.579098067455527450e-04
3.582677165354500870e-01
3.582677165354500870e-01
3.582677165354500870e-01
3.582677165354500870e-01
3.582677165354500870e-01
3.582677165354500870e-01
3.579098067455527450e-04
-3.575518969219588783e-01
1.793128131710959305e-01
1.793128131710959305e-01
-1.785969935576085799e-01
-1.785969935576085799e-01
-5.365068002863130348e-01
-1.785969935576085799e-01
-1.785969935576085799e-01
-1.785969935576085799e-01
-5.365068002863130348e-01
-1.785969935576085799e-01
-3.575518969219588783e-01
3.579098067455527450e-04
3.579098067455527450e-04
3.582677165354500870e-01
3.582677165354500870e-01
-5.365068002863130348e-01
-5.365068002863130348e-01
-1.785969935576085799e-01
-1.785969935576085799e-01
1.793128131710959305e-01
1.793128131710959305e-01
1.793128131710959305e-01
-1.785969935576085799e-01
-5.365068002863130348e-01
-5.365068002863130348e-01
-3.575518969219627086e-01
-3.575518969219627086e-01
-7.154617036506671912e-01
-7.154617036506671912e-01
-3.575518969219627086e-01
