-1.294605031057301237e-01
-1.178426822486083464e-01
-1.294605031057301237e-01
-1.294605031057301237e-01
-1.294605031057301237e-01
-1.294605031057301237e-01
-1.294605031057301237e-01
-1.294605031057301237e-01
-1.294605031057301237e-01
-1.294605031057301237e-01
-1.273340602815872524e-01
-1.294605031057301237e-01
-1.294605031057301237e-01
-1.294605031057301237e-01
-1.294605031057301237e-01
-1.294605031057301237e-01
-1.273340602815872524e-01
-1.156878608938151504e-01
-1.156878608938151504e-01
-1.156878608938151504e-01
-1.156878608938151504e-01
-1.156878608938151504e-01
-1.156878608938151504e-01
-1.156878608938151504e-01
-1.156878608938151504e-01
-1.178426822486083464e-01
-1.156878608938151504e-01
-1.156878608938151504e-01
-1.156878608938151504e-01
-1.156878608938151504e-01
-1.156878608938151504e-01
-1.156878608938151504e-01
-1.306211281057324536e-01
-1.325661678255337927e-01
-1.306211281057324536e-01
-1.306211281057324536e-01
-1.306211281057324536e-01
-1.306211281057324536e-01
-1.306211281057324536e-01
-1.306211281057324536e-01
-1.306211281057324536e-01
-1.306211281057324536e-01
-1.284780987431300148e-01
-1.306211281057324536e-01
-1.306211281057324536e-01
-1.306211281057324536e-01
-1.306211281057324536e-01
-1.306211281057324536e-01
-1.284780987431300148e-01
-1.304279330092034395e-01
-1.304279330092034395e-01
-1.304279330092034395e-01
-1.304279330092034395e-01
-1.304279330092034395e-01
-1.304279330092034395e-01
-1.304279330092034395e-01
-1.304279330092034395e-01
-1.325661678255337927e-01
-1.304279330092034395e-01
-1.304279330092034395e-01
-1.304279330092034395e-01
-1.304279330092034395e-01
-1.304279330092034395e-01
-1.304279330092034395e-01
