-5.634042584348931959e-02
-5.634042584348931959e-02
-5.634042584348931959e-02
-5.634042584348931959e-02
-5.634042584348931959e-02
-5.634042584348931959e-02
-6.232610414714481045e-02
-5.634042584348931959e-02
-5.634042584348931959e-02
-5.634042584348931959e-02
-5.634042584348931959e-02
-5.634042584348931959e-02
-5.634042584348931959e-02
-5.634042584348931959e-02
-5.634042584348931959e-02
-5.634042584348931959e-02
-6.232610414714481045e-02
-6.232610414714481045e-02
-6.232610414714481045e-02
-6.232610414714481045e-02
-6.232610414714481045e-02
-5.634042584348931959e-02
-6.232610414714481045e-02
-6.232610414714481045e-02
-6.232610414714481045e-02
-6.232610414714481045e-02
-6.232610414714481045e-02
-6.232610414714481045e-02
-6.232610414714481045e-02
-6.232610414714481045e-02
-6.232610414714481045e-02
-6.232610414714481045e-02
-6.571249707123252848e-02
-6.571249707123252848e-02
-6.571249707123252848e-02
-6.571249707123252848e-02
-6.571249707123252848e-02
-6.571249707123252848e-02
-7.169817537488802628e-02
-6.571249707123252848e-02
-6.571249707123252848e-02
-6.571249707123252848e-02
-6.571249707123252848e-02
-6.571249707123252848e-02
-6.571249707123252848e-02
-6.571249707123252848e-02
-6.571249707123252848e-02
-6.571249707123252848e-02
-7.169817537488802628e-02
-7.169817537488802628e-02
-7.169817537488802628e-02
-7.169817537488802628e-02
-7.169817537488802628e-02
-6.571249707123252848e-02
-7.169817537488802628e-02
-7.169817537488802628e-02
-7.169817537488802628e-02
-7.169817537488802628e-02
-7.169817537488802628e-02
-7.169817537488802628e-02
-7.169817537488802628e-02
-7.169817537488802628e-02
-7.169817537488802628e-02
-7.169817537488802628e-02
