-1.077638631093131086e-02
-1.077638631093131086e-02
-1.077638631093131086e-02
-1.077638631093131086e-02
-1.077638631093131086e-02
-1.077638631093131086e-02
-1.077638631093131086e-02
-1.077638631093131086e-02
-6.039915319169799832e-03
-8.407733967184246454e-03
-1.077638631093131086e-02
1.705379458339433170e-03
-1.077638631093131086e-02
-1.077638631093131086e-02
-1.077638631093131086e-02
-1.077638631093131086e-02
8.851731102893859934e-03
8.851731102893859934e-03
8.851731102893859934e-03
8.851731102893859934e-03
8.851731102893859934e-03
8.851731102893859934e-03
8.851731102893859934e-03
4.103918840098248581e-03
6.441850450100808020e-03
8.851731102893859934e-03
-3.659921704388634667e-03
8.851731102893859934e-03
8.851731102893859934e-03
8.851731102893859934e-03
8.851731102893859934e-03
8.851731102893859934e-03
-4.651386310927070958e-03
-4.651386310927070958e-03
-4.651386310927070958e-03
-4.651386310927070958e-03
-4.651386310927070958e-03
-4.651386310927070958e-03
-4.651386310927070958e-03
-4.651386310927070958e-03
1.144116039082376801e-04
-2.282733967176862368e-03
-4.651386310927070958e-03
-1.209306256319304766e-02
-4.651386310927070958e-03
-4.651386310927070958e-03
-4.651386310927070958e-03
-4.651386310927070958e-03
-4.964980149412148366e-03
-4.964980149412148366e-03
-4.964980149412148366e-03
-4.964980149412148366e-03
-4.964980149412148366e-03
-4.964980149412148366e-03
-4.964980149412148366e-03
-9.742119335280054193e-03
-7.327264648359379205e-03
-4.964980149412148366e-03
2.494405218691042592e-03
-4.964980149412148366e-03
-4.964980149412148366e-03
-4.964980149412148366e-03
-4.964980149412148366e-03
-4.964980149412148366e-03
