-6.718603561386642109e-02
-6.718603561386642109e-02
-6.718603561386642109e-02
-6.718603561386642109e-02
-6.718603561386642109e-02
-6.718603561386642109e-02
-6.718603561386642109e-02
-6.718603561386642109e-02
-6.271965791939479451e-02
-6.718603561386642109e-02
-6.718603561386642109e-02
-5.541603209934000546e-02
-6.718603561386642109e-02
-6.718603561386642109e-02
-6.718603561386642109e-02
-6.718603561386642109e-02
-5.094965440486817765e-02
-5.094965440486817765e-02
-5.094965440486817765e-02
-5.094965440486817765e-02
-5.094965440486817765e-02
-5.094965440486817765e-02
-5.094965440486817765e-02
-5.541603209934000546e-02
-5.094965440486817765e-02
-5.094965440486817765e-02
-6.271965791939479451e-02
-5.094965440486817765e-02
-5.094965440486817765e-02
-5.094965440486817765e-02
-5.094965440486817765e-02
-5.094965440486817765e-02
-6.718603561386235490e-02
-6.718603561386235490e-02
-6.718603561386235490e-02
-6.718603561386235490e-02
-6.718603561386235490e-02
-6.718603561386235490e-02
-6.718603561386235490e-02
-6.718603561386235490e-02
-6.271965791939479451e-02
-6.718603561386235490e-02
-6.718603561386235490e-02
-7.416017455481831167e-02
-6.718603561386235490e-02
-6.718603561386235490e-02
-6.718603561386235490e-02
-6.718603561386235490e-02
-6.969379686035065413e-02
-6.969379686035065413e-02
-6.969379686035065413e-02
-6.969379686035065413e-02
-6.969379686035065413e-02
-6.969379686035065413e-02
-6.969379686035065413e-02
-7.416017455481831167e-02
-6.969379686035065413e-02
-6.969379686035065413e-02
-6.271965791939479451e-02
-6.969379686035065413e-02
-6.969379686035065413e-02
-6.969379686035065413e-02
-6.969379686035065413e-02
-6.969379686035065413e-02
