-1.834203874373383503e-01
-1.834203874373383503e-01
-2.005469309233801067e-01
-1.834203874373383503e-01
-1.834203874373383503e-01
-1.834203874373383503e-01
-1.834203874373383503e-01
-1.876845472440683560e-01
-1.834203874373383503e-01
-1.834203874373383503e-01
-1.834203874373383503e-01
-1.834203874373383503e-01
-1.834203874373383503e-01
-1.834203874373383503e-01
-1.834203874373383503e-01
-1.834203874373383503e-01
-2.048110907301100847e-01
-1.876845472440683560e-01
-2.048110907301100847e-01
-2.048110907301100847e-01
-2.048110907301100847e-01
-2.048110907301100847e-01
-2.005469309233801067e-01
-2.048110907301100847e-01
-2.048110907301100847e-01
-2.048110907301100847e-01
-2.048110907301100847e-01
-2.048110907301100847e-01
-2.048110907301100847e-01
-2.048110907301100847e-01
-2.048110907301100847e-01
-2.048110907301100847e-01
-1.834203874373383503e-01
-1.834203874373383503e-01
-1.647559502505101248e-01
-1.834203874373383503e-01
-1.834203874373383503e-01
-1.834203874373383503e-01
-1.834203874373383503e-01
-1.876845472440683560e-01
-1.834203874373383503e-01
-1.834203874373383503e-01
-1.834203874373383503e-01
-1.834203874373383503e-01
-1.834203874373383503e-01
-1.834203874373383503e-01
-1.834203874373383503e-01
-1.834203874373383503e-01
-1.690201100572400195e-01
-1.876845472440683560e-01
-1.690201100572400195e-01
-1.690201100572400195e-01
-1.690201100572400195e-01
-1.690201100572400195e-01
-1.647559502505101248e-01
-1.690201100572400195e-01
-1.690201100572400195e-01
-1.690201100572400195e-01
-1.690201100572400195e-01
-1.690201100572400195e-01
-1.690201100572400195e-01
-1.690201100572400195e-01
-1.690201100572400195e-01
-1.690201100572400195e-01
