-1.864262705797972430e-01
-1.864262705797972430e-01
-1.864262705797972430e-01
-1.864262705797972430e-01
-1.864262705797972430e-01
-1.788766105941123619e-01
-1.864262705797972430e-01
-1.864262705797972430e-01
-1.864262705797972430e-01
-1.864262705797972430e-01
-1.864262705797972430e-01
-1.864262705797972430e-01
-1.864262705797972430e-01
-1.864262705797972430e-01
-1.872651216893164716e-01
-1.864262705797972430e-01
-1.797154617036315905e-01
-1.797154617036315905e-01
-1.797154617036315905e-01
-1.797154617036315905e-01
-1.872651216893164716e-01
-1.797154617036315905e-01
-1.797154617036315905e-01
-1.797154617036315905e-01
-1.797154617036315905e-01
-1.797154617036315905e-01
-1.797154617036315905e-01
-1.797154617036315905e-01
-1.797154617036315905e-01
-1.788766105941123619e-01
-1.797154617036315905e-01
-1.797154617036315905e-01
-1.506352899069271778e-01
-1.506352899069271778e-01
-1.506352899069271778e-01
-1.506352899069271778e-01
-1.506352899069271778e-01
-1.788766105941162199e-01
-1.506352899069271778e-01
-1.506352899069271778e-01
-1.506352899069271778e-01
-1.506352899069271778e-01
-1.506352899069271778e-01
-1.506352899069271778e-01
-1.506352899069271778e-01
-1.506352899069271778e-01
-1.514741410164464064e-01
-1.506352899069271778e-01
-1.797154617036354762e-01
-1.797154617036354762e-01
-1.797154617036354762e-01
-1.797154617036354762e-01
-1.514741410164464064e-01
-1.797154617036354762e-01
-1.797154617036354762e-01
-1.797154617036354762e-01
-1.797154617036354762e-01
-1.797154617036354762e-01
-1.797154617036354762e-01
-1.797154617036354762e-01
-1.797154617036354762e-01
-1.788766105941162199e-01
-1.797154617036354762e-01
-1.797154617036354762e-01
