-1.987411928029986508e-01
-1.987411928029986508e-01
-1.987411928029986508e-01
-1.987411928029986508e-01
-1.987411928029986508e-01
-2.013552205599106193e-01
-2.038236161569285665e-01
-1.987411928029986508e-01
-1.987411928029986508e-01
-1.987411928029986508e-01
-1.987411928029986508e-01
-1.987411928029986508e-01
-1.987411928029986508e-01
-1.987411928029986508e-01
-1.987411928029986508e-01
-1.987411928029986508e-01
-2.064210630093934740e-01
-2.064210630093934740e-01
-2.064210630093934740e-01
-2.064210630093934740e-01
-2.038236161569285665e-01
-2.013552205599106193e-01
-2.064210630093934740e-01
-2.064210630093934740e-01
-2.064210630093934740e-01
-2.064210630093934740e-01
-2.064210630093934740e-01
-2.064210630093934740e-01
-2.064210630093934740e-01
-2.064210630093934740e-01
-2.064210630093934740e-01
-2.064210630093934740e-01
-2.128336687645385472e-01
-2.128336687645385472e-01
-2.128336687645385472e-01
-2.128336687645385472e-01
-2.128336687645385472e-01
-2.031523840214476961e-01
-2.178767892338532297e-01
-2.128336687645385472e-01
-2.128336687645385472e-01
-2.128336687645385472e-01
-2.128336687645385472e-01
-2.128336687645385472e-01
-2.128336687645385472e-01
-2.128336687645385472e-01
-2.128336687645385472e-01
-2.128336687645385472e-01
-2.082575293555490314e-01
-2.082575293555490314e-01
-2.082575293555490314e-01
-2.082575293555490314e-01
-2.178767892338532297e-01
-2.031523840214476961e-01
-2.082575293555490314e-01
-2.082575293555490314e-01
-2.082575293555490314e-01
-2.082575293555490314e-01
-2.082575293555490314e-01
-2.082575293555490314e-01
-2.082575293555490314e-01
-2.082575293555490314e-01
-2.082575293555490314e-01
-2.082575293555490314e-01
