-1.612257851646123896e-01
-1.918438506621074069e-01
-1.612257851646123896e-01
-1.612257851646123896e-01
-1.593733222977532504e-01
-1.612257851646123896e-01
-1.612257851646123896e-01
-1.612257851646123896e-01
-1.612257851646123896e-01
-1.612257851646123896e-01
-1.612257851646123896e-01
-1.612257851646123896e-01
-1.612257851646123896e-01
-1.612257851646123896e-01
-1.612257851646123896e-01
-1.612257851646123896e-01
-1.593733222977532504e-01
-1.899913877952481567e-01
-1.899913877952481567e-01
-1.918438506621074069e-01
-1.899913877952481567e-01
-1.899913877952481567e-01
-1.899913877952481567e-01
-1.899913877952481567e-01
-1.899913877952481567e-01
-1.899913877952481567e-01
-1.899913877952481567e-01
-1.899913877952481567e-01
-1.899913877952481567e-01
-1.899913877952481567e-01
-1.899913877952481567e-01
-1.899913877952481567e-01
-1.612257851646085316e-01
-1.560528699892334559e-01
-1.612257851646085316e-01
-1.612257851646085316e-01
-1.951643029706232324e-01
-1.612257851646085316e-01
-1.612257851646085316e-01
-1.612257851646085316e-01
-1.612257851646085316e-01
-1.612257851646085316e-01
-1.612257851646085316e-01
-1.612257851646085316e-01
-1.612257851646085316e-01
-1.612257851646085316e-01
-1.612257851646085316e-01
-1.612257851646085316e-01
-1.951643029706232324e-01
-1.899913877952481567e-01
-1.899913877952481567e-01
-1.560528699892334559e-01
-1.899913877952481567e-01
-1.899913877952481567e-01
-1.899913877952481567e-01
-1.899913877952481567e-01
-1.899913877952481567e-01
-1.899913877952481567e-01
-1.899913877952481567e-01
-1.899913877952481567e-01
-1.899913877952481567e-01
-1.899913877952481567e-01
-1.899913877952481567e-01
-1.899913877952481567e-01
