-1.250699698203592766e-02
-1.250699698203592766e-02
-1.250699698203592766e-02
-7.538185755493032048e-03
-1.250699698203592766e-02
-1.250699698203592766e-02
-1.250699698203592766e-02
-1.250699698203592766e-02
-1.250699698203592766e-02
-1.250699698203592766e-02
-1.250699698203592766e-02
-1.250699698203592766e-02
-1.250699698203592766e-02
-1.413130024225071543e-02
-1.250699698203592766e-02
-1.427325409771831692e-02
-1.093401393487825925e-02
-1.093401393487825925e-02
-1.589465208449630448e-02
-1.093401393487825925e-02
-1.093401393487825925e-02
-1.093401393487825925e-02
-1.093401393487825925e-02
-1.093401393487825925e-02
-1.093401393487825925e-02
-1.093401393487825925e-02
-1.093401393487825925e-02
-1.093401393487825925e-02
-9.304442871175421306e-03
-1.093401393487825925e-02
-9.170662092632671930e-03
-1.093401393487825925e-02
-6.391972943569830881e-03
-6.391972943569830881e-03
-6.391972943569830881e-03
-1.392392486262012318e-03
-6.391972943569830881e-03
-6.391972943569830881e-03
-6.391972943569830881e-03
-6.391972943569830881e-03
-6.391972943569830881e-03
-6.391972943569830881e-03
-6.391972943569830881e-03
-6.391972943569830881e-03
-6.391972943569830881e-03
-8.016276203784755694e-03
-6.391972943569830881e-03
-8.169167559254940716e-03
-4.799158165649823268e-03
-4.799158165649823268e-03
-9.790565546032926544e-03
-4.799158165649823268e-03
-4.799158165649823268e-03
-4.799158165649823268e-03
-4.799158165649823268e-03
-4.799158165649823268e-03
-4.799158165649823268e-03
-4.799158165649823268e-03
-4.799158165649823268e-03
-4.799158165649823268e-03
-3.169587101946984460e-03
-4.799158165649823268e-03
-3.024868823401651551e-03
-4.799158165649823268e-03
