-6.870533622305018129e-02
-6.870533622305018129e-02
-6.870533622305018129e-02
-6.401930060917650211e-02
-6.870533622305018129e-02
-6.870533622305018129e-02
-6.870533622305018129e-02
-6.870533622305018129e-02
-6.870533622305018129e-02
-6.870533622305018129e-02
-6.870533622305018129e-02
-6.870533622305018129e-02
-6.870533622305018129e-02
-6.870533622305018129e-02
-6.870533622305018129e-02
-7.037107544516582602e-02
-6.568503983129213297e-02
-6.568503983129213297e-02
-7.037107544516582602e-02
-6.568503983129213297e-02
-6.568503983129213297e-02
-6.568503983129213297e-02
-6.568503983129213297e-02
-6.568503983129213297e-02
-6.568503983129213297e-02
-6.568503983129213297e-02
-6.568503983129213297e-02
-6.568503983129213297e-02
-6.568503983129213297e-02
-6.568503983129213297e-02
-6.401930060917650211e-02
-6.568503983129213297e-02
-6.870533622304612897e-02
-6.870533622304612897e-02
-6.870533622304612897e-02
-6.401930060917650211e-02
-6.870533622304612897e-02
-6.870533622304612897e-02
-6.870533622304612897e-02
-6.870533622304612897e-02
-6.870533622304612897e-02
-6.870533622304612897e-02
-6.870533622304612897e-02
-6.870533622304612897e-02
-6.870533622304612897e-02
-6.870533622304612897e-02
-6.870533622304612897e-02
-7.037107544516582602e-02
-6.568503983129619916e-02
-6.568503983129619916e-02
-7.037107544516582602e-02
-6.568503983129619916e-02
-6.568503983129619916e-02
-6.568503983129619916e-02
-6.568503983129619916e-02
-6.568503983129619916e-02
-6.568503983129619916e-02
-6.568503983129619916e-02
-6.568503983129619916e-02
-6.568503983129619916e-02
-6.568503983129619916e-02
-6.568503983129619916e-02
-6.401930060917650211e-02
-6.568503983129619916e-02
