-1.134697897141578177e-01
-1.134697897141578177e-01
-1.134697897141578177e-01
-1.134697897141578177e-01
-1.134697897141578177e-01
-1.134697897141578177e-01
-1.134697897141578177e-01
-1.134697897141578177e-01
-1.134697897141578177e-01
-1.134697897141578177e-01
-1.134697897141578177e-01
-1.134697897141578177e-01
-1.164900861059077614e-01
-1.134697897141578177e-01
-1.134697897141578177e-01
-1.134697897141578177e-01
-1.164900861059077614e-01
-1.164900861059077614e-01
-1.164900861059077614e-01
-1.164900861059077614e-01
-1.164900861059077614e-01
-1.164900861059077614e-01
-1.164900861059077614e-01
-1.164900861059077614e-01
-1.164900861059077614e-01
-1.164900861059077614e-01
-1.164900861059077614e-01
-1.134697897141578177e-01
-1.164900861059077614e-01
-1.164900861059077614e-01
-1.164900861059077614e-01
-1.164900861059077614e-01
-1.228418609418969742e-01
-1.228418609418969742e-01
-1.228418609418969742e-01
-1.228418609418969742e-01
-1.228418609418969742e-01
-1.228418609418969742e-01
-1.228418609418969742e-01
-1.228418609418969742e-01
-1.228418609418969742e-01
-1.228418609418969742e-01
-1.228418609418969742e-01
-1.228418609418969742e-01
-1.258621573336509702e-01
-1.228418609418969742e-01
-1.228418609418969742e-01
-1.228418609418969742e-01
-1.258621573336509702e-01
-1.258621573336509702e-01
-1.258621573336509702e-01
-1.258621573336509702e-01
-1.258621573336509702e-01
-1.258621573336509702e-01
-1.258621573336509702e-01
-1.258621573336509702e-01
-1.258621573336509702e-01
-1.258621573336509702e-01
-1.258621573336509702e-01
-1.228418609418969742e-01
-1.258621573336509702e-01
-1.258621573336509702e-01
-1.258621573336509702e-01
-1.258621573336509702e-01
