-2.493529069518908292e-01
-2.493529069518908292e-01
-2.437819383239605842e-01
-2.493529069518908292e-01
-2.493529069518908292e-01
-2.493529069518908292e-01
-2.493529069518908292e-01
-2.493529069518908292e-01
-2.493529069518908292e-01
-2.493529069518908292e-01
-2.493529069518908292e-01
-2.493529069518908292e-01
-2.519102667353562142e-01
-2.493529069518908292e-01
-2.493529069518908292e-01
-2.493529069518908292e-01
-2.463582776935132335e-01
-2.519102667353562142e-01
-2.463582776935132335e-01
-2.463582776935132335e-01
-2.463582776935132335e-01
-2.463582776935132335e-01
-2.463582776935132335e-01
-2.463582776935132335e-01
-2.463582776935132335e-01
-2.463582776935132335e-01
-2.463582776935132335e-01
-2.437819383239605842e-01
-2.463582776935132335e-01
-2.463582776935132335e-01
-2.463582776935132335e-01
-2.463582776935132335e-01
-2.515289165672739413e-01
-2.515289165672739413e-01
-2.575359527470370002e-01
-2.515289165672739413e-01
-2.515289165672739413e-01
-2.515289165672739413e-01
-2.515289165672739413e-01
-2.515289165672739413e-01
-2.515289165672739413e-01
-2.515289165672739413e-01
-2.515289165672739413e-01
-2.515289165672739413e-01
-2.541061080815097406e-01
-2.515289165672739413e-01
-2.515289165672739413e-01
-2.515289165672739413e-01
-2.600924603858209005e-01
-2.541061080815097406e-01
-2.600924603858209005e-01
-2.600924603858209005e-01
-2.600924603858209005e-01
-2.600924603858209005e-01
-2.600924603858209005e-01
-2.600924603858209005e-01
-2.600924603858209005e-01
-2.600924603858209005e-01
-2.600924603858209005e-01
-2.575359527470370002e-01
-2.600924603858209005e-01
-2.600924603858209005e-01
-2.600924603858209005e-01
-2.600924603858209005e-01
