-1.193531339477298114e-01
-1.193531339477298114e-01
-3.704841848604005228e-01
-1.193531339477298114e-01
-6.535209377235592920e-02
-3.164831446850266405e-01
-6.535209377235592920e-02
-3.164831446850266405e-01
-3.704841848604005228e-01
-3.164831446850266405e-01
-1.193531339477336972e-01
-1.193531339477336972e-01
1.663805252326542583e-01
-1.193531339477336972e-01
-6.022168038654106548e-01
-3.164831446850227548e-01
-6.022168038654106548e-01
-3.164831446850227548e-01
1.663805252326542583e-01
-3.164831446850227548e-01
-1.193531339477298114e-01
-1.193531339477298114e-01
-1.020518298138712865e-01
-1.193531339477298114e-01
-6.535209377235592920e-02
-4.805078963849730711e-02
-6.535209377235592920e-02
-4.805078963849730711e-02
-1.020518298138712865e-01
-4.805078963849730711e-02
-1.193531339477298114e-01
-1.193531339477298114e-01
-1.020518298138712865e-01
-1.193531339477298114e-01
-6.535209377235592920e-02
-4.805078963849730711e-02
-6.535209377235592920e-02
-4.805078963849730711e-02
-1.020518298138712865e-01
-4.805078963849730711e-02
1.490792210987996191e-01
1.490792210987996191e-01
-3.704841848604005228e-01
1.490792210987996191e-01
6.886408375090873057e-02
-4.506993222082912864e-01
6.886408375090873057e-02
-4.506993222082912864e-01
-3.704841848604005228e-01
-4.506993222082912864e-01
-3.877854889942590200e-01
-3.877854889942590200e-01
-3.704841848604005228e-01
-3.877854889942590200e-01
6.886408375090873057e-02
8.616538788476735267e-02
6.886408375090873057e-02
8.616538788476735267e-02
-3.704841848604005228e-01
8.616538788476735267e-02
1.490792210987956223e-01
1.490792210987956223e-01
1.663805252326542583e-01
1.490792210987956223e-01
6.886408375090873057e-02
8.616538788476735267e-02
6.886408375090873057e-02
8.616538788476735267e-02
1.663805252326542583e-01
8.616538788476735267e-02
-3.877854889942590200e-01
-3.877854889942590200e-01
-3.704841848604005228e-01
-3.877854889942590200e-01
-4.680006263421499502e-01
-4.506993222082912864e-01
-4.680006263421499502e-01
-4.506993222082912864e-01
-3.704841848604005228e-01
-4.506993222082912864e-01
-2.535693114709944851e-01
-2.535693114709944851e-01
-4.375922736220328457e-01
-2.535693114709944851e-01
-6.535209377235592920e-02
-2.493750559233944009e-01
-6.535209377235592920e-02
-2.493750559233944009e-01
-4.375922736220328457e-01
-2.493750559233944009e-01
-2.535693114709944851e-01
-2.535693114709944851e-01
9.927243647102580726e-02
-2.535693114709944851e-01
-6.535209377235592920e-02
2.874896541696642660e-01
-6.535209377235592920e-02
2.874896541696642660e-01
9.927243647102580726e-02
2.874896541696642660e-01
-2.535693114709944851e-01
-2.535693114709944851e-01
-1.691599185755035262e-01
-2.535693114709944851e-01
-6.535209377235592920e-02
1.905729912313492216e-02
-6.535209377235592920e-02
1.905729912313492216e-02
-1.691599185755035262e-01
1.905729912313492216e-02
-2.535693114709983709e-01
-2.535693114709983709e-01
-1.691599185755073842e-01
-2.535693114709983709e-01
-6.022168038654106548e-01
-5.178074109699197791e-01
-6.022168038654106548e-01
-5.178074109699197791e-01
-1.691599185755073842e-01
-5.178074109699197791e-01
1.490792210987956223e-01
1.490792210987956223e-01
-3.494374105224283544e-02
1.490792210987956223e-01
-6.535209377235592920e-02
-2.493750559233944009e-01
-6.535209377235592920e-02
-2.493750559233944009e-01
-3.494374105224283544e-02
-2.493750559233944009e-01
-3.877854889942590200e-01
-3.877854889942590200e-01
-3.494374105223885946e-02
-3.877854889942590200e-01
-6.022168038654106548e-01
-2.493750559233904318e-01
-6.022168038654106548e-01
-2.493750559233904318e-01
-3.494374105223885946e-02
-2.493750559233904318e-01
1.490792210987996191e-01
1.490792210987996191e-01
-3.494374105223885946e-02
1.490792210987996191e-01
-6.535209377235592920e-02
-2.493750559233944009e-01
-6.535209377235592920e-02
-2.493750559233944009e-01
-3.494374105223885946e-02
-2.493750559233944009e-01
-3.877854889942590200e-01
-3.877854889942590200e-01
-5.718084511452975471e-01
-3.877854889942590200e-01
-6.535209377235592920e-02
-2.493750559233944009e-01
-6.535209377235592920e-02
-2.493750559233944009e-01
-5.718084511452975471e-01
-2.493750559233944009e-01
2.161873098604318311e-01
2.161873098604318311e-01
1.999345696134741390e-01
2.161873098604318311e-01
-6.535209377235592920e-02
-8.160483401931362124e-02
-6.535209377235592920e-02
-8.160483401931362124e-02
1.999345696134741390e-01
-8.160483401931362124e-02
-3.206774002326266970e-01
-3.206774002326266970e-01
-3.369301404795843058e-01
-3.206774002326266970e-01
-6.535209377235592920e-02
-8.160483401931362124e-02
-6.535209377235592920e-02
-8.160483401931362124e-02
-3.369301404795843058e-01
-8.160483401931362124e-02
-5.224504518609748849e-02
-5.224504518609748849e-02
-3.369301404795843058e-01
-5.224504518609748849e-02
-6.535209377235592920e-02
-3.500371890658428575e-01
-6.535209377235592920e-02
-3.500371890658428575e-01
-3.369301404795843058e-01
-3.500371890658428575e-01
-5.891097552791559888e-01
-5.891097552791559888e-01
-3.369301404795843058e-01
-5.891097552791559888e-01
-6.022168038654106548e-01
-3.500371890658389717e-01
-6.022168038654106548e-01
-3.500371890658389717e-01
-3.369301404795843058e-01
-3.500371890658389717e-01
-3.206774002326266970e-01
-3.206774002326266970e-01
-6.849778543305497236e-02
-3.206774002326266970e-01
-6.535209377235592920e-02
1.868275210272156983e-01
-6.535209377235592920e-02
1.868275210272156983e-01
-6.849778543305497236e-02
1.868275210272156983e-01
-3.206774002326266970e-01
-3.206774002326266970e-01
-6.849778543305497236e-02
-3.206774002326266970e-01
-6.022168038654145406e-01
-3.500371890658428575e-01
-6.022168038654145406e-01
-3.500371890658428575e-01
-6.849778543305497236e-02
-3.500371890658428575e-01
-5.224504518609748849e-02
-5.224504518609748849e-02
-3.369301404795843058e-01
-5.224504518609748849e-02
-6.535209377235592920e-02
-3.500371890658428575e-01
-6.535209377235592920e-02
-3.500371890658428575e-01
-3.369301404795843058e-01
-3.500371890658428575e-01
-5.224504518610126325e-02
-5.224504518610126325e-02
1.999345696134703643e-01
-5.224504518610126325e-02
-6.535209377235592920e-02
1.868275210272156983e-01
-6.535209377235592920e-02
1.868275210272156983e-01
1.999345696134703643e-01
1.868275210272156983e-01
1.486304357553494375e-02
1.486304357553494375e-02
-6.849778543305497236e-02
1.486304357553494375e-02
6.886408375090873057e-02
-1.449674525768119421e-02
6.886408375090873057e-02
-1.449674525768119421e-02
-6.849778543305497236e-02
-1.449674525768119421e-02
-5.220016665175236659e-01
-5.220016665175236659e-01
-6.053624955261136531e-01
-5.220016665175236659e-01
-4.680006263421499502e-01
-5.513614553507398819e-01
-4.680006263421499502e-01
-5.513614553507398819e-01
-6.053624955261136531e-01
-5.513614553507398819e-01
2.832953986220640985e-01
2.832953986220640985e-01
-6.849778543305497236e-02
2.832953986220640985e-01
6.886408375090873057e-02
-2.829291003042105346e-01
6.886408375090873057e-02
-2.829291003042105346e-01
-6.849778543305497236e-02
-2.829291003042105346e-01
-2.535693114709944851e-01
-2.535693114709944851e-01
-6.849778543305497236e-02
-2.535693114709944851e-01
6.886408375090873057e-02
2.539356097888481045e-01
6.886408375090873057e-02
2.539356097888481045e-01
-6.849778543305497236e-02
2.539356097888481045e-01
-1.193531339477298114e-01
-1.193531339477298114e-01
-2.027139629563197432e-01
-1.193531339477298114e-01
-6.535209377235592920e-02
-1.487129227809458609e-01
-6.535209377235592920e-02
-1.487129227809458609e-01
-2.027139629563197432e-01
-1.487129227809458609e-01
-1.193531339477298114e-01
-1.193531339477298114e-01
-2.027139629563197432e-01
-1.193531339477298114e-01
-6.535209377235592920e-02
-1.487129227809458609e-01
-6.535209377235592920e-02
-1.487129227809458609e-01
-2.027139629563197432e-01
-1.487129227809458609e-01
-3.877854889942590200e-01
-3.877854889942590200e-01
-4.711463180028489517e-01
-3.877854889942590200e-01
-6.535209377235592920e-02
-1.487129227809458609e-01
-6.535209377235592920e-02
-1.487129227809458609e-01
-4.711463180028489517e-01
-1.487129227809458609e-01
-3.877854889942590200e-01
-3.877854889942590200e-01
6.571839209020968742e-02
-3.877854889942590200e-01
-6.022168038654106548e-01
-1.487129227809419751e-01
-6.022168038654106548e-01
-1.487129227809419751e-01
6.571839209020968742e-02
-1.487129227809419751e-01
