9.641999999999999460e+00 2.589999999999999858e+00 2.649999999999999911e+00 4.504999999999999893e+00 5.024999999999999467e+00 7.017000000000000348e+00 8.698999999999999844e+00 3.058999999999999719e+00 3.477000000000000313e+00
9.641999999999999460e+00 2.589999999999999858e+00 2.649999999999999911e+00 4.504999999999999893e+00 4.625000000000000000e+00 7.017000000000000348e+00 8.698999999999999844e+00 3.058999999999999719e+00 3.477000000000000313e+00
9.641999999999999460e+00 2.589999999999999858e+00 2.649999999999999911e+00 4.504999999999999893e+00 4.625000000000000000e+00 7.017000000000000348e+00 8.298999999999999488e+00 3.058999999999999719e+00 3.477000000000000313e+00
9.641999999999999460e+00 2.589999999999999858e+00 2.649999999999999911e+00 4.105000000000000426e+00 4.625000000000000000e+00 7.017000000000000348e+00 8.298999999999999488e+00 3.058999999999999719e+00 3.477000000000000313e+00
9.641999999999999460e+00 2.589999999999999858e+00 3.049999999999999822e+00 4.105000000000000426e+00 4.625000000000000000e+00 7.017000000000000348e+00 8.298999999999999488e+00 3.058999999999999719e+00 3.477000000000000313e+00
9.241999999999999105e+00 2.589999999999999858e+00 3.049999999999999822e+00 4.105000000000000426e+00 4.625000000000000000e+00 7.017000000000000348e+00 8.298999999999999488e+00 3.058999999999999719e+00 3.477000000000000313e+00
9.241999999999999105e+00 2.589999999999999858e+00 3.049999999999999822e+00 4.105000000000000426e+00 4.625000000000000000e+00 7.017000000000000348e+00 8.298999999999999488e+00 3.058999999999999719e+00 3.877000000000000224e+00
9.241999999999999105e+00 2.189999999999999947e+00 3.049999999999999822e+00 4.105000000000000426e+00 4.625000000000000000e+00 7.017000000000000348e+00 8.298999999999999488e+00 3.058999999999999719e+00 3.877000000000000224e+00
9.241999999999999105e+00 2.189999999999999947e+00 3.049999999999999822e+00 4.105000000000000426e+00 4.625000000000000000e+00 7.416999999999999815e+00 8.298999999999999488e+00 3.058999999999999719e+00 3.877000000000000224e+00
9.241999999999999105e+00 2.189999999999999947e+00 3.049999999999999822e+00 4.105000000000000426e+00 4.625000000000000000e+00 7.416999999999999815e+00 8.298999999999999488e+00 2.658999999999999808e+00 3.877000000000000224e+00
9.241999999999999105e+00 2.589999999999999858e+00 2.450000000000000178e+00 4.305000000000000604e+00 4.625000000000000000e+00 7.017000000000000348e+00 8.698999999999999844e+00 2.459000000000000075e+00 3.477000000000000313e+00
9.241999999999999105e+00 2.589999999999999858e+00 2.450000000000000178e+00 4.705000000000000071e+00 4.625000000000000000e+00 7.017000000000000348e+00 8.698999999999999844e+00 2.459000000000000075e+00 3.477000000000000313e+00
9.241999999999999105e+00 2.589999999999999858e+00 2.450000000000000178e+00 4.705000000000000071e+00 4.625000000000000000e+00 7.017000000000000348e+00 8.698999999999999844e+00 2.858999999999999986e+00 3.477000000000000313e+00
9.241999999999999105e+00 2.589999999999999858e+00 2.450000000000000178e+00 4.705000000000000071e+00 4.625000000000000000e+00 7.017000000000000348e+00 8.298999999999999488e+00 2.858999999999999986e+00 3.477000000000000313e+00
9.241999999999999105e+00 2.589999999999999858e+00 2.450000000000000178e+00 4.705000000000000071e+00 5.024999999999999467e+00 7.017000000000000348e+00 8.298999999999999488e+00 2.858999999999999986e+00 3.477000000000000313e+00
9.241999999999999105e+00 2.189999999999999947e+00 2.450000000000000178e+00 4.705000000000000071e+00 5.024999999999999467e+00 7.017000000000000348e+00 8.298999999999999488e+00 2.858999999999999986e+00 3.477000000000000313e+00
9.241999999999999105e+00 2.189999999999999947e+00 2.450000000000000178e+00 4.705000000000000071e+00 5.024999999999999467e+00 7.416999999999999815e+00 8.298999999999999488e+00 2.858999999999999986e+00 3.477000000000000313e+00
9.641999999999999460e+00 2.189999999999999947e+00 2.450000000000000178e+00 4.705000000000000071e+00 5.024999999999999467e+00 7.416999999999999815e+00 8.298999999999999488e+00 2.858999999999999986e+00 3.477000000000000313e+00
9.641999999999999460e+00 2.189999999999999947e+00 2.450000000000000178e+00 4.705000000000000071e+00 5.024999999999999467e+00 7.416999999999999815e+00 8.298999999999999488e+00 2.858999999999999986e+00 3.877000000000000224e+00
9.641999999999999460e+00 2.189999999999999947e+00 2.850000000000000089e+00 4.705000000000000071e+00 5.024999999999999467e+00 7.416999999999999815e+00 8.298999999999999488e+00 2.858999999999999986e+00 3.877000000000000224e+00
9.241999999999999105e+00 1.989999999999999991e+00 2.850000000000000089e+00 4.504999999999999893e+00 5.024999999999999467e+00 7.017000000000000348e+00 8.499000000000000554e+00 3.058999999999999719e+00 3.477000000000000313e+00
9.241999999999999105e+00 1.989999999999999991e+00 2.850000000000000089e+00 4.504999999999999893e+00 5.024999999999999467e+00 7.017000000000000348e+00 8.899000000000000909e+00 3.058999999999999719e+00 3.477000000000000313e+00
9.241999999999999105e+00 1.989999999999999991e+00 2.850000000000000089e+00 4.105000000000000426e+00 5.024999999999999467e+00 7.017000000000000348e+00 8.899000000000000909e+00 3.058999999999999719e+00 3.477000000000000313e+00
9.241999999999999105e+00 1.989999999999999991e+00 2.450000000000000178e+00 4.105000000000000426e+00 5.024999999999999467e+00 7.017000000000000348e+00 8.899000000000000909e+00 3.058999999999999719e+00 3.477000000000000313e+00
9.241999999999999105e+00 1.989999999999999991e+00 2.450000000000000178e+00 4.105000000000000426e+00 5.024999999999999467e+00 7.017000000000000348e+00 8.899000000000000909e+00 2.658999999999999808e+00 3.477000000000000313e+00
9.241999999999999105e+00 1.989999999999999991e+00 2.450000000000000178e+00 4.105000000000000426e+00 5.024999999999999467e+00 7.416999999999999815e+00 8.899000000000000909e+00 2.658999999999999808e+00 3.477000000000000313e+00
9.641999999999999460e+00 1.989999999999999991e+00 2.450000000000000178e+00 4.105000000000000426e+00 5.024999999999999467e+00 7.416999999999999815e+00 8.899000000000000909e+00 2.658999999999999808e+00 3.477000000000000313e+00
9.641999999999999460e+00 1.989999999999999991e+00 2.450000000000000178e+00 4.105000000000000426e+00 5.024999999999999467e+00 7.416999999999999815e+00 8.899000000000000909e+00 2.658999999999999808e+00 3.877000000000000224e+00
9.641999999999999460e+00 2.389999999999999680e+00 2.450000000000000178e+00 4.105000000000000426e+00 5.024999999999999467e+00 7.416999999999999815e+00 8.899000000000000909e+00 2.658999999999999808e+00 3.877000000000000224e+00
9.641999999999999460e+00 2.389999999999999680e+00 2.450000000000000178e+00 4.105000000000000426e+00 4.625000000000000000e+00 7.416999999999999815e+00 8.899000000000000909e+00 2.658999999999999808e+00 3.877000000000000224e+00
9.241999999999999105e+00 2.189999999999999947e+00 2.450000000000000178e+00 4.305000000000000604e+00 5.224999999999999645e+00 7.017000000000000348e+00 8.899000000000000909e+00 2.858999999999999986e+00 3.877000000000000224e+00
9.241999999999999105e+00 2.189999999999999947e+00 2.450000000000000178e+00 4.305000000000000604e+00 5.224999999999999645e+00 7.416999999999999815e+00 8.899000000000000909e+00 2.858999999999999986e+00 3.877000000000000224e+00
9.241999999999999105e+00 2.189999999999999947e+00 2.450000000000000178e+00 4.305000000000000604e+00 5.224999999999999645e+00 7.416999999999999815e+00 8.899000000000000909e+00 2.459000000000000075e+00 3.877000000000000224e+00
9.641999999999999460e+00 2.189999999999999947e+00 2.450000000000000178e+00 4.305000000000000604e+00 5.224999999999999645e+00 7.416999999999999815e+00 8.899000000000000909e+00 2.459000000000000075e+00 3.877000000000000224e+00
9.641999999999999460e+00 2.189999999999999947e+00 2.450000000000000178e+00 4.705000000000000071e+00 5.224999999999999645e+00 7.416999999999999815e+00 8.899000000000000909e+00 2.459000000000000075e+00 3.877000000000000224e+00
9.641999999999999460e+00 2.189999999999999947e+00 2.850000000000000089e+00 4.705000000000000071e+00 5.224999999999999645e+00 7.416999999999999815e+00 8.899000000000000909e+00 2.459000000000000075e+00 3.877000000000000224e+00
9.641999999999999460e+00 2.589999999999999858e+00 2.850000000000000089e+00 4.705000000000000071e+00 5.224999999999999645e+00 7.416999999999999815e+00 8.899000000000000909e+00 2.459000000000000075e+00 3.877000000000000224e+00
9.641999999999999460e+00 2.589999999999999858e+00 2.850000000000000089e+00 4.705000000000000071e+00 5.224999999999999645e+00 7.416999999999999815e+00 8.899000000000000909e+00 2.459000000000000075e+00 3.477000000000000313e+00
9.641999999999999460e+00 2.589999999999999858e+00 2.850000000000000089e+00 4.705000000000000071e+00 5.224999999999999645e+00 7.416999999999999815e+00 8.499000000000000554e+00 2.459000000000000075e+00 3.477000000000000313e+00
9.641999999999999460e+00 2.589999999999999858e+00 2.850000000000000089e+00 4.705000000000000071e+00 4.825000000000000178e+00 7.416999999999999815e+00 8.499000000000000554e+00 2.459000000000000075e+00 3.477000000000000313e+00
9.442000000000000171e+00 2.589999999999999858e+00 3.049999999999999822e+00 4.705000000000000071e+00 5.024999999999999467e+00 6.817000000000000171e+00 8.899000000000000909e+00 3.058999999999999719e+00 3.477000000000000313e+00
9.842000000000000526e+00 2.589999999999999858e+00 3.049999999999999822e+00 4.705000000000000071e+00 5.024999999999999467e+00 6.817000000000000171e+00 8.899000000000000909e+00 3.058999999999999719e+00 3.477000000000000313e+00
9.842000000000000526e+00 2.589999999999999858e+00 3.049999999999999822e+00 4.705000000000000071e+00 4.625000000000000000e+00 6.817000000000000171e+00 8.899000000000000909e+00 3.058999999999999719e+00 3.477000000000000313e+00
9.842000000000000526e+00 2.589999999999999858e+00 3.049999999999999822e+00 4.705000000000000071e+00 4.625000000000000000e+00 6.817000000000000171e+00 8.499000000000000554e+00 3.058999999999999719e+00 3.477000000000000313e+00
9.842000000000000526e+00 2.589999999999999858e+00 3.049999999999999822e+00 4.705000000000000071e+00 4.625000000000000000e+00 7.216999999999999638e+00 8.499000000000000554e+00 3.058999999999999719e+00 3.477000000000000313e+00
9.842000000000000526e+00 2.589999999999999858e+00 3.049999999999999822e+00 4.705000000000000071e+00 4.625000000000000000e+00 7.216999999999999638e+00 8.499000000000000554e+00 3.058999999999999719e+00 3.877000000000000224e+00
9.842000000000000526e+00 2.589999999999999858e+00 2.649999999999999911e+00 4.705000000000000071e+00 4.625000000000000000e+00 7.216999999999999638e+00 8.499000000000000554e+00 3.058999999999999719e+00 3.877000000000000224e+00
9.842000000000000526e+00 2.589999999999999858e+00 2.649999999999999911e+00 4.705000000000000071e+00 4.625000000000000000e+00 7.216999999999999638e+00 8.499000000000000554e+00 2.658999999999999808e+00 3.877000000000000224e+00
9.842000000000000526e+00 2.589999999999999858e+00 2.649999999999999911e+00 4.305000000000000604e+00 4.625000000000000000e+00 7.216999999999999638e+00 8.499000000000000554e+00 2.658999999999999808e+00 3.877000000000000224e+00
9.842000000000000526e+00 2.189999999999999947e+00 2.649999999999999911e+00 4.305000000000000604e+00 4.625000000000000000e+00 7.216999999999999638e+00 8.499000000000000554e+00 2.658999999999999808e+00 3.877000000000000224e+00
9.241999999999999105e+00 1.989999999999999991e+00 3.049999999999999822e+00 4.705000000000000071e+00 5.024999999999999467e+00 7.416999999999999815e+00 8.499000000000000554e+00 2.658999999999999808e+00 3.677000000000000046e+00
9.241999999999999105e+00 1.989999999999999991e+00 3.049999999999999822e+00 4.705000000000000071e+00 5.024999999999999467e+00 7.416999999999999815e+00 8.499000000000000554e+00 3.058999999999999719e+00 3.677000000000000046e+00
9.241999999999999105e+00 1.989999999999999991e+00 3.049999999999999822e+00 4.705000000000000071e+00 4.625000000000000000e+00 7.416999999999999815e+00 8.499000000000000554e+00 3.058999999999999719e+00 3.677000000000000046e+00
9.241999999999999105e+00 1.989999999999999991e+00 3.049999999999999822e+00 4.705000000000000071e+00 4.625000000000000000e+00 7.416999999999999815e+00 8.499000000000000554e+00 3.058999999999999719e+00 4.076999999999999957e+00
9.241999999999999105e+00 1.989999999999999991e+00 3.049999999999999822e+00 4.705000000000000071e+00 4.625000000000000000e+00 7.017000000000000348e+00 8.499000000000000554e+00 3.058999999999999719e+00 4.076999999999999957e+00
9.241999999999999105e+00 1.989999999999999991e+00 2.649999999999999911e+00 4.705000000000000071e+00 4.625000000000000000e+00 7.017000000000000348e+00 8.499000000000000554e+00 3.058999999999999719e+00 4.076999999999999957e+00
9.241999999999999105e+00 2.389999999999999680e+00 2.649999999999999911e+00 4.705000000000000071e+00 4.625000000000000000e+00 7.017000000000000348e+00 8.499000000000000554e+00 3.058999999999999719e+00 4.076999999999999957e+00
9.241999999999999105e+00 2.389999999999999680e+00 2.649999999999999911e+00 4.705000000000000071e+00 4.625000000000000000e+00 7.017000000000000348e+00 8.899000000000000909e+00 3.058999999999999719e+00 4.076999999999999957e+00
9.641999999999999460e+00 2.389999999999999680e+00 2.649999999999999911e+00 4.705000000000000071e+00 4.625000000000000000e+00 7.017000000000000348e+00 8.899000000000000909e+00 3.058999999999999719e+00 4.076999999999999957e+00
9.641999999999999460e+00 2.389999999999999680e+00 2.649999999999999911e+00 4.305000000000000604e+00 4.625000000000000000e+00 7.017000000000000348e+00 8.899000000000000909e+00 3.058999999999999719e+00 4.076999999999999957e+00
9.241999999999999105e+00 1.989999999999999991e+00 3.049999999999999822e+00 4.705000000000000071e+00 5.024999999999999467e+00 7.017000000000000348e+00 8.899000000000000909e+00 2.459000000000000075e+00 3.677000000000000046e+00
9.241999999999999105e+00 1.989999999999999991e+00 3.049999999999999822e+00 4.705000000000000071e+00 5.024999999999999467e+00 7.017000000000000348e+00 8.899000000000000909e+00 2.459000000000000075e+00 4.076999999999999957e+00
9.241999999999999105e+00 1.989999999999999991e+00 3.049999999999999822e+00 4.705000000000000071e+00 4.625000000000000000e+00 7.017000000000000348e+00 8.899000000000000909e+00 2.459000000000000075e+00 4.076999999999999957e+00
9.241999999999999105e+00 1.989999999999999991e+00 3.049999999999999822e+00 4.705000000000000071e+00 4.625000000000000000e+00 7.017000000000000348e+00 8.499000000000000554e+00 2.459000000000000075e+00 4.076999999999999957e+00
9.241999999999999105e+00 1.989999999999999991e+00 3.049999999999999822e+00 4.705000000000000071e+00 4.625000000000000000e+00 7.416999999999999815e+00 8.499000000000000554e+00 2.459000000000000075e+00 4.076999999999999957e+00
9.641999999999999460e+00 1.989999999999999991e+00 3.049999999999999822e+00 4.705000000000000071e+00 4.625000000000000000e+00 7.416999999999999815e+00 8.499000000000000554e+00 2.459000000000000075e+00 4.076999999999999957e+00
9.641999999999999460e+00 1.989999999999999991e+00 2.649999999999999911e+00 4.705000000000000071e+00 4.625000000000000000e+00 7.416999999999999815e+00 8.499000000000000554e+00 2.459000000000000075e+00 4.076999999999999957e+00
9.641999999999999460e+00 2.389999999999999680e+00 2.649999999999999911e+00 4.705000000000000071e+00 4.625000000000000000e+00 7.416999999999999815e+00 8.499000000000000554e+00 2.459000000000000075e+00 4.076999999999999957e+00
9.641999999999999460e+00 2.389999999999999680e+00 2.649999999999999911e+00 4.705000000000000071e+00 4.625000000000000000e+00 7.416999999999999815e+00 8.499000000000000554e+00 2.858999999999999986e+00 4.076999999999999957e+00
9.641999999999999460e+00 2.389999999999999680e+00 2.649999999999999911e+00 4.305000000000000604e+00 4.625000000000000000e+00 7.416999999999999815e+00 8.499000000000000554e+00 2.858999999999999986e+00 4.076999999999999957e+00
9.241999999999999105e+00 2.189999999999999947e+00 2.850000000000000089e+00 4.504999999999999893e+00 5.024999999999999467e+00 7.416999999999999815e+00 8.698999999999999844e+00 2.858999999999999986e+00 3.877000000000000224e+00
9.241999999999999105e+00 2.589999999999999858e+00 2.850000000000000089e+00 4.504999999999999893e+00 5.024999999999999467e+00 7.416999999999999815e+00 8.698999999999999844e+00 2.858999999999999986e+00 3.877000000000000224e+00
9.241999999999999105e+00 2.589999999999999858e+00 2.850000000000000089e+00 4.504999999999999893e+00 5.024999999999999467e+00 7.416999999999999815e+00 8.298999999999999488e+00 2.858999999999999986e+00 3.877000000000000224e+00
9.241999999999999105e+00 2.589999999999999858e+00 2.450000000000000178e+00 4.504999999999999893e+00 5.024999999999999467e+00 7.416999999999999815e+00 8.298999999999999488e+00 2.858999999999999986e+00 3.877000000000000224e+00
9.241999999999999105e+00 2.589999999999999858e+00 2.450000000000000178e+00 4.504999999999999893e+00 4.625000000000000000e+00 7.416999999999999815e+00 8.298999999999999488e+00 2.858999999999999986e+00 3.877000000000000224e+00
9.241999999999999105e+00 2.589999999999999858e+00 2.450000000000000178e+00 4.504999999999999893e+00 4.625000000000000000e+00 7.416999999999999815e+00 8.298999999999999488e+00 2.858999999999999986e+00 3.477000000000000313e+00
9.241999999999999105e+00 2.589999999999999858e+00 2.450000000000000178e+00 4.105000000000000426e+00 4.625000000000000000e+00 7.416999999999999815e+00 8.298999999999999488e+00 2.858999999999999986e+00 3.477000000000000313e+00
9.641999999999999460e+00 2.589999999999999858e+00 2.450000000000000178e+00 4.105000000000000426e+00 4.625000000000000000e+00 7.416999999999999815e+00 8.298999999999999488e+00 2.858999999999999986e+00 3.477000000000000313e+00
9.641999999999999460e+00 2.589999999999999858e+00 2.450000000000000178e+00 4.105000000000000426e+00 4.625000000000000000e+00 7.416999999999999815e+00 8.298999999999999488e+00 2.459000000000000075e+00 3.477000000000000313e+00
9.641999999999999460e+00 2.589999999999999858e+00 2.450000000000000178e+00 4.105000000000000426e+00 4.625000000000000000e+00 7.017000000000000348e+00 8.298999999999999488e+00 2.459000000000000075e+00 3.477000000000000313e+00
9.241999999999999105e+00 2.189999999999999947e+00 3.049999999999999822e+00 4.705000000000000071e+00 5.224999999999999645e+00 7.017000000000000348e+00 8.499000000000000554e+00 2.658999999999999808e+00 4.076999999999999957e+00
9.241999999999999105e+00 2.189999999999999947e+00 3.049999999999999822e+00 4.705000000000000071e+00 5.224999999999999645e+00 7.416999999999999815e+00 8.499000000000000554e+00 2.658999999999999808e+00 4.076999999999999957e+00
9.241999999999999105e+00 2.589999999999999858e+00 3.049999999999999822e+00 4.705000000000000071e+00 5.224999999999999645e+00 7.416999999999999815e+00 8.499000000000000554e+00 2.658999999999999808e+00 4.076999999999999957e+00
9.241999999999999105e+00 2.589999999999999858e+00 3.049999999999999822e+00 4.705000000000000071e+00 4.825000000000000178e+00 7.416999999999999815e+00 8.499000000000000554e+00 2.658999999999999808e+00 4.076999999999999957e+00
9.241999999999999105e+00 2.589999999999999858e+00 3.049999999999999822e+00 4.705000000000000071e+00 4.825000000000000178e+00 7.416999999999999815e+00 8.499000000000000554e+00 3.058999999999999719e+00 4.076999999999999957e+00
9.241999999999999105e+00 2.589999999999999858e+00 3.049999999999999822e+00 4.705000000000000071e+00 4.825000000000000178e+00 7.416999999999999815e+00 8.899000000000000909e+00 3.058999999999999719e+00 4.076999999999999957e+00
9.641999999999999460e+00 2.589999999999999858e+00 3.049999999999999822e+00 4.705000000000000071e+00 4.825000000000000178e+00 7.416999999999999815e+00 8.899000000000000909e+00 3.058999999999999719e+00 4.076999999999999957e+00
9.641999999999999460e+00 2.589999999999999858e+00 2.649999999999999911e+00 4.705000000000000071e+00 4.825000000000000178e+00 7.416999999999999815e+00 8.899000000000000909e+00 3.058999999999999719e+00 4.076999999999999957e+00
9.641999999999999460e+00 2.589999999999999858e+00 2.649999999999999911e+00 4.305000000000000604e+00 4.825000000000000178e+00 7.416999999999999815e+00 8.899000000000000909e+00 3.058999999999999719e+00 4.076999999999999957e+00
9.641999999999999460e+00 2.589999999999999858e+00 2.649999999999999911e+00 4.305000000000000604e+00 4.825000000000000178e+00 7.416999999999999815e+00 8.899000000000000909e+00 3.058999999999999719e+00 3.677000000000000046e+00
9.842000000000000526e+00 2.389999999999999680e+00 2.450000000000000178e+00 4.305000000000000604e+00 4.625000000000000000e+00 7.017000000000000348e+00 8.698999999999999844e+00 3.058999999999999719e+00 4.076999999999999957e+00
9.842000000000000526e+00 2.389999999999999680e+00 2.450000000000000178e+00 4.705000000000000071e+00 4.625000000000000000e+00 7.017000000000000348e+00 8.698999999999999844e+00 3.058999999999999719e+00 4.076999999999999957e+00
9.842000000000000526e+00 2.389999999999999680e+00 2.450000000000000178e+00 4.705000000000000071e+00 4.625000000000000000e+00 7.416999999999999815e+00 8.698999999999999844e+00 3.058999999999999719e+00 4.076999999999999957e+00
9.842000000000000526e+00 2.389999999999999680e+00 2.850000000000000089e+00 4.705000000000000071e+00 4.625000000000000000e+00 7.416999999999999815e+00 8.698999999999999844e+00 3.058999999999999719e+00 4.076999999999999957e+00
9.842000000000000526e+00 2.389999999999999680e+00 2.850000000000000089e+00 4.705000000000000071e+00 4.625000000000000000e+00 7.416999999999999815e+00 8.298999999999999488e+00 3.058999999999999719e+00 4.076999999999999957e+00
9.842000000000000526e+00 2.389999999999999680e+00 2.850000000000000089e+00 4.705000000000000071e+00 5.024999999999999467e+00 7.416999999999999815e+00 8.298999999999999488e+00 3.058999999999999719e+00 4.076999999999999957e+00
9.842000000000000526e+00 1.989999999999999991e+00 2.850000000000000089e+00 4.705000000000000071e+00 5.024999999999999467e+00 7.416999999999999815e+00 8.298999999999999488e+00 3.058999999999999719e+00 4.076999999999999957e+00
9.842000000000000526e+00 1.989999999999999991e+00 2.850000000000000089e+00 4.705000000000000071e+00 5.024999999999999467e+00 7.416999999999999815e+00 8.298999999999999488e+00 2.658999999999999808e+00 4.076999999999999957e+00
9.442000000000000171e+00 1.989999999999999991e+00 2.850000000000000089e+00 4.705000000000000071e+00 5.024999999999999467e+00 7.416999999999999815e+00 8.298999999999999488e+00 2.658999999999999808e+00 4.076999999999999957e+00
9.442000000000000171e+00 1.989999999999999991e+00 2.850000000000000089e+00 4.705000000000000071e+00 5.024999999999999467e+00 7.416999999999999815e+00 8.298999999999999488e+00 2.658999999999999808e+00 3.677000000000000046e+00
9.842000000000000526e+00 2.389999999999999680e+00 3.049999999999999822e+00 4.504999999999999893e+00 5.224999999999999645e+00 7.416999999999999815e+00 8.499000000000000554e+00 2.459000000000000075e+00 4.076999999999999957e+00
9.842000000000000526e+00 2.389999999999999680e+00 3.049999999999999822e+00 4.504999999999999893e+00 5.224999999999999645e+00 7.416999999999999815e+00 8.899000000000000909e+00 2.459000000000000075e+00 4.076999999999999957e+00
9.842000000000000526e+00 2.389999999999999680e+00 3.049999999999999822e+00 4.105000000000000426e+00 5.224999999999999645e+00 7.416999999999999815e+00 8.899000000000000909e+00 2.459000000000000075e+00 4.076999999999999957e+00
9.842000000000000526e+00 2.389999999999999680e+00 3.049999999999999822e+00 4.105000000000000426e+00 5.224999999999999645e+00 7.416999999999999815e+00 8.899000000000000909e+00 2.858999999999999986e+00 4.076999999999999957e+00
9.842000000000000526e+00 2.389999999999999680e+00 3.049999999999999822e+00 4.105000000000000426e+00 5.224999999999999645e+00 7.017000000000000348e+00 8.899000000000000909e+00 2.858999999999999986e+00 4.076999999999999957e+00
9.442000000000000171e+00 2.389999999999999680e+00 3.049999999999999822e+00 4.105000000000000426e+00 5.224999999999999645e+00 7.017000000000000348e+00 8.899000000000000909e+00 2.858999999999999986e+00 4.076999999999999957e+00
9.442000000000000171e+00 2.389999999999999680e+00 3.049999999999999822e+00 4.105000000000000426e+00 5.224999999999999645e+00 7.017000000000000348e+00 8.899000000000000909e+00 2.858999999999999986e+00 3.677000000000000046e+00
9.442000000000000171e+00 1.989999999999999991e+00 3.049999999999999822e+00 4.105000000000000426e+00 5.224999999999999645e+00 7.017000000000000348e+00 8.899000000000000909e+00 2.858999999999999986e+00 3.677000000000000046e+00
9.442000000000000171e+00 1.989999999999999991e+00 2.649999999999999911e+00 4.105000000000000426e+00 5.224999999999999645e+00 7.017000000000000348e+00 8.899000000000000909e+00 2.858999999999999986e+00 3.677000000000000046e+00
9.442000000000000171e+00 1.989999999999999991e+00 2.649999999999999911e+00 4.105000000000000426e+00 4.825000000000000178e+00 7.017000000000000348e+00 8.899000000000000909e+00 2.858999999999999986e+00 3.677000000000000046e+00
9.842000000000000526e+00 2.189999999999999947e+00 2.649999999999999911e+00 4.705000000000000071e+00 5.024999999999999467e+00 7.416999999999999815e+00 8.298999999999999488e+00 3.058999999999999719e+00 3.477000000000000313e+00
9.842000000000000526e+00 2.589999999999999858e+00 2.649999999999999911e+00 4.705000000000000071e+00 5.024999999999999467e+00 7.416999999999999815e+00 8.298999999999999488e+00 3.058999999999999719e+00 3.477000000000000313e+00
9.842000000000000526e+00 2.589999999999999858e+00 2.649999999999999911e+00 4.705000000000000071e+00 4.625000000000000000e+00 7.416999999999999815e+00 8.298999999999999488e+00 3.058999999999999719e+00 3.477000000000000313e+00
9.842000000000000526e+00 2.589999999999999858e+00 3.049999999999999822e+00 4.705000000000000071e+00 4.625000000000000000e+00 7.416999999999999815e+00 8.298999999999999488e+00 3.058999999999999719e+00 3.477000000000000313e+00
9.842000000000000526e+00 2.589999999999999858e+00 3.049999999999999822e+00 4.705000000000000071e+00 4.625000000000000000e+00 7.416999999999999815e+00 8.298999999999999488e+00 2.658999999999999808e+00 3.477000000000000313e+00
9.842000000000000526e+00 2.589999999999999858e+00 3.049999999999999822e+00 4.305000000000000604e+00 4.625000000000000000e+00 7.416999999999999815e+00 8.298999999999999488e+00 2.658999999999999808e+00 3.477000000000000313e+00
9.842000000000000526e+00 2.589999999999999858e+00 3.049999999999999822e+00 4.305000000000000604e+00 4.625000000000000000e+00 7.017000000000000348e+00 8.298999999999999488e+00 2.658999999999999808e+00 3.477000000000000313e+00
9.442000000000000171e+00 2.589999999999999858e+00 3.049999999999999822e+00 4.305000000000000604e+00 4.625000000000000000e+00 7.017000000000000348e+00 8.298999999999999488e+00 2.658999999999999808e+00 3.477000000000000313e+00
9.442000000000000171e+00 2.589999999999999858e+00 3.049999999999999822e+00 4.305000000000000604e+00 4.625000000000000000e+00 7.017000000000000348e+00 8.698999999999999844e+00 2.658999999999999808e+00 3.477000000000000313e+00
9.442000000000000171e+00 2.589999999999999858e+00 3.049999999999999822e+00 4.305000000000000604e+00 4.625000000000000000e+00 7.017000000000000348e+00 8.698999999999999844e+00 2.658999999999999808e+00 3.877000000000000224e+00
9.842000000000000526e+00 2.589999999999999858e+00 2.649999999999999911e+00 4.305000000000000604e+00 4.625000000000000000e+00 7.017000000000000348e+00 8.298999999999999488e+00 2.658999999999999808e+00 3.677000000000000046e+00
9.842000000000000526e+00 2.589999999999999858e+00 2.649999999999999911e+00 4.705000000000000071e+00 4.625000000000000000e+00 7.017000000000000348e+00 8.298999999999999488e+00 2.658999999999999808e+00 3.677000000000000046e+00
9.842000000000000526e+00 2.589999999999999858e+00 3.049999999999999822e+00 4.705000000000000071e+00 4.625000000000000000e+00 7.017000000000000348e+00 8.298999999999999488e+00 2.658999999999999808e+00 3.677000000000000046e+00
9.842000000000000526e+00 2.589999999999999858e+00 3.049999999999999822e+00 4.705000000000000071e+00 4.625000000000000000e+00 7.017000000000000348e+00 8.298999999999999488e+00 3.058999999999999719e+00 3.677000000000000046e+00
9.842000000000000526e+00 2.189999999999999947e+00 3.049999999999999822e+00 4.705000000000000071e+00 4.625000000000000000e+00 7.017000000000000348e+00 8.298999999999999488e+00 3.058999999999999719e+00 3.677000000000000046e+00
9.842000000000000526e+00 2.189999999999999947e+00 3.049999999999999822e+00 4.705000000000000071e+00 4.625000000000000000e+00 7.416999999999999815e+00 8.298999999999999488e+00 3.058999999999999719e+00 3.677000000000000046e+00
9.842000000000000526e+00 2.189999999999999947e+00 3.049999999999999822e+00 4.705000000000000071e+00 4.625000000000000000e+00 7.416999999999999815e+00 8.298999999999999488e+00 3.058999999999999719e+00 4.076999999999999957e+00
9.842000000000000526e+00 2.189999999999999947e+00 3.049999999999999822e+00 4.705000000000000071e+00 4.625000000000000000e+00 7.416999999999999815e+00 8.698999999999999844e+00 3.058999999999999719e+00 4.076999999999999957e+00
9.842000000000000526e+00 2.189999999999999947e+00 3.049999999999999822e+00 4.705000000000000071e+00 5.024999999999999467e+00 7.416999999999999815e+00 8.698999999999999844e+00 3.058999999999999719e+00 4.076999999999999957e+00
9.442000000000000171e+00 2.189999999999999947e+00 3.049999999999999822e+00 4.705000000000000071e+00 5.024999999999999467e+00 7.416999999999999815e+00 8.698999999999999844e+00 3.058999999999999719e+00 4.076999999999999957e+00
9.842000000000000526e+00 2.589999999999999858e+00 2.649999999999999911e+00 4.305000000000000604e+00 4.825000000000000178e+00 6.817000000000000171e+00 8.899000000000000909e+00 3.058999999999999719e+00 3.877000000000000224e+00
9.842000000000000526e+00 2.589999999999999858e+00 2.649999999999999911e+00 4.305000000000000604e+00 4.825000000000000178e+00 6.817000000000000171e+00 8.899000000000000909e+00 3.058999999999999719e+00 3.477000000000000313e+00
9.842000000000000526e+00 2.189999999999999947e+00 2.649999999999999911e+00 4.305000000000000604e+00 4.825000000000000178e+00 6.817000000000000171e+00 8.899000000000000909e+00 3.058999999999999719e+00 3.477000000000000313e+00
9.842000000000000526e+00 2.189999999999999947e+00 2.649999999999999911e+00 4.705000000000000071e+00 4.825000000000000178e+00 6.817000000000000171e+00 8.899000000000000909e+00 3.058999999999999719e+00 3.477000000000000313e+00
9.842000000000000526e+00 2.189999999999999947e+00 2.649999999999999911e+00 4.705000000000000071e+00 4.825000000000000178e+00 6.817000000000000171e+00 8.899000000000000909e+00 2.658999999999999808e+00 3.477000000000000313e+00
9.842000000000000526e+00 2.189999999999999947e+00 2.649999999999999911e+00 4.705000000000000071e+00 5.224999999999999645e+00 6.817000000000000171e+00 8.899000000000000909e+00 2.658999999999999808e+00 3.477000000000000313e+00
9.842000000000000526e+00 2.189999999999999947e+00 3.049999999999999822e+00 4.705000000000000071e+00 5.224999999999999645e+00 6.817000000000000171e+00 8.899000000000000909e+00 2.658999999999999808e+00 3.477000000000000313e+00
9.842000000000000526e+00 2.189999999999999947e+00 3.049999999999999822e+00 4.705000000000000071e+00 5.224999999999999645e+00 6.817000000000000171e+00 8.499000000000000554e+00 2.658999999999999808e+00 3.477000000000000313e+00
9.842000000000000526e+00 2.189999999999999947e+00 3.049999999999999822e+00 4.705000000000000071e+00 5.224999999999999645e+00 7.216999999999999638e+00 8.499000000000000554e+00 2.658999999999999808e+00 3.477000000000000313e+00
9.442000000000000171e+00 2.189999999999999947e+00 3.049999999999999822e+00 4.705000000000000071e+00 5.224999999999999645e+00 7.216999999999999638e+00 8.499000000000000554e+00 2.658999999999999808e+00 3.477000000000000313e+00
9.842000000000000526e+00 1.989999999999999991e+00 2.850000000000000089e+00 4.504999999999999893e+00 4.825000000000000178e+00 7.216999999999999638e+00 8.698999999999999844e+00 2.658999999999999808e+00 4.076999999999999957e+00
9.842000000000000526e+00 1.989999999999999991e+00 2.850000000000000089e+00 4.504999999999999893e+00 4.825000000000000178e+00 7.216999999999999638e+00 8.298999999999999488e+00 2.658999999999999808e+00 4.076999999999999957e+00
9.842000000000000526e+00 1.989999999999999991e+00 2.850000000000000089e+00 4.504999999999999893e+00 5.224999999999999645e+00 7.216999999999999638e+00 8.298999999999999488e+00 2.658999999999999808e+00 4.076999999999999957e+00
9.842000000000000526e+00 1.989999999999999991e+00 2.850000000000000089e+00 4.504999999999999893e+00 5.224999999999999645e+00 6.817000000000000171e+00 8.298999999999999488e+00 2.658999999999999808e+00 4.076999999999999957e+00
9.842000000000000526e+00 1.989999999999999991e+00 2.850000000000000089e+00 4.105000000000000426e+00 5.224999999999999645e+00 6.817000000000000171e+00 8.298999999999999488e+00 2.658999999999999808e+00 4.076999999999999957e+00
9.842000000000000526e+00 1.989999999999999991e+00 2.850000000000000089e+00 4.105000000000000426e+00 5.224999999999999645e+00 6.817000000000000171e+00 8.298999999999999488e+00 2.658999999999999808e+00 3.677000000000000046e+00
9.842000000000000526e+00 2.389999999999999680e+00 2.850000000000000089e+00 4.105000000000000426e+00 5.224999999999999645e+00 6.817000000000000171e+00 8.298999999999999488e+00 2.658999999999999808e+00 3.677000000000000046e+00
9.842000000000000526e+00 2.389999999999999680e+00 2.850000000000000089e+00 4.105000000000000426e+00 5.224999999999999645e+00 6.817000000000000171e+00 8.298999999999999488e+00 3.058999999999999719e+00 3.677000000000000046e+00
9.842000000000000526e+00 2.389999999999999680e+00 2.450000000000000178e+00 4.105000000000000426e+00 5.224999999999999645e+00 6.817000000000000171e+00 8.298999999999999488e+00 3.058999999999999719e+00 3.677000000000000046e+00
9.442000000000000171e+00 2.389999999999999680e+00 2.450000000000000178e+00 4.105000000000000426e+00 5.224999999999999645e+00 6.817000000000000171e+00 8.298999999999999488e+00 3.058999999999999719e+00 3.677000000000000046e+00
9.241999999999999105e+00 2.189999999999999947e+00 3.049999999999999822e+00 4.105000000000000426e+00 5.224999999999999645e+00 7.017000000000000348e+00 8.499000000000000554e+00 2.459000000000000075e+00 3.677000000000000046e+00
9.241999999999999105e+00 2.189999999999999947e+00 3.049999999999999822e+00 4.105000000000000426e+00 5.224999999999999645e+00 7.017000000000000348e+00 8.499000000000000554e+00 2.459000000000000075e+00 4.076999999999999957e+00
9.241999999999999105e+00 2.189999999999999947e+00 3.049999999999999822e+00 4.105000000000000426e+00 5.224999999999999645e+00 7.017000000000000348e+00 8.899000000000000909e+00 2.459000000000000075e+00 4.076999999999999957e+00
9.241999999999999105e+00 2.189999999999999947e+00 3.049999999999999822e+00 4.105000000000000426e+00 4.825000000000000178e+00 7.017000000000000348e+00 8.899000000000000909e+00 2.459000000000000075e+00 4.076999999999999957e+00
9.241999999999999105e+00 2.589999999999999858e+00 3.049999999999999822e+00 4.105000000000000426e+00 4.825000000000000178e+00 7.017000000000000348e+00 8.899000000000000909e+00 2.459000000000000075e+00 4.076999999999999957e+00
9.241999999999999105e+00 2.589999999999999858e+00 3.049999999999999822e+00 4.105000000000000426e+00 4.825000000000000178e+00 7.416999999999999815e+00 8.899000000000000909e+00 2.459000000000000075e+00 4.076999999999999957e+00
9.641999999999999460e+00 2.589999999999999858e+00 3.049999999999999822e+00 4.105000000000000426e+00 4.825000000000000178e+00 7.416999999999999815e+00 8.899000000000000909e+00 2.459000000000000075e+00 4.076999999999999957e+00
9.641999999999999460e+00 2.589999999999999858e+00 3.049999999999999822e+00 4.105000000000000426e+00 4.825000000000000178e+00 7.416999999999999815e+00 8.899000000000000909e+00 2.858999999999999986e+00 4.076999999999999957e+00
9.641999999999999460e+00 2.589999999999999858e+00 3.049999999999999822e+00 4.504999999999999893e+00 4.825000000000000178e+00 7.416999999999999815e+00 8.899000000000000909e+00 2.858999999999999986e+00 4.076999999999999957e+00
9.641999999999999460e+00 2.589999999999999858e+00 2.649999999999999911e+00 4.504999999999999893e+00 4.825000000000000178e+00 7.416999999999999815e+00 8.899000000000000909e+00 2.858999999999999986e+00 4.076999999999999957e+00
9.842000000000000526e+00 1.989999999999999991e+00 2.850000000000000089e+00 4.305000000000000604e+00 4.625000000000000000e+00 7.216999999999999638e+00 8.899000000000000909e+00 3.058999999999999719e+00 3.677000000000000046e+00
9.842000000000000526e+00 1.989999999999999991e+00 2.850000000000000089e+00 4.305000000000000604e+00 4.625000000000000000e+00 7.216999999999999638e+00 8.899000000000000909e+00 3.058999999999999719e+00 4.076999999999999957e+00
9.842000000000000526e+00 1.989999999999999991e+00 2.850000000000000089e+00 4.305000000000000604e+00 4.625000000000000000e+00 6.817000000000000171e+00 8.899000000000000909e+00 3.058999999999999719e+00 4.076999999999999957e+00
9.842000000000000526e+00 1.989999999999999991e+00 2.450000000000000178e+00 4.305000000000000604e+00 4.625000000000000000e+00 6.817000000000000171e+00 8.899000000000000909e+00 3.058999999999999719e+00 4.076999999999999957e+00
9.842000000000000526e+00 1.989999999999999991e+00 2.450000000000000178e+00 4.305000000000000604e+00 4.625000000000000000e+00 6.817000000000000171e+00 8.499000000000000554e+00 3.058999999999999719e+00 4.076999999999999957e+00
9.842000000000000526e+00 1.989999999999999991e+00 2.450000000000000178e+00 4.705000000000000071e+00 4.625000000000000000e+00 6.817000000000000171e+00 8.499000000000000554e+00 3.058999999999999719e+00 4.076999999999999957e+00
9.842000000000000526e+00 1.989999999999999991e+00 2.450000000000000178e+00 4.705000000000000071e+00 4.625000000000000000e+00 6.817000000000000171e+00 8.499000000000000554e+00 2.658999999999999808e+00 4.076999999999999957e+00
9.842000000000000526e+00 2.389999999999999680e+00 2.450000000000000178e+00 4.705000000000000071e+00 4.625000000000000000e+00 6.817000000000000171e+00 8.499000000000000554e+00 2.658999999999999808e+00 4.076999999999999957e+00
9.842000000000000526e+00 2.389999999999999680e+00 2.450000000000000178e+00 4.705000000000000071e+00 5.024999999999999467e+00 6.817000000000000171e+00 8.499000000000000554e+00 2.658999999999999808e+00 4.076999999999999957e+00
9.442000000000000171e+00 2.389999999999999680e+00 2.450000000000000178e+00 4.705000000000000071e+00 5.024999999999999467e+00 6.817000000000000171e+00 8.499000000000000554e+00 2.658999999999999808e+00 4.076999999999999957e+00
9.241999999999999105e+00 1.989999999999999991e+00 2.649999999999999911e+00 4.305000000000000604e+00 4.625000000000000000e+00 7.017000000000000348e+00 8.499000000000000554e+00 2.459000000000000075e+00 3.477000000000000313e+00
9.241999999999999105e+00 1.989999999999999991e+00 2.649999999999999911e+00 4.305000000000000604e+00 4.625000000000000000e+00 7.416999999999999815e+00 8.499000000000000554e+00 2.459000000000000075e+00 3.477000000000000313e+00
9.241999999999999105e+00 1.989999999999999991e+00 2.649999999999999911e+00 4.305000000000000604e+00 4.625000000000000000e+00 7.416999999999999815e+00 8.899000000000000909e+00 2.459000000000000075e+00 3.477000000000000313e+00
9.241999999999999105e+00 1.989999999999999991e+00 2.649999999999999911e+00 4.305000000000000604e+00 4.625000000000000000e+00 7.416999999999999815e+00 8.899000000000000909e+00 2.459000000000000075e+00 3.877000000000000224e+00
9.241999999999999105e+00 2.389999999999999680e+00 2.649999999999999911e+00 4.305000000000000604e+00 4.625000000000000000e+00 7.416999999999999815e+00 8.899000000000000909e+00 2.459000000000000075e+00 3.877000000000000224e+00
9.241999999999999105e+00 2.389999999999999680e+00 3.049999999999999822e+00 4.305000000000000604e+00 4.625000000000000000e+00 7.416999999999999815e+00 8.899000000000000909e+00 2.459000000000000075e+00 3.877000000000000224e+00
9.241999999999999105e+00 2.389999999999999680e+00 3.049999999999999822e+00 4.705000000000000071e+00 4.625000000000000000e+00 7.416999999999999815e+00 8.899000000000000909e+00 2.459000000000000075e+00 3.877000000000000224e+00
9.241999999999999105e+00 2.389999999999999680e+00 3.049999999999999822e+00 4.705000000000000071e+00 5.024999999999999467e+00 7.416999999999999815e+00 8.899000000000000909e+00 2.459000000000000075e+00 3.877000000000000224e+00
9.641999999999999460e+00 2.389999999999999680e+00 3.049999999999999822e+00 4.705000000000000071e+00 5.024999999999999467e+00 7.416999999999999815e+00 8.899000000000000909e+00 2.459000000000000075e+00 3.877000000000000224e+00
9.641999999999999460e+00 2.389999999999999680e+00 3.049999999999999822e+00 4.705000000000000071e+00 5.024999999999999467e+00 7.416999999999999815e+00 8.899000000000000909e+00 2.858999999999999986e+00 3.877000000000000224e+00
9.641999999999999460e+00 1.989999999999999991e+00 2.850000000000000089e+00 4.305000000000000604e+00 4.825000000000000178e+00 7.017000000000000348e+00 8.499000000000000554e+00 2.658999999999999808e+00 4.076999999999999957e+00
9.241999999999999105e+00 1.989999999999999991e+00 2.850000000000000089e+00 4.305000000000000604e+00 4.825000000000000178e+00 7.017000000000000348e+00 8.499000000000000554e+00 2.658999999999999808e+00 4.076999999999999957e+00
9.241999999999999105e+00 1.989999999999999991e+00 2.850000000000000089e+00 4.305000000000000604e+00 4.825000000000000178e+00 7.017000000000000348e+00 8.899000000000000909e+00 2.658999999999999808e+00 4.076999999999999957e+00
9.241999999999999105e+00 1.989999999999999991e+00 2.850000000000000089e+00 4.305000000000000604e+00 4.825000000000000178e+00 7.416999999999999815e+00 8.899000000000000909e+00 2.658999999999999808e+00 4.076999999999999957e+00
9.241999999999999105e+00 1.989999999999999991e+00 2.850000000000000089e+00 4.305000000000000604e+00 4.825000000000000178e+00 7.416999999999999815e+00 8.899000000000000909e+00 3.058999999999999719e+00 4.076999999999999957e+00
9.241999999999999105e+00 1.989999999999999991e+00 2.450000000000000178e+00 4.305000000000000604e+00 4.825000000000000178e+00 7.416999999999999815e+00 8.899000000000000909e+00 3.058999999999999719e+00 4.076999999999999957e+00
9.241999999999999105e+00 1.989999999999999991e+00 2.450000000000000178e+00 4.305000000000000604e+00 4.825000000000000178e+00 7.416999999999999815e+00 8.899000000000000909e+00 3.058999999999999719e+00 3.677000000000000046e+00
9.241999999999999105e+00 1.989999999999999991e+00 2.450000000000000178e+00 4.705000000000000071e+00 4.825000000000000178e+00 7.416999999999999815e+00 8.899000000000000909e+00 3.058999999999999719e+00 3.677000000000000046e+00
9.241999999999999105e+00 1.989999999999999991e+00 2.450000000000000178e+00 4.705000000000000071e+00 5.224999999999999645e+00 7.416999999999999815e+00 8.899000000000000909e+00 3.058999999999999719e+00 3.677000000000000046e+00
9.241999999999999105e+00 2.389999999999999680e+00 2.450000000000000178e+00 4.705000000000000071e+00 5.224999999999999645e+00 7.416999999999999815e+00 8.899000000000000909e+00 3.058999999999999719e+00 3.677000000000000046e+00
9.842000000000000526e+00 2.189999999999999947e+00 2.450000000000000178e+00 4.504999999999999893e+00 4.625000000000000000e+00 7.416999999999999815e+00 8.298999999999999488e+00 2.459000000000000075e+00 3.677000000000000046e+00
9.842000000000000526e+00 2.189999999999999947e+00 2.450000000000000178e+00 4.504999999999999893e+00 5.024999999999999467e+00 7.416999999999999815e+00 8.298999999999999488e+00 2.459000000000000075e+00 3.677000000000000046e+00
9.842000000000000526e+00 2.589999999999999858e+00 2.450000000000000178e+00 4.504999999999999893e+00 5.024999999999999467e+00 7.416999999999999815e+00 8.298999999999999488e+00 2.459000000000000075e+00 3.677000000000000046e+00
9.842000000000000526e+00 2.589999999999999858e+00 2.450000000000000178e+00 4.504999999999999893e+00 5.024999999999999467e+00 7.416999999999999815e+00 8.298999999999999488e+00 2.459000000000000075e+00 4.076999999999999957e+00
9.842000000000000526e+00 2.589999999999999858e+00 2.450000000000000178e+00 4.504999999999999893e+00 5.024999999999999467e+00 7.017000000000000348e+00 8.298999999999999488e+00 2.459000000000000075e+00 4.076999999999999957e+00
9.842000000000000526e+00 2.589999999999999858e+00 2.450000000000000178e+00 4.105000000000000426e+00 5.024999999999999467e+00 7.017000000000000348e+00 8.298999999999999488e+00 2.459000000000000075e+00 4.076999999999999957e+00
9.842000000000000526e+00 2.589999999999999858e+00 2.450000000000000178e+00 4.105000000000000426e+00 5.024999999999999467e+00 7.017000000000000348e+00 8.298999999999999488e+00 2.858999999999999986e+00 4.076999999999999957e+00
9.442000000000000171e+00 2.589999999999999858e+00 2.450000000000000178e+00 4.105000000000000426e+00 5.024999999999999467e+00 7.017000000000000348e+00 8.298999999999999488e+00 2.858999999999999986e+00 4.076999999999999957e+00
9.442000000000000171e+00 2.589999999999999858e+00 2.450000000000000178e+00 4.105000000000000426e+00 5.024999999999999467e+00 7.017000000000000348e+00 8.698999999999999844e+00 2.858999999999999986e+00 4.076999999999999957e+00
9.442000000000000171e+00 2.589999999999999858e+00 2.850000000000000089e+00 4.105000000000000426e+00 5.024999999999999467e+00 7.017000000000000348e+00 8.698999999999999844e+00 2.858999999999999986e+00 4.076999999999999957e+00
9.641999999999999460e+00 1.989999999999999991e+00 3.049999999999999822e+00 4.705000000000000071e+00 4.825000000000000178e+00 7.416999999999999815e+00 8.499000000000000554e+00 2.658999999999999808e+00 3.877000000000000224e+00
9.641999999999999460e+00 1.989999999999999991e+00 3.049999999999999822e+00 4.705000000000000071e+00 4.825000000000000178e+00 7.416999999999999815e+00 8.499000000000000554e+00 3.058999999999999719e+00 3.877000000000000224e+00
9.641999999999999460e+00 1.989999999999999991e+00 3.049999999999999822e+00 4.705000000000000071e+00 4.825000000000000178e+00 7.416999999999999815e+00 8.899000000000000909e+00 3.058999999999999719e+00 3.877000000000000224e+00
9.641999999999999460e+00 1.989999999999999991e+00 3.049999999999999822e+00 4.705000000000000071e+00 4.825000000000000178e+00 7.416999999999999815e+00 8.899000000000000909e+00 3.058999999999999719e+00 3.477000000000000313e+00
9.641999999999999460e+00 1.989999999999999991e+00 3.049999999999999822e+00 4.705000000000000071e+00 4.825000000000000178e+00 7.017000000000000348e+00 8.899000000000000909e+00 3.058999999999999719e+00 3.477000000000000313e+00
9.241999999999999105e+00 1.989999999999999991e+00 3.049999999999999822e+00 4.705000000000000071e+00 4.825000000000000178e+00 7.017000000000000348e+00 8.899000000000000909e+00 3.058999999999999719e+00 3.477000000000000313e+00
9.241999999999999105e+00 1.989999999999999991e+00 3.049999999999999822e+00 4.705000000000000071e+00 5.224999999999999645e+00 7.017000000000000348e+00 8.899000000000000909e+00 3.058999999999999719e+00 3.477000000000000313e+00
9.241999999999999105e+00 1.989999999999999991e+00 2.649999999999999911e+00 4.705000000000000071e+00 5.224999999999999645e+00 7.017000000000000348e+00 8.899000000000000909e+00 3.058999999999999719e+00 3.477000000000000313e+00
9.241999999999999105e+00 1.989999999999999991e+00 2.649999999999999911e+00 4.305000000000000604e+00 5.224999999999999645e+00 7.017000000000000348e+00 8.899000000000000909e+00 3.058999999999999719e+00 3.477000000000000313e+00
9.241999999999999105e+00 2.389999999999999680e+00 2.649999999999999911e+00 4.305000000000000604e+00 5.224999999999999645e+00 7.017000000000000348e+00 8.899000000000000909e+00 3.058999999999999719e+00 3.477000000000000313e+00
9.842000000000000526e+00 2.189999999999999947e+00 2.450000000000000178e+00 4.504999999999999893e+00 4.625000000000000000e+00 6.817000000000000171e+00 8.298999999999999488e+00 2.459000000000000075e+00 3.877000000000000224e+00
9.842000000000000526e+00 2.189999999999999947e+00 2.450000000000000178e+00 4.105000000000000426e+00 4.625000000000000000e+00 6.817000000000000171e+00 8.298999999999999488e+00 2.459000000000000075e+00 3.877000000000000224e+00
9.842000000000000526e+00 2.189999999999999947e+00 2.450000000000000178e+00 4.105000000000000426e+00 4.625000000000000000e+00 6.817000000000000171e+00 8.298999999999999488e+00 2.459000000000000075e+00 3.477000000000000313e+00
9.442000000000000171e+00 2.189999999999999947e+00 2.450000000000000178e+00 4.105000000000000426e+00 4.625000000000000000e+00 6.817000000000000171e+00 8.298999999999999488e+00 2.459000000000000075e+00 3.477000000000000313e+00
9.442000000000000171e+00 2.589999999999999858e+00 2.450000000000000178e+00 4.105000000000000426e+00 4.625000000000000000e+00 6.817000000000000171e+00 8.298999999999999488e+00 2.459000000000000075e+00 3.477000000000000313e+00
9.442000000000000171e+00 2.589999999999999858e+00 2.450000000000000178e+00 4.105000000000000426e+00 5.024999999999999467e+00 6.817000000000000171e+00 8.298999999999999488e+00 2.459000000000000075e+00 3.477000000000000313e+00
9.442000000000000171e+00 2.589999999999999858e+00 2.450000000000000178e+00 4.105000000000000426e+00 5.024999999999999467e+00 7.216999999999999638e+00 8.298999999999999488e+00 2.459000000000000075e+00 3.477000000000000313e+00
9.442000000000000171e+00 2.589999999999999858e+00 2.850000000000000089e+00 4.105000000000000426e+00 5.024999999999999467e+00 7.216999999999999638e+00 8.298999999999999488e+00 2.459000000000000075e+00 3.477000000000000313e+00
9.442000000000000171e+00 2.589999999999999858e+00 2.850000000000000089e+00 4.105000000000000426e+00 5.024999999999999467e+00 7.216999999999999638e+00 8.698999999999999844e+00 2.459000000000000075e+00 3.477000000000000313e+00
9.442000000000000171e+00 2.589999999999999858e+00 2.850000000000000089e+00 4.105000000000000426e+00 5.024999999999999467e+00 7.216999999999999638e+00 8.698999999999999844e+00 2.858999999999999986e+00 3.477000000000000313e+00
9.641999999999999460e+00 1.989999999999999991e+00 2.850000000000000089e+00 4.504999999999999893e+00 5.024999999999999467e+00 7.216999999999999638e+00 8.499000000000000554e+00 2.658999999999999808e+00 3.477000000000000313e+00
9.641999999999999460e+00 1.989999999999999991e+00 2.850000000000000089e+00 4.504999999999999893e+00 4.625000000000000000e+00 7.216999999999999638e+00 8.499000000000000554e+00 2.658999999999999808e+00 3.477000000000000313e+00
9.641999999999999460e+00 1.989999999999999991e+00 2.850000000000000089e+00 4.504999999999999893e+00 4.625000000000000000e+00 7.216999999999999638e+00 8.499000000000000554e+00 3.058999999999999719e+00 3.477000000000000313e+00
9.641999999999999460e+00 1.989999999999999991e+00 2.850000000000000089e+00 4.504999999999999893e+00 4.625000000000000000e+00 7.216999999999999638e+00 8.899000000000000909e+00 3.058999999999999719e+00 3.477000000000000313e+00
9.641999999999999460e+00 1.989999999999999991e+00 2.850000000000000089e+00 4.504999999999999893e+00 4.625000000000000000e+00 6.817000000000000171e+00 8.899000000000000909e+00 3.058999999999999719e+00 3.477000000000000313e+00
9.641999999999999460e+00 1.989999999999999991e+00 2.850000000000000089e+00 4.105000000000000426e+00 4.625000000000000000e+00 6.817000000000000171e+00 8.899000000000000909e+00 3.058999999999999719e+00 3.477000000000000313e+00
9.641999999999999460e+00 1.989999999999999991e+00 2.450000000000000178e+00 4.105000000000000426e+00 4.625000000000000000e+00 6.817000000000000171e+00 8.899000000000000909e+00 3.058999999999999719e+00 3.477000000000000313e+00
9.241999999999999105e+00 1.989999999999999991e+00 2.450000000000000178e+00 4.105000000000000426e+00 4.625000000000000000e+00 6.817000000000000171e+00 8.899000000000000909e+00 3.058999999999999719e+00 3.477000000000000313e+00
9.241999999999999105e+00 1.989999999999999991e+00 2.450000000000000178e+00 4.105000000000000426e+00 4.625000000000000000e+00 6.817000000000000171e+00 8.899000000000000909e+00 3.058999999999999719e+00 3.877000000000000224e+00
9.241999999999999105e+00 2.389999999999999680e+00 2.450000000000000178e+00 4.105000000000000426e+00 4.625000000000000000e+00 6.817000000000000171e+00 8.899000000000000909e+00 3.058999999999999719e+00 3.877000000000000224e+00
9.641999999999999460e+00 2.189999999999999947e+00 2.649999999999999911e+00 4.105000000000000426e+00 4.825000000000000178e+00 6.817000000000000171e+00 8.698999999999999844e+00 2.858999999999999986e+00 3.877000000000000224e+00
9.641999999999999460e+00 2.189999999999999947e+00 2.649999999999999911e+00 4.105000000000000426e+00 4.825000000000000178e+00 6.817000000000000171e+00 8.698999999999999844e+00 2.459000000000000075e+00 3.877000000000000224e+00
9.641999999999999460e+00 2.189999999999999947e+00 2.649999999999999911e+00 4.105000000000000426e+00 4.825000000000000178e+00 6.817000000000000171e+00 8.698999999999999844e+00 2.459000000000000075e+00 3.477000000000000313e+00
9.641999999999999460e+00 2.189999999999999947e+00 2.649999999999999911e+00 4.105000000000000426e+00 4.825000000000000178e+00 6.817000000000000171e+00 8.298999999999999488e+00 2.459000000000000075e+00 3.477000000000000313e+00
9.641999999999999460e+00 2.589999999999999858e+00 2.649999999999999911e+00 4.105000000000000426e+00 4.825000000000000178e+00 6.817000000000000171e+00 8.298999999999999488e+00 2.459000000000000075e+00 3.477000000000000313e+00
9.241999999999999105e+00 2.589999999999999858e+00 2.649999999999999911e+00 4.105000000000000426e+00 4.825000000000000178e+00 6.817000000000000171e+00 8.298999999999999488e+00 2.459000000000000075e+00 3.477000000000000313e+00
9.241999999999999105e+00 2.589999999999999858e+00 2.649999999999999911e+00 4.105000000000000426e+00 5.224999999999999645e+00 6.817000000000000171e+00 8.298999999999999488e+00 2.459000000000000075e+00 3.477000000000000313e+00
9.241999999999999105e+00 2.589999999999999858e+00 3.049999999999999822e+00 4.105000000000000426e+00 5.224999999999999645e+00 6.817000000000000171e+00 8.298999999999999488e+00 2.459000000000000075e+00 3.477000000000000313e+00
9.241999999999999105e+00 2.589999999999999858e+00 3.049999999999999822e+00 4.105000000000000426e+00 5.224999999999999645e+00 7.216999999999999638e+00 8.298999999999999488e+00 2.459000000000000075e+00 3.477000000000000313e+00
9.241999999999999105e+00 2.589999999999999858e+00 3.049999999999999822e+00 4.504999999999999893e+00 5.224999999999999645e+00 7.216999999999999638e+00 8.298999999999999488e+00 2.459000000000000075e+00 3.477000000000000313e+00
9.241999999999999105e+00 2.589999999999999858e+00 2.450000000000000178e+00 4.305000000000000604e+00 4.825000000000000178e+00 7.017000000000000348e+00 8.499000000000000554e+00 2.658999999999999808e+00 4.076999999999999957e+00
9.241999999999999105e+00 2.189999999999999947e+00 2.450000000000000178e+00 4.305000000000000604e+00 4.825000000000000178e+00 7.017000000000000348e+00 8.499000000000000554e+00 2.658999999999999808e+00 4.076999999999999957e+00
9.241999999999999105e+00 2.189999999999999947e+00 2.450000000000000178e+00 4.305000000000000604e+00 5.224999999999999645e+00 7.017000000000000348e+00 8.499000000000000554e+00 2.658999999999999808e+00 4.076999999999999957e+00
9.241999999999999105e+00 2.189999999999999947e+00 2.450000000000000178e+00 4.705000000000000071e+00 5.224999999999999645e+00 7.017000000000000348e+00 8.499000000000000554e+00 2.658999999999999808e+00 4.076999999999999957e+00
9.241999999999999105e+00 2.189999999999999947e+00 2.450000000000000178e+00 4.705000000000000071e+00 5.224999999999999645e+00 7.017000000000000348e+00 8.899000000000000909e+00 2.658999999999999808e+00 4.076999999999999957e+00
9.241999999999999105e+00 2.189999999999999947e+00 2.450000000000000178e+00 4.705000000000000071e+00 5.224999999999999645e+00 7.017000000000000348e+00 8.899000000000000909e+00 3.058999999999999719e+00 4.076999999999999957e+00
9.241999999999999105e+00 2.189999999999999947e+00 2.450000000000000178e+00 4.705000000000000071e+00 5.224999999999999645e+00 7.416999999999999815e+00 8.899000000000000909e+00 3.058999999999999719e+00 4.076999999999999957e+00
9.241999999999999105e+00 2.189999999999999947e+00 2.450000000000000178e+00 4.705000000000000071e+00 5.224999999999999645e+00 7.416999999999999815e+00 8.899000000000000909e+00 3.058999999999999719e+00 3.677000000000000046e+00
9.641999999999999460e+00 2.189999999999999947e+00 2.450000000000000178e+00 4.705000000000000071e+00 5.224999999999999645e+00 7.416999999999999815e+00 8.899000000000000909e+00 3.058999999999999719e+00 3.677000000000000046e+00
9.641999999999999460e+00 2.189999999999999947e+00 2.850000000000000089e+00 4.705000000000000071e+00 5.224999999999999645e+00 7.416999999999999815e+00 8.899000000000000909e+00 3.058999999999999719e+00 3.677000000000000046e+00
9.241999999999999105e+00 1.989999999999999991e+00 2.649999999999999911e+00 4.705000000000000071e+00 4.825000000000000178e+00 7.216999999999999638e+00 8.499000000000000554e+00 2.459000000000000075e+00 3.477000000000000313e+00
9.241999999999999105e+00 1.989999999999999991e+00 2.649999999999999911e+00 4.705000000000000071e+00 4.825000000000000178e+00 7.216999999999999638e+00 8.899000000000000909e+00 2.459000000000000075e+00 3.477000000000000313e+00
9.241999999999999105e+00 1.989999999999999991e+00 2.649999999999999911e+00 4.705000000000000071e+00 5.224999999999999645e+00 7.216999999999999638e+00 8.899000000000000909e+00 2.459000000000000075e+00 3.477000000000000313e+00
9.241999999999999105e+00 1.989999999999999991e+00 3.049999999999999822e+00 4.705000000000000071e+00 5.224999999999999645e+00 7.216999999999999638e+00 8.899000000000000909e+00 2.459000000000000075e+00 3.477000000000000313e+00
9.241999999999999105e+00 1.989999999999999991e+00 3.049999999999999822e+00 4.705000000000000071e+00 5.224999999999999645e+00 6.817000000000000171e+00 8.899000000000000909e+00 2.459000000000000075e+00 3.477000000000000313e+00
9.241999999999999105e+00 1.989999999999999991e+00 3.049999999999999822e+00 4.305000000000000604e+00 5.224999999999999645e+00 6.817000000000000171e+00 8.899000000000000909e+00 2.459000000000000075e+00 3.477000000000000313e+00
9.241999999999999105e+00 2.389999999999999680e+00 3.049999999999999822e+00 4.305000000000000604e+00 5.224999999999999645e+00 6.817000000000000171e+00 8.899000000000000909e+00 2.459000000000000075e+00 3.477000000000000313e+00
9.241999999999999105e+00 2.389999999999999680e+00 3.049999999999999822e+00 4.305000000000000604e+00 5.224999999999999645e+00 6.817000000000000171e+00 8.899000000000000909e+00 2.459000000000000075e+00 3.877000000000000224e+00
9.641999999999999460e+00 2.389999999999999680e+00 3.049999999999999822e+00 4.305000000000000604e+00 5.224999999999999645e+00 6.817000000000000171e+00 8.899000000000000909e+00 2.459000000000000075e+00 3.877000000000000224e+00
9.641999999999999460e+00 2.389999999999999680e+00 3.049999999999999822e+00 4.305000000000000604e+00 5.224999999999999645e+00 6.817000000000000171e+00 8.899000000000000909e+00 2.858999999999999986e+00 3.877000000000000224e+00
9.241999999999999105e+00 2.189999999999999947e+00 2.649999999999999911e+00 4.504999999999999893e+00 4.625000000000000000e+00 6.817000000000000171e+00 8.499000000000000554e+00 2.459000000000000075e+00 3.677000000000000046e+00
9.241999999999999105e+00 2.189999999999999947e+00 3.049999999999999822e+00 4.504999999999999893e+00 4.625000000000000000e+00 6.817000000000000171e+00 8.499000000000000554e+00 2.459000000000000075e+00 3.677000000000000046e+00
9.241999999999999105e+00 2.189999999999999947e+00 3.049999999999999822e+00 4.504999999999999893e+00 4.625000000000000000e+00 6.817000000000000171e+00 8.899000000000000909e+00 2.459000000000000075e+00 3.677000000000000046e+00
9.241999999999999105e+00 2.189999999999999947e+00 3.049999999999999822e+00 4.504999999999999893e+00 4.625000000000000000e+00 6.817000000000000171e+00 8.899000000000000909e+00 2.459000000000000075e+00 4.076999999999999957e+00
9.241999999999999105e+00 2.589999999999999858e+00 3.049999999999999822e+00 4.504999999999999893e+00 4.625000000000000000e+00 6.817000000000000171e+00 8.899000000000000909e+00 2.459000000000000075e+00 4.076999999999999957e+00
9.241999999999999105e+00 2.589999999999999858e+00 3.049999999999999822e+00 4.504999999999999893e+00 4.625000000000000000e+00 7.216999999999999638e+00 8.899000000000000909e+00 2.459000000000000075e+00 4.076999999999999957e+00
9.641999999999999460e+00 2.589999999999999858e+00 3.049999999999999822e+00 4.504999999999999893e+00 4.625000000000000000e+00 7.216999999999999638e+00 8.899000000000000909e+00 2.459000000000000075e+00 4.076999999999999957e+00
9.641999999999999460e+00 2.589999999999999858e+00 3.049999999999999822e+00 4.504999999999999893e+00 5.024999999999999467e+00 7.216999999999999638e+00 8.899000000000000909e+00 2.459000000000000075e+00 4.076999999999999957e+00
9.641999999999999460e+00 2.589999999999999858e+00 3.049999999999999822e+00 4.105000000000000426e+00 5.024999999999999467e+00 7.216999999999999638e+00 8.899000000000000909e+00 2.459000000000000075e+00 4.076999999999999957e+00
9.641999999999999460e+00 2.589999999999999858e+00 3.049999999999999822e+00 4.105000000000000426e+00 5.024999999999999467e+00 7.216999999999999638e+00 8.899000000000000909e+00 2.858999999999999986e+00 4.076999999999999957e+00
9.241999999999999105e+00 2.189999999999999947e+00 2.850000000000000089e+00 4.504999999999999893e+00 5.224999999999999645e+00 7.416999999999999815e+00 8.899000000000000909e+00 3.058999999999999719e+00 3.477000000000000313e+00
9.241999999999999105e+00 2.189999999999999947e+00 2.450000000000000178e+00 4.504999999999999893e+00 5.224999999999999645e+00 7.416999999999999815e+00 8.899000000000000909e+00 3.058999999999999719e+00 3.477000000000000313e+00
9.241999999999999105e+00 2.189999999999999947e+00 2.450000000000000178e+00 4.504999999999999893e+00 5.224999999999999645e+00 7.416999999999999815e+00 8.899000000000000909e+00 3.058999999999999719e+00 3.877000000000000224e+00
9.241999999999999105e+00 2.189999999999999947e+00 2.450000000000000178e+00 4.105000000000000426e+00 5.224999999999999645e+00 7.416999999999999815e+00 8.899000000000000909e+00 3.058999999999999719e+00 3.877000000000000224e+00
9.641999999999999460e+00 2.189999999999999947e+00 2.450000000000000178e+00 4.105000000000000426e+00 5.224999999999999645e+00 7.416999999999999815e+00 8.899000000000000909e+00 3.058999999999999719e+00 3.877000000000000224e+00
9.641999999999999460e+00 2.189999999999999947e+00 2.450000000000000178e+00 4.105000000000000426e+00 4.825000000000000178e+00 7.416999999999999815e+00 8.899000000000000909e+00 3.058999999999999719e+00 3.877000000000000224e+00
9.641999999999999460e+00 2.589999999999999858e+00 2.450000000000000178e+00 4.105000000000000426e+00 4.825000000000000178e+00 7.416999999999999815e+00 8.899000000000000909e+00 3.058999999999999719e+00 3.877000000000000224e+00
9.641999999999999460e+00 2.589999999999999858e+00 2.450000000000000178e+00 4.105000000000000426e+00 4.825000000000000178e+00 7.017000000000000348e+00 8.899000000000000909e+00 3.058999999999999719e+00 3.877000000000000224e+00
9.641999999999999460e+00 2.589999999999999858e+00 2.450000000000000178e+00 4.105000000000000426e+00 4.825000000000000178e+00 7.017000000000000348e+00 8.499000000000000554e+00 3.058999999999999719e+00 3.877000000000000224e+00
9.641999999999999460e+00 2.589999999999999858e+00 2.450000000000000178e+00 4.105000000000000426e+00 4.825000000000000178e+00 7.017000000000000348e+00 8.499000000000000554e+00 2.658999999999999808e+00 3.877000000000000224e+00
9.842000000000000526e+00 1.989999999999999991e+00 2.649999999999999911e+00 4.705000000000000071e+00 4.625000000000000000e+00 7.416999999999999815e+00 8.698999999999999844e+00 2.459000000000000075e+00 3.877000000000000224e+00
9.842000000000000526e+00 1.989999999999999991e+00 2.649999999999999911e+00 4.705000000000000071e+00 4.625000000000000000e+00 7.416999999999999815e+00 8.698999999999999844e+00 2.459000000000000075e+00 3.477000000000000313e+00
9.842000000000000526e+00 1.989999999999999991e+00 2.649999999999999911e+00 4.305000000000000604e+00 4.625000000000000000e+00 7.416999999999999815e+00 8.698999999999999844e+00 2.459000000000000075e+00 3.477000000000000313e+00
9.842000000000000526e+00 1.989999999999999991e+00 3.049999999999999822e+00 4.305000000000000604e+00 4.625000000000000000e+00 7.416999999999999815e+00 8.698999999999999844e+00 2.459000000000000075e+00 3.477000000000000313e+00
9.842000000000000526e+00 1.989999999999999991e+00 3.049999999999999822e+00 4.305000000000000604e+00 5.024999999999999467e+00 7.416999999999999815e+00 8.698999999999999844e+00 2.459000000000000075e+00 3.477000000000000313e+00
9.842000000000000526e+00 1.989999999999999991e+00 3.049999999999999822e+00 4.305000000000000604e+00 5.024999999999999467e+00 7.416999999999999815e+00 8.298999999999999488e+00 2.459000000000000075e+00 3.477000000000000313e+00
9.842000000000000526e+00 1.989999999999999991e+00 3.049999999999999822e+00 4.305000000000000604e+00 5.024999999999999467e+00 7.017000000000000348e+00 8.298999999999999488e+00 2.459000000000000075e+00 3.477000000000000313e+00
9.442000000000000171e+00 1.989999999999999991e+00 3.049999999999999822e+00 4.305000000000000604e+00 5.024999999999999467e+00 7.017000000000000348e+00 8.298999999999999488e+00 2.459000000000000075e+00 3.477000000000000313e+00
9.442000000000000171e+00 1.989999999999999991e+00 3.049999999999999822e+00 4.305000000000000604e+00 5.024999999999999467e+00 7.017000000000000348e+00 8.298999999999999488e+00 2.858999999999999986e+00 3.477000000000000313e+00
9.442000000000000171e+00 2.389999999999999680e+00 3.049999999999999822e+00 4.305000000000000604e+00 5.024999999999999467e+00 7.017000000000000348e+00 8.298999999999999488e+00 2.858999999999999986e+00 3.477000000000000313e+00
9.641999999999999460e+00 2.389999999999999680e+00 2.450000000000000178e+00 4.305000000000000604e+00 4.825000000000000178e+00 6.817000000000000171e+00 8.899000000000000909e+00 2.658999999999999808e+00 4.076999999999999957e+00
9.641999999999999460e+00 2.389999999999999680e+00 2.450000000000000178e+00 4.305000000000000604e+00 4.825000000000000178e+00 6.817000000000000171e+00 8.499000000000000554e+00 2.658999999999999808e+00 4.076999999999999957e+00
9.641999999999999460e+00 2.389999999999999680e+00 2.450000000000000178e+00 4.705000000000000071e+00 4.825000000000000178e+00 6.817000000000000171e+00 8.499000000000000554e+00 2.658999999999999808e+00 4.076999999999999957e+00
9.641999999999999460e+00 2.389999999999999680e+00 2.450000000000000178e+00 4.705000000000000071e+00 4.825000000000000178e+00 6.817000000000000171e+00 8.499000000000000554e+00 3.058999999999999719e+00 4.076999999999999957e+00
9.241999999999999105e+00 2.389999999999999680e+00 2.450000000000000178e+00 4.705000000000000071e+00 4.825000000000000178e+00 6.817000000000000171e+00 8.499000000000000554e+00 3.058999999999999719e+00 4.076999999999999957e+00
9.241999999999999105e+00 1.989999999999999991e+00 2.450000000000000178e+00 4.705000000000000071e+00 4.825000000000000178e+00 6.817000000000000171e+00 8.499000000000000554e+00 3.058999999999999719e+00 4.076999999999999957e+00
9.241999999999999105e+00 1.989999999999999991e+00 2.450000000000000178e+00 4.705000000000000071e+00 5.224999999999999645e+00 6.817000000000000171e+00 8.499000000000000554e+00 3.058999999999999719e+00 4.076999999999999957e+00
9.241999999999999105e+00 1.989999999999999991e+00 2.450000000000000178e+00 4.705000000000000071e+00 5.224999999999999645e+00 7.216999999999999638e+00 8.499000000000000554e+00 3.058999999999999719e+00 4.076999999999999957e+00
9.241999999999999105e+00 1.989999999999999991e+00 2.450000000000000178e+00 4.705000000000000071e+00 5.224999999999999645e+00 7.216999999999999638e+00 8.499000000000000554e+00 3.058999999999999719e+00 3.677000000000000046e+00
9.241999999999999105e+00 1.989999999999999991e+00 2.850000000000000089e+00 4.705000000000000071e+00 5.224999999999999645e+00 7.216999999999999638e+00 8.499000000000000554e+00 3.058999999999999719e+00 3.677000000000000046e+00
9.442000000000000171e+00 2.189999999999999947e+00 2.649999999999999911e+00 4.504999999999999893e+00 4.825000000000000178e+00 7.017000000000000348e+00 8.698999999999999844e+00 2.459000000000000075e+00 3.477000000000000313e+00
9.442000000000000171e+00 2.189999999999999947e+00 2.649999999999999911e+00 4.504999999999999893e+00 5.224999999999999645e+00 7.017000000000000348e+00 8.698999999999999844e+00 2.459000000000000075e+00 3.477000000000000313e+00
9.442000000000000171e+00 2.189999999999999947e+00 2.649999999999999911e+00 4.504999999999999893e+00 5.224999999999999645e+00 7.017000000000000348e+00 8.298999999999999488e+00 2.459000000000000075e+00 3.477000000000000313e+00
9.842000000000000526e+00 2.189999999999999947e+00 2.649999999999999911e+00 4.504999999999999893e+00 5.224999999999999645e+00 7.017000000000000348e+00 8.298999999999999488e+00 2.459000000000000075e+00 3.477000000000000313e+00
9.842000000000000526e+00 2.589999999999999858e+00 2.649999999999999911e+00 4.504999999999999893e+00 5.224999999999999645e+00 7.017000000000000348e+00 8.298999999999999488e+00 2.459000000000000075e+00 3.477000000000000313e+00
9.842000000000000526e+00 2.589999999999999858e+00 3.049999999999999822e+00 4.504999999999999893e+00 5.224999999999999645e+00 7.017000000000000348e+00 8.298999999999999488e+00 2.459000000000000075e+00 3.477000000000000313e+00
9.842000000000000526e+00 2.589999999999999858e+00 3.049999999999999822e+00 4.105000000000000426e+00 5.224999999999999645e+00 7.017000000000000348e+00 8.298999999999999488e+00 2.459000000000000075e+00 3.477000000000000313e+00
9.842000000000000526e+00 2.589999999999999858e+00 3.049999999999999822e+00 4.105000000000000426e+00 5.224999999999999645e+00 7.017000000000000348e+00 8.298999999999999488e+00 2.858999999999999986e+00 3.477000000000000313e+00
9.842000000000000526e+00 2.589999999999999858e+00 3.049999999999999822e+00 4.105000000000000426e+00 5.224999999999999645e+00 7.416999999999999815e+00 8.298999999999999488e+00 2.858999999999999986e+00 3.477000000000000313e+00
9.842000000000000526e+00 2.589999999999999858e+00 3.049999999999999822e+00 4.105000000000000426e+00 5.224999999999999645e+00 7.416999999999999815e+00 8.298999999999999488e+00 2.858999999999999986e+00 3.877000000000000224e+00
9.241999999999999105e+00 2.389999999999999680e+00 2.450000000000000178e+00 4.504999999999999893e+00 5.024999999999999467e+00 7.416999999999999815e+00 8.298999999999999488e+00 2.658999999999999808e+00 4.076999999999999957e+00
9.241999999999999105e+00 2.389999999999999680e+00 2.450000000000000178e+00 4.504999999999999893e+00 5.024999999999999467e+00 7.017000000000000348e+00 8.298999999999999488e+00 2.658999999999999808e+00 4.076999999999999957e+00
9.241999999999999105e+00 2.389999999999999680e+00 2.450000000000000178e+00 4.504999999999999893e+00 5.024999999999999467e+00 7.017000000000000348e+00 8.298999999999999488e+00 3.058999999999999719e+00 4.076999999999999957e+00
9.241999999999999105e+00 2.389999999999999680e+00 2.450000000000000178e+00 4.105000000000000426e+00 5.024999999999999467e+00 7.017000000000000348e+00 8.298999999999999488e+00 3.058999999999999719e+00 4.076999999999999957e+00
9.241999999999999105e+00 2.389999999999999680e+00 2.450000000000000178e+00 4.105000000000000426e+00 4.625000000000000000e+00 7.017000000000000348e+00 8.298999999999999488e+00 3.058999999999999719e+00 4.076999999999999957e+00
9.241999999999999105e+00 1.989999999999999991e+00 2.450000000000000178e+00 4.105000000000000426e+00 4.625000000000000000e+00 7.017000000000000348e+00 8.298999999999999488e+00 3.058999999999999719e+00 4.076999999999999957e+00
9.241999999999999105e+00 1.989999999999999991e+00 2.850000000000000089e+00 4.105000000000000426e+00 4.625000000000000000e+00 7.017000000000000348e+00 8.298999999999999488e+00 3.058999999999999719e+00 4.076999999999999957e+00
9.641999999999999460e+00 1.989999999999999991e+00 2.850000000000000089e+00 4.105000000000000426e+00 4.625000000000000000e+00 7.017000000000000348e+00 8.298999999999999488e+00 3.058999999999999719e+00 4.076999999999999957e+00
9.641999999999999460e+00 1.989999999999999991e+00 2.850000000000000089e+00 4.105000000000000426e+00 4.625000000000000000e+00 7.017000000000000348e+00 8.698999999999999844e+00 3.058999999999999719e+00 4.076999999999999957e+00
9.641999999999999460e+00 1.989999999999999991e+00 2.850000000000000089e+00 4.105000000000000426e+00 4.625000000000000000e+00 7.017000000000000348e+00 8.698999999999999844e+00 3.058999999999999719e+00 3.677000000000000046e+00
9.241999999999999105e+00 2.189999999999999947e+00 2.649999999999999911e+00 4.105000000000000426e+00 5.224999999999999645e+00 7.017000000000000348e+00 8.298999999999999488e+00 2.858999999999999986e+00 4.076999999999999957e+00
9.641999999999999460e+00 2.189999999999999947e+00 2.649999999999999911e+00 4.105000000000000426e+00 5.224999999999999645e+00 7.017000000000000348e+00 8.298999999999999488e+00 2.858999999999999986e+00 4.076999999999999957e+00
9.641999999999999460e+00 2.189999999999999947e+00 3.049999999999999822e+00 4.105000000000000426e+00 5.224999999999999645e+00 7.017000000000000348e+00 8.298999999999999488e+00 2.858999999999999986e+00 4.076999999999999957e+00
9.641999999999999460e+00 2.589999999999999858e+00 3.049999999999999822e+00 4.105000000000000426e+00 5.224999999999999645e+00 7.017000000000000348e+00 8.298999999999999488e+00 2.858999999999999986e+00 4.076999999999999957e+00
9.641999999999999460e+00 2.589999999999999858e+00 3.049999999999999822e+00 4.105000000000000426e+00 5.224999999999999645e+00 7.416999999999999815e+00 8.298999999999999488e+00 2.858999999999999986e+00 4.076999999999999957e+00
9.641999999999999460e+00 2.589999999999999858e+00 3.049999999999999822e+00 4.105000000000000426e+00 5.224999999999999645e+00 7.416999999999999815e+00 8.298999999999999488e+00 2.459000000000000075e+00 4.076999999999999957e+00
9.641999999999999460e+00 2.589999999999999858e+00 3.049999999999999822e+00 4.504999999999999893e+00 5.224999999999999645e+00 7.416999999999999815e+00 8.298999999999999488e+00 2.459000000000000075e+00 4.076999999999999957e+00
9.641999999999999460e+00 2.589999999999999858e+00 3.049999999999999822e+00 4.504999999999999893e+00 5.224999999999999645e+00 7.416999999999999815e+00 8.298999999999999488e+00 2.459000000000000075e+00 3.677000000000000046e+00
9.641999999999999460e+00 2.589999999999999858e+00 3.049999999999999822e+00 4.504999999999999893e+00 4.825000000000000178e+00 7.416999999999999815e+00 8.298999999999999488e+00 2.459000000000000075e+00 3.677000000000000046e+00
9.641999999999999460e+00 2.589999999999999858e+00 3.049999999999999822e+00 4.504999999999999893e+00 4.825000000000000178e+00 7.416999999999999815e+00 8.698999999999999844e+00 2.459000000000000075e+00 3.677000000000000046e+00
9.241999999999999105e+00 2.189999999999999947e+00 3.049999999999999822e+00 4.504999999999999893e+00 4.625000000000000000e+00 7.216999999999999638e+00 8.298999999999999488e+00 3.058999999999999719e+00 4.076999999999999957e+00
9.241999999999999105e+00 2.189999999999999947e+00 3.049999999999999822e+00 4.105000000000000426e+00 4.625000000000000000e+00 7.216999999999999638e+00 8.298999999999999488e+00 3.058999999999999719e+00 4.076999999999999957e+00
9.241999999999999105e+00 2.189999999999999947e+00 3.049999999999999822e+00 4.105000000000000426e+00 4.625000000000000000e+00 6.817000000000000171e+00 8.298999999999999488e+00 3.058999999999999719e+00 4.076999999999999957e+00
9.641999999999999460e+00 2.189999999999999947e+00 3.049999999999999822e+00 4.105000000000000426e+00 4.625000000000000000e+00 6.817000000000000171e+00 8.298999999999999488e+00 3.058999999999999719e+00 4.076999999999999957e+00
9.641999999999999460e+00 2.189999999999999947e+00 3.049999999999999822e+00 4.105000000000000426e+00 4.625000000000000000e+00 6.817000000000000171e+00 8.298999999999999488e+00 3.058999999999999719e+00 3.677000000000000046e+00
9.641999999999999460e+00 2.589999999999999858e+00 3.049999999999999822e+00 4.105000000000000426e+00 4.625000000000000000e+00 6.817000000000000171e+00 8.298999999999999488e+00 3.058999999999999719e+00 3.677000000000000046e+00
9.641999999999999460e+00 2.589999999999999858e+00 2.649999999999999911e+00 4.105000000000000426e+00 4.625000000000000000e+00 6.817000000000000171e+00 8.298999999999999488e+00 3.058999999999999719e+00 3.677000000000000046e+00
9.641999999999999460e+00 2.589999999999999858e+00 2.649999999999999911e+00 4.105000000000000426e+00 4.625000000000000000e+00 6.817000000000000171e+00 8.698999999999999844e+00 3.058999999999999719e+00 3.677000000000000046e+00
9.641999999999999460e+00 2.589999999999999858e+00 2.649999999999999911e+00 4.105000000000000426e+00 5.024999999999999467e+00 6.817000000000000171e+00 8.698999999999999844e+00 3.058999999999999719e+00 3.677000000000000046e+00
9.641999999999999460e+00 2.589999999999999858e+00 2.649999999999999911e+00 4.105000000000000426e+00 5.024999999999999467e+00 6.817000000000000171e+00 8.698999999999999844e+00 2.658999999999999808e+00 3.677000000000000046e+00
9.842000000000000526e+00 1.989999999999999991e+00 2.850000000000000089e+00 4.705000000000000071e+00 4.825000000000000178e+00 7.216999999999999638e+00 8.698999999999999844e+00 3.058999999999999719e+00 3.477000000000000313e+00
9.842000000000000526e+00 1.989999999999999991e+00 2.850000000000000089e+00 4.705000000000000071e+00 4.825000000000000178e+00 7.216999999999999638e+00 8.298999999999999488e+00 3.058999999999999719e+00 3.477000000000000313e+00
9.842000000000000526e+00 1.989999999999999991e+00 2.850000000000000089e+00 4.705000000000000071e+00 4.825000000000000178e+00 6.817000000000000171e+00 8.298999999999999488e+00 3.058999999999999719e+00 3.477000000000000313e+00
9.842000000000000526e+00 1.989999999999999991e+00 2.850000000000000089e+00 4.705000000000000071e+00 5.224999999999999645e+00 6.817000000000000171e+00 8.298999999999999488e+00 3.058999999999999719e+00 3.477000000000000313e+00
9.442000000000000171e+00 1.989999999999999991e+00 2.850000000000000089e+00 4.705000000000000071e+00 5.224999999999999645e+00 6.817000000000000171e+00 8.298999999999999488e+00 3.058999999999999719e+00 3.477000000000000313e+00
9.442000000000000171e+00 1.989999999999999991e+00 2.850000000000000089e+00 4.305000000000000604e+00 5.224999999999999645e+00 6.817000000000000171e+00 8.298999999999999488e+00 3.058999999999999719e+00 3.477000000000000313e+00
9.442000000000000171e+00 1.989999999999999991e+00 2.450000000000000178e+00 4.305000000000000604e+00 5.224999999999999645e+00 6.817000000000000171e+00 8.298999999999999488e+00 3.058999999999999719e+00 3.477000000000000313e+00
9.442000000000000171e+00 1.989999999999999991e+00 2.450000000000000178e+00 4.305000000000000604e+00 5.224999999999999645e+00 6.817000000000000171e+00 8.298999999999999488e+00 3.058999999999999719e+00 3.877000000000000224e+00
9.442000000000000171e+00 1.989999999999999991e+00 2.450000000000000178e+00 4.305000000000000604e+00 5.224999999999999645e+00 6.817000000000000171e+00 8.298999999999999488e+00 2.658999999999999808e+00 3.877000000000000224e+00
9.442000000000000171e+00 2.389999999999999680e+00 2.450000000000000178e+00 4.305000000000000604e+00 5.224999999999999645e+00 6.817000000000000171e+00 8.298999999999999488e+00 2.658999999999999808e+00 3.877000000000000224e+00
9.641999999999999460e+00 2.589999999999999858e+00 2.450000000000000178e+00 4.105000000000000426e+00 5.024999999999999467e+00 6.817000000000000171e+00 8.499000000000000554e+00 2.858999999999999986e+00 3.477000000000000313e+00
9.641999999999999460e+00 2.589999999999999858e+00 2.450000000000000178e+00 4.105000000000000426e+00 5.024999999999999467e+00 6.817000000000000171e+00 8.899000000000000909e+00 2.858999999999999986e+00 3.477000000000000313e+00
9.641999999999999460e+00 2.589999999999999858e+00 2.450000000000000178e+00 4.105000000000000426e+00 4.625000000000000000e+00 6.817000000000000171e+00 8.899000000000000909e+00 2.858999999999999986e+00 3.477000000000000313e+00
9.641999999999999460e+00 2.589999999999999858e+00 2.450000000000000178e+00 4.105000000000000426e+00 4.625000000000000000e+00 6.817000000000000171e+00 8.899000000000000909e+00 2.459000000000000075e+00 3.477000000000000313e+00
9.641999999999999460e+00 2.189999999999999947e+00 2.450000000000000178e+00 4.105000000000000426e+00 4.625000000000000000e+00 6.817000000000000171e+00 8.899000000000000909e+00 2.459000000000000075e+00 3.477000000000000313e+00
9.641999999999999460e+00 2.189999999999999947e+00 2.450000000000000178e+00 4.105000000000000426e+00 4.625000000000000000e+00 7.216999999999999638e+00 8.899000000000000909e+00 2.459000000000000075e+00 3.477000000000000313e+00
9.241999999999999105e+00 2.189999999999999947e+00 2.450000000000000178e+00 4.105000000000000426e+00 4.625000000000000000e+00 7.216999999999999638e+00 8.899000000000000909e+00 2.459000000000000075e+00 3.477000000000000313e+00
9.241999999999999105e+00 2.189999999999999947e+00 2.450000000000000178e+00 4.504999999999999893e+00 4.625000000000000000e+00 7.216999999999999638e+00 8.899000000000000909e+00 2.459000000000000075e+00 3.477000000000000313e+00
9.241999999999999105e+00 2.189999999999999947e+00 2.450000000000000178e+00 4.504999999999999893e+00 4.625000000000000000e+00 7.216999999999999638e+00 8.899000000000000909e+00 2.459000000000000075e+00 3.877000000000000224e+00
9.241999999999999105e+00 2.189999999999999947e+00 2.850000000000000089e+00 4.504999999999999893e+00 4.625000000000000000e+00 7.216999999999999638e+00 8.899000000000000909e+00 2.459000000000000075e+00 3.877000000000000224e+00
9.442000000000000171e+00 2.589999999999999858e+00 2.850000000000000089e+00 4.705000000000000071e+00 5.224999999999999645e+00 7.416999999999999815e+00 8.899000000000000909e+00 2.459000000000000075e+00 3.677000000000000046e+00
9.442000000000000171e+00 2.589999999999999858e+00 2.450000000000000178e+00 4.705000000000000071e+00 5.224999999999999645e+00 7.416999999999999815e+00 8.899000000000000909e+00 2.459000000000000075e+00 3.677000000000000046e+00
9.842000000000000526e+00 2.589999999999999858e+00 2.450000000000000178e+00 4.705000000000000071e+00 5.224999999999999645e+00 7.416999999999999815e+00 8.899000000000000909e+00 2.459000000000000075e+00 3.677000000000000046e+00
9.842000000000000526e+00 2.589999999999999858e+00 2.450000000000000178e+00 4.705000000000000071e+00 5.224999999999999645e+00 7.017000000000000348e+00 8.899000000000000909e+00 2.459000000000000075e+00 3.677000000000000046e+00
9.842000000000000526e+00 2.589999999999999858e+00 2.450000000000000178e+00 4.705000000000000071e+00 5.224999999999999645e+00 7.017000000000000348e+00 8.499000000000000554e+00 2.459000000000000075e+00 3.677000000000000046e+00
9.842000000000000526e+00 2.189999999999999947e+00 2.450000000000000178e+00 4.705000000000000071e+00 5.224999999999999645e+00 7.017000000000000348e+00 8.499000000000000554e+00 2.459000000000000075e+00 3.677000000000000046e+00
9.842000000000000526e+00 2.189999999999999947e+00 2.450000000000000178e+00 4.705000000000000071e+00 5.224999999999999645e+00 7.017000000000000348e+00 8.499000000000000554e+00 2.459000000000000075e+00 4.076999999999999957e+00
9.842000000000000526e+00 2.189999999999999947e+00 2.450000000000000178e+00 4.705000000000000071e+00 5.224999999999999645e+00 7.017000000000000348e+00 8.499000000000000554e+00 2.858999999999999986e+00 4.076999999999999957e+00
9.842000000000000526e+00 2.189999999999999947e+00 2.450000000000000178e+00 4.705000000000000071e+00 4.825000000000000178e+00 7.017000000000000348e+00 8.499000000000000554e+00 2.858999999999999986e+00 4.076999999999999957e+00
9.842000000000000526e+00 2.189999999999999947e+00 2.450000000000000178e+00 4.305000000000000604e+00 4.825000000000000178e+00 7.017000000000000348e+00 8.499000000000000554e+00 2.858999999999999986e+00 4.076999999999999957e+00
9.842000000000000526e+00 1.989999999999999991e+00 3.049999999999999822e+00 4.504999999999999893e+00 4.825000000000000178e+00 6.817000000000000171e+00 8.698999999999999844e+00 2.459000000000000075e+00 3.677000000000000046e+00
9.842000000000000526e+00 1.989999999999999991e+00 3.049999999999999822e+00 4.105000000000000426e+00 4.825000000000000178e+00 6.817000000000000171e+00 8.698999999999999844e+00 2.459000000000000075e+00 3.677000000000000046e+00
9.842000000000000526e+00 1.989999999999999991e+00 3.049999999999999822e+00 4.105000000000000426e+00 5.224999999999999645e+00 6.817000000000000171e+00 8.698999999999999844e+00 2.459000000000000075e+00 3.677000000000000046e+00
9.842000000000000526e+00 1.989999999999999991e+00 3.049999999999999822e+00 4.105000000000000426e+00 5.224999999999999645e+00 6.817000000000000171e+00 8.698999999999999844e+00 2.459000000000000075e+00 4.076999999999999957e+00
9.842000000000000526e+00 1.989999999999999991e+00 3.049999999999999822e+00 4.105000000000000426e+00 5.224999999999999645e+00 6.817000000000000171e+00 8.298999999999999488e+00 2.459000000000000075e+00 4.076999999999999957e+00
9.842000000000000526e+00 2.389999999999999680e+00 3.049999999999999822e+00 4.105000000000000426e+00 5.224999999999999645e+00 6.817000000000000171e+00 8.298999999999999488e+00 2.459000000000000075e+00 4.076999999999999957e+00
9.842000000000000526e+00 2.389999999999999680e+00 2.649999999999999911e+00 4.105000000000000426e+00 5.224999999999999645e+00 6.817000000000000171e+00 8.298999999999999488e+00 2.459000000000000075e+00 4.076999999999999957e+00
9.842000000000000526e+00 2.389999999999999680e+00 2.649999999999999911e+00 4.105000000000000426e+00 5.224999999999999645e+00 6.817000000000000171e+00 8.298999999999999488e+00 2.858999999999999986e+00 4.076999999999999957e+00
9.442000000000000171e+00 2.389999999999999680e+00 2.649999999999999911e+00 4.105000000000000426e+00 5.224999999999999645e+00 6.817000000000000171e+00 8.298999999999999488e+00 2.858999999999999986e+00 4.076999999999999957e+00
9.442000000000000171e+00 2.389999999999999680e+00 2.649999999999999911e+00 4.105000000000000426e+00 5.224999999999999645e+00 7.216999999999999638e+00 8.298999999999999488e+00 2.858999999999999986e+00 4.076999999999999957e+00
9.842000000000000526e+00 2.389999999999999680e+00 3.049999999999999822e+00 4.504999999999999893e+00 5.024999999999999467e+00 6.817000000000000171e+00 8.499000000000000554e+00 2.658999999999999808e+00 3.677000000000000046e+00
9.842000000000000526e+00 2.389999999999999680e+00 3.049999999999999822e+00 4.504999999999999893e+00 5.024999999999999467e+00 6.817000000000000171e+00 8.499000000000000554e+00 3.058999999999999719e+00 3.677000000000000046e+00
9.842000000000000526e+00 2.389999999999999680e+00 3.049999999999999822e+00 4.504999999999999893e+00 4.625000000000000000e+00 6.817000000000000171e+00 8.499000000000000554e+00 3.058999999999999719e+00 3.677000000000000046e+00
9.842000000000000526e+00 2.389999999999999680e+00 3.049999999999999822e+00 4.504999999999999893e+00 4.625000000000000000e+00 6.817000000000000171e+00 8.899000000000000909e+00 3.058999999999999719e+00 3.677000000000000046e+00
9.842000000000000526e+00 2.389999999999999680e+00 3.049999999999999822e+00 4.504999999999999893e+00 4.625000000000000000e+00 6.817000000000000171e+00 8.899000000000000909e+00 3.058999999999999719e+00 4.076999999999999957e+00
9.842000000000000526e+00 2.389999999999999680e+00 3.049999999999999822e+00 4.504999999999999893e+00 4.625000000000000000e+00 7.216999999999999638e+00 8.899000000000000909e+00 3.058999999999999719e+00 4.076999999999999957e+00
9.842000000000000526e+00 1.989999999999999991e+00 3.049999999999999822e+00 4.504999999999999893e+00 4.625000000000000000e+00 7.216999999999999638e+00 8.899000000000000909e+00 3.058999999999999719e+00 4.076999999999999957e+00
9.842000000000000526e+00 1.989999999999999991e+00 3.049999999999999822e+00 4.105000000000000426e+00 4.625000000000000000e+00 7.216999999999999638e+00 8.899000000000000909e+00 3.058999999999999719e+00 4.076999999999999957e+00
9.442000000000000171e+00 1.989999999999999991e+00 3.049999999999999822e+00 4.105000000000000426e+00 4.625000000000000000e+00 7.216999999999999638e+00 8.899000000000000909e+00 3.058999999999999719e+00 4.076999999999999957e+00
9.442000000000000171e+00 1.989999999999999991e+00 2.649999999999999911e+00 4.105000000000000426e+00 4.625000000000000000e+00 7.216999999999999638e+00 8.899000000000000909e+00 3.058999999999999719e+00 4.076999999999999957e+00
9.241999999999999105e+00 2.189999999999999947e+00 3.049999999999999822e+00 4.305000000000000604e+00 4.625000000000000000e+00 7.216999999999999638e+00 8.298999999999999488e+00 2.658999999999999808e+00 3.677000000000000046e+00
9.241999999999999105e+00 2.589999999999999858e+00 3.049999999999999822e+00 4.305000000000000604e+00 4.625000000000000000e+00 7.216999999999999638e+00 8.298999999999999488e+00 2.658999999999999808e+00 3.677000000000000046e+00
9.241999999999999105e+00 2.589999999999999858e+00 3.049999999999999822e+00 4.305000000000000604e+00 4.625000000000000000e+00 6.817000000000000171e+00 8.298999999999999488e+00 2.658999999999999808e+00 3.677000000000000046e+00
9.241999999999999105e+00 2.589999999999999858e+00 3.049999999999999822e+00 4.305000000000000604e+00 4.625000000000000000e+00 6.817000000000000171e+00 8.298999999999999488e+00 2.658999999999999808e+00 4.076999999999999957e+00
9.241999999999999105e+00 2.589999999999999858e+00 3.049999999999999822e+00 4.705000000000000071e+00 4.625000000000000000e+00 6.817000000000000171e+00 8.298999999999999488e+00 2.658999999999999808e+00 4.076999999999999957e+00
9.641999999999999460e+00 2.589999999999999858e+00 3.049999999999999822e+00 4.705000000000000071e+00 4.625000000000000000e+00 6.817000000000000171e+00 8.298999999999999488e+00 2.658999999999999808e+00 4.076999999999999957e+00
9.641999999999999460e+00 2.589999999999999858e+00 3.049999999999999822e+00 4.705000000000000071e+00 4.625000000000000000e+00 6.817000000000000171e+00 8.698999999999999844e+00 2.658999999999999808e+00 4.076999999999999957e+00
9.641999999999999460e+00 2.589999999999999858e+00 3.049999999999999822e+00 4.705000000000000071e+00 4.625000000000000000e+00 6.817000000000000171e+00 8.698999999999999844e+00 3.058999999999999719e+00 4.076999999999999957e+00
9.641999999999999460e+00 2.589999999999999858e+00 2.649999999999999911e+00 4.705000000000000071e+00 4.625000000000000000e+00 6.817000000000000171e+00 8.698999999999999844e+00 3.058999999999999719e+00 4.076999999999999957e+00
9.641999999999999460e+00 2.589999999999999858e+00 2.649999999999999911e+00 4.705000000000000071e+00 5.024999999999999467e+00 6.817000000000000171e+00 8.698999999999999844e+00 3.058999999999999719e+00 4.076999999999999957e+00
