1.107505859375000057e+01 2.170058593749999876e+00 2.756910156250000021e+00 2.374472656250000036e+00 2.761285156250000039e+00 3.790769531250000046e+00 1.556466796874999936e+01 1.347849609374999957e+01 3.784871093750000082e+00 1.110185546875000107e+01 2.771871093749999737e+00 2.066855468750000036e+00 3.434526171875000244e+01 1.108853515625000163e+01 1.556029296874999979e+01 3.435127734375000585e+01 1.348919921874999872e+01 3.764910156250000028e+00
1.109654296875000057e+01 2.170058593749999876e+00 2.756910156250000021e+00 2.374472656250000036e+00 2.761285156250000039e+00 3.790769531250000046e+00 1.556466796874999936e+01 1.347849609374999957e+01 3.784871093750000082e+00 1.110185546875000107e+01 2.771871093749999737e+00 2.066855468750000036e+00 3.434526171875000244e+01 1.108853515625000163e+01 1.556029296874999979e+01 3.435127734375000585e+01 1.348919921874999872e+01 3.764910156250000028e+00
1.107505859375000057e+01 2.168847656249999645e+00 2.756910156250000021e+00 2.374472656250000036e+00 2.761285156250000039e+00 3.790769531250000046e+00 1.556466796874999936e+01 1.347849609374999957e+01 3.784871093750000082e+00 1.110185546875000107e+01 2.771871093749999737e+00 2.066855468750000036e+00 3.434526171875000244e+01 1.108853515625000163e+01 1.556029296874999979e+01 3.435127734375000585e+01 1.348919921874999872e+01 3.764910156250000028e+00
1.107505859375000057e+01 2.170058593749999876e+00 2.759996093749999879e+00 2.374472656250000036e+00 2.761285156250000039e+00 3.790769531250000046e+00 1.556466796874999936e+01 1.347849609374999957e+01 3.784871093750000082e+00 1.110185546875000107e+01 2.771871093749999737e+00 2.066855468750000036e+00 3.434526171875000244e+01 1.108853515625000163e+01 1.556029296874999979e+01 3.435127734375000585e+01 1.348919921874999872e+01 3.764910156250000028e+00
1.107505859375000057e+01 2.170058593749999876e+00 2.756910156250000021e+00 2.359902343749999964e+00 2.761285156250000039e+00 3.790769531250000046e+00 1.556466796874999936e+01 1.347849609374999957e+01 3.784871093750000082e+00 1.110185546875000107e+01 2.771871093749999737e+00 2.066855468750000036e+00 3.434526171875000244e+01 1.108853515625000163e+01 1.556029296874999979e+01 3.435127734375000585e+01 1.348919921874999872e+01 3.764910156250000028e+00
1.107505859375000057e+01 2.170058593749999876e+00 2.756910156250000021e+00 2.374472656250000036e+00 2.772027343750000039e+00 3.790769531250000046e+00 1.556466796874999936e+01 1.347849609374999957e+01 3.784871093750000082e+00 1.110185546875000107e+01 2.771871093749999737e+00 2.066855468750000036e+00 3.434526171875000244e+01 1.108853515625000163e+01 1.556029296874999979e+01 3.435127734375000585e+01 1.348919921874999872e+01 3.764910156250000028e+00
1.107505859375000057e+01 2.170058593749999876e+00 2.756910156250000021e+00 2.374472656250000036e+00 2.761285156250000039e+00 3.777136718750000011e+00 1.556466796874999936e+01 1.347849609374999957e+01 3.784871093750000082e+00 1.110185546875000107e+01 2.771871093749999737e+00 2.066855468750000036e+00 3.434526171875000244e+01 1.108853515625000163e+01 1.556029296874999979e+01 3.435127734375000585e+01 1.348919921874999872e+01 3.764910156250000028e+00
1.107505859375000057e+01 2.170058593749999876e+00 2.756910156250000021e+00 2.374472656250000036e+00 2.761285156250000039e+00 3.790769531250000046e+00 1.558724609374999837e+01 1.347849609374999957e+01 3.784871093750000082e+00 1.110185546875000107e+01 2.771871093749999737e+00 2.066855468750000036e+00 3.434526171875000244e+01 1.108853515625000163e+01 1.556029296874999979e+01 3.435127734375000585e+01 1.348919921874999872e+01 3.764910156250000028e+00
1.107505859375000057e+01 2.170058593749999876e+00 2.756910156250000021e+00 2.374472656250000036e+00 2.761285156250000039e+00 3.790769531250000046e+00 1.556466796874999936e+01 1.346275390625000057e+01 3.784871093750000082e+00 1.110185546875000107e+01 2.771871093749999737e+00 2.066855468750000036e+00 3.434526171875000244e+01 1.108853515625000163e+01 1.556029296874999979e+01 3.435127734375000585e+01 1.348919921874999872e+01 3.764910156250000028e+00
1.107505859375000057e+01 2.170058593749999876e+00 2.756910156250000021e+00 2.374472656250000036e+00 2.761285156250000039e+00 3.790769531250000046e+00 1.556466796874999936e+01 1.347849609374999957e+01 3.787410156249999993e+00 1.110185546875000107e+01 2.771871093749999737e+00 2.066855468750000036e+00 3.434526171875000244e+01 1.108853515625000163e+01 1.556029296874999979e+01 3.435127734375000585e+01 1.348919921874999872e+01 3.764910156250000028e+00
1.107505859375000057e+01 2.170058593749999876e+00 2.756910156250000021e+00 2.374472656250000036e+00 2.761285156250000039e+00 3.790769531250000046e+00 1.556466796874999936e+01 1.347849609374999957e+01 3.784871093750000082e+00 1.110857421875000028e+01 2.771871093749999737e+00 2.066855468750000036e+00 3.434526171875000244e+01 1.108853515625000163e+01 1.556029296874999979e+01 3.435127734375000585e+01 1.348919921874999872e+01 3.764910156250000028e+00
1.107505859375000057e+01 2.170058593749999876e+00 2.756910156250000021e+00 2.374472656250000036e+00 2.761285156250000039e+00 3.790769531250000046e+00 1.556466796874999936e+01 1.347849609374999957e+01 3.784871093750000082e+00 1.110185546875000107e+01 2.751597656249999968e+00 2.066855468750000036e+00 3.434526171875000244e+01 1.108853515625000163e+01 1.556029296874999979e+01 3.435127734375000585e+01 1.348919921874999872e+01 3.764910156250000028e+00
1.107505859375000057e+01 2.170058593749999876e+00 2.756910156250000021e+00 2.374472656250000036e+00 2.761285156250000039e+00 3.790769531250000046e+00 1.556466796874999936e+01 1.347849609374999957e+01 3.784871093750000082e+00 1.110185546875000107e+01 2.771871093749999737e+00 2.031738281250000000e+00 3.434526171875000244e+01 1.108853515625000163e+01 1.556029296874999979e+01 3.435127734375000585e+01 1.348919921874999872e+01 3.764910156250000028e+00
1.107505859375000057e+01 2.170058593749999876e+00 2.756910156250000021e+00 2.374472656250000036e+00 2.761285156250000039e+00 3.790769531250000046e+00 1.556466796874999936e+01 1.347849609374999957e+01 3.784871093750000082e+00 1.110185546875000107e+01 2.771871093749999737e+00 2.066855468750000036e+00 3.435678515625000529e+01 1.108853515625000163e+01 1.556029296874999979e+01 3.435127734375000585e+01 1.348919921874999872e+01 3.764910156250000028e+00
1.107505859375000057e+01 2.170058593749999876e+00 2.756910156250000021e+00 2.374472656250000036e+00 2.761285156250000039e+00 3.790769531250000046e+00 1.556466796874999936e+01 1.347849609374999957e+01 3.784871093750000082e+00 1.110185546875000107e+01 2.771871093749999737e+00 2.066855468750000036e+00 3.434526171875000244e+01 1.111365234375000099e+01 1.556029296874999979e+01 3.435127734375000585e+01 1.348919921874999872e+01 3.764910156250000028e+00
1.107505859375000057e+01 2.170058593749999876e+00 2.756910156250000021e+00 2.374472656250000036e+00 2.761285156250000039e+00 3.790769531250000046e+00 1.556466796874999936e+01 1.347849609374999957e+01 3.784871093750000082e+00 1.110185546875000107e+01 2.771871093749999737e+00 2.066855468750000036e+00 3.434526171875000244e+01 1.108853515625000163e+01 1.557013671874999972e+01 3.435127734375000585e+01 1.348919921874999872e+01 3.764910156250000028e+00
1.107505859375000057e+01 2.170058593749999876e+00 2.756910156250000021e+00 2.374472656250000036e+00 2.761285156250000039e+00 3.790769531250000046e+00 1.556466796874999936e+01 1.347849609374999957e+01 3.784871093750000082e+00 1.110185546875000107e+01 2.771871093749999737e+00 2.066855468750000036e+00 3.434526171875000244e+01 1.108853515625000163e+01 1.556029296874999979e+01 3.434873828125000728e+01 1.348919921874999872e+01 3.764910156250000028e+00
1.107505859375000057e+01 2.170058593749999876e+00 2.756910156250000021e+00 2.374472656250000036e+00 2.761285156250000039e+00 3.790769531250000046e+00 1.556466796874999936e+01 1.347849609374999957e+01 3.784871093750000082e+00 1.110185546875000107e+01 2.771871093749999737e+00 2.066855468750000036e+00 3.434526171875000244e+01 1.108853515625000163e+01 1.556029296874999979e+01 3.435127734375000585e+01 1.346287109374999957e+01 3.764910156250000028e+00
1.107505859375000057e+01 2.170058593749999876e+00 2.756910156250000021e+00 2.374472656250000036e+00 2.761285156250000039e+00 3.790769531250000046e+00 1.556466796874999936e+01 1.347849609374999957e+01 3.784871093750000082e+00 1.110185546875000107e+01 2.771871093749999737e+00 2.066855468750000036e+00 3.434526171875000244e+01 1.108853515625000163e+01 1.556029296874999979e+01 3.435127734375000585e+01 1.348919921874999872e+01 3.783816406250000153e+00
1.107505859375000057e+01 2.168847656249999645e+00 2.759996093749999879e+00 2.359902343749999964e+00 2.772027343750000039e+00 3.777136718750000011e+00 1.558724609374999837e+01 1.346275390625000057e+01 3.787410156249999993e+00 1.110857421875000028e+01 2.751597656249999968e+00 2.031738281250000000e+00 3.435678515625000529e+01 1.111365234375000099e+01 1.557013671874999972e+01 3.434873828125000728e+01 1.346287109374999957e+01 3.783816406250000153e+00
1.109654296875000057e+01 2.170058593749999876e+00 2.759996093749999879e+00 2.359902343749999964e+00 2.772027343750000039e+00 3.777136718750000011e+00 1.558724609374999837e+01 1.346275390625000057e+01 3.787410156249999993e+00 1.110857421875000028e+01 2.751597656249999968e+00 2.031738281250000000e+00 3.435678515625000529e+01 1.111365234375000099e+01 1.557013671874999972e+01 3.434873828125000728e+01 1.346287109374999957e+01 3.783816406250000153e+00
1.109654296875000057e+01 2.168847656249999645e+00 2.756910156250000021e+00 2.359902343749999964e+00 2.772027343750000039e+00 3.777136718750000011e+00 1.558724609374999837e+01 1.346275390625000057e+01 3.787410156249999993e+00 1.110857421875000028e+01 2.751597656249999968e+00 2.031738281250000000e+00 3.435678515625000529e+01 1.111365234375000099e+01 1.557013671874999972e+01 3.434873828125000728e+01 1.346287109374999957e+01 3.783816406250000153e+00
1.109654296875000057e+01 2.168847656249999645e+00 2.759996093749999879e+00 2.374472656250000036e+00 2.772027343750000039e+00 3.777136718750000011e+00 1.558724609374999837e+01 1.346275390625000057e+01 3.787410156249999993e+00 1.110857421875000028e+01 2.751597656249999968e+00 2.031738281250000000e+00 3.435678515625000529e+01 1.111365234375000099e+01 1.557013671874999972e+01 3.434873828125000728e+01 1.346287109374999957e+01 3.783816406250000153e+00
1.109654296875000057e+01 2.168847656249999645e+00 2.759996093749999879e+00 2.359902343749999964e+00 2.761285156250000039e+00 3.777136718750000011e+00 1.558724609374999837e+01 1.346275390625000057e+01 3.787410156249999993e+00 1.110857421875000028e+01 2.751597656249999968e+00 2.031738281250000000e+00 3.435678515625000529e+01 1.111365234375000099e+01 1.557013671874999972e+01 3.434873828125000728e+01 1.346287109374999957e+01 3.783816406250000153e+00
1.109654296875000057e+01 2.168847656249999645e+00 2.759996093749999879e+00 2.359902343749999964e+00 2.772027343750000039e+00 3.790769531250000046e+00 1.558724609374999837e+01 1.346275390625000057e+01 3.787410156249999993e+00 1.110857421875000028e+01 2.751597656249999968e+00 2.031738281250000000e+00 3.435678515625000529e+01 1.111365234375000099e+01 1.557013671874999972e+01 3.434873828125000728e+01 1.346287109374999957e+01 3.783816406250000153e+00
1.109654296875000057e+01 2.168847656249999645e+00 2.759996093749999879e+00 2.359902343749999964e+00 2.772027343750000039e+00 3.777136718750000011e+00 1.556466796874999936e+01 1.346275390625000057e+01 3.787410156249999993e+00 1.110857421875000028e+01 2.751597656249999968e+00 2.031738281250000000e+00 3.435678515625000529e+01 1.111365234375000099e+01 1.557013671874999972e+01 3.434873828125000728e+01 1.346287109374999957e+01 3.783816406250000153e+00
1.109654296875000057e+01 2.168847656249999645e+00 2.759996093749999879e+00 2.359902343749999964e+00 2.772027343750000039e+00 3.777136718750000011e+00 1.558724609374999837e+01 1.347849609374999957e+01 3.787410156249999993e+00 1.110857421875000028e+01 2.751597656249999968e+00 2.031738281250000000e+00 3.435678515625000529e+01 1.111365234375000099e+01 1.557013671874999972e+01 3.434873828125000728e+01 1.346287109374999957e+01 3.783816406250000153e+00
1.109654296875000057e+01 2.168847656249999645e+00 2.759996093749999879e+00 2.359902343749999964e+00 2.772027343750000039e+00 3.777136718750000011e+00 1.558724609374999837e+01 1.346275390625000057e+01 3.784871093750000082e+00 1.110857421875000028e+01 2.751597656249999968e+00 2.031738281250000000e+00 3.435678515625000529e+01 1.111365234375000099e+01 1.557013671874999972e+01 3.434873828125000728e+01 1.346287109374999957e+01 3.783816406250000153e+00
1.109654296875000057e+01 2.168847656249999645e+00 2.759996093749999879e+00 2.359902343749999964e+00 2.772027343750000039e+00 3.777136718750000011e+00 1.558724609374999837e+01 1.346275390625000057e+01 3.787410156249999993e+00 1.110185546875000107e+01 2.751597656249999968e+00 2.031738281250000000e+00 3.435678515625000529e+01 1.111365234375000099e+01 1.557013671874999972e+01 3.434873828125000728e+01 1.346287109374999957e+01 3.783816406250000153e+00
1.109654296875000057e+01 2.168847656249999645e+00 2.759996093749999879e+00 2.359902343749999964e+00 2.772027343750000039e+00 3.777136718750000011e+00 1.558724609374999837e+01 1.346275390625000057e+01 3.787410156249999993e+00 1.110857421875000028e+01 2.771871093749999737e+00 2.031738281250000000e+00 3.435678515625000529e+01 1.111365234375000099e+01 1.557013671874999972e+01 3.434873828125000728e+01 1.346287109374999957e+01 3.783816406250000153e+00
1.109654296875000057e+01 2.168847656249999645e+00 2.759996093749999879e+00 2.359902343749999964e+00 2.772027343750000039e+00 3.777136718750000011e+00 1.558724609374999837e+01 1.346275390625000057e+01 3.787410156249999993e+00 1.110857421875000028e+01 2.751597656249999968e+00 2.066855468750000036e+00 3.435678515625000529e+01 1.111365234375000099e+01 1.557013671874999972e+01 3.434873828125000728e+01 1.346287109374999957e+01 3.783816406250000153e+00
1.109654296875000057e+01 2.168847656249999645e+00 2.759996093749999879e+00 2.359902343749999964e+00 2.772027343750000039e+00 3.777136718750000011e+00 1.558724609374999837e+01 1.346275390625000057e+01 3.787410156249999993e+00 1.110857421875000028e+01 2.751597656249999968e+00 2.031738281250000000e+00 3.434526171875000244e+01 1.111365234375000099e+01 1.557013671874999972e+01 3.434873828125000728e+01 1.346287109374999957e+01 3.783816406250000153e+00
1.109654296875000057e+01 2.168847656249999645e+00 2.759996093749999879e+00 2.359902343749999964e+00 2.772027343750000039e+00 3.777136718750000011e+00 1.558724609374999837e+01 1.346275390625000057e+01 3.787410156249999993e+00 1.110857421875000028e+01 2.751597656249999968e+00 2.031738281250000000e+00 3.435678515625000529e+01 1.108853515625000163e+01 1.557013671874999972e+01 3.434873828125000728e+01 1.346287109374999957e+01 3.783816406250000153e+00
1.109654296875000057e+01 2.168847656249999645e+00 2.759996093749999879e+00 2.359902343749999964e+00 2.772027343750000039e+00 3.777136718750000011e+00 1.558724609374999837e+01 1.346275390625000057e+01 3.787410156249999993e+00 1.110857421875000028e+01 2.751597656249999968e+00 2.031738281250000000e+00 3.435678515625000529e+01 1.111365234375000099e+01 1.556029296874999979e+01 3.434873828125000728e+01 1.346287109374999957e+01 3.783816406250000153e+00
1.109654296875000057e+01 2.168847656249999645e+00 2.759996093749999879e+00 2.359902343749999964e+00 2.772027343750000039e+00 3.777136718750000011e+00 1.558724609374999837e+01 1.346275390625000057e+01 3.787410156249999993e+00 1.110857421875000028e+01 2.751597656249999968e+00 2.031738281250000000e+00 3.435678515625000529e+01 1.111365234375000099e+01 1.557013671874999972e+01 3.435127734375000585e+01 1.346287109374999957e+01 3.783816406250000153e+00
1.109654296875000057e+01 2.168847656249999645e+00 2.759996093749999879e+00 2.359902343749999964e+00 2.772027343750000039e+00 3.777136718750000011e+00 1.558724609374999837e+01 1.346275390625000057e+01 3.787410156249999993e+00 1.110857421875000028e+01 2.751597656249999968e+00 2.031738281250000000e+00 3.435678515625000529e+01 1.111365234375000099e+01 1.557013671874999972e+01 3.434873828125000728e+01 1.348919921874999872e+01 3.783816406250000153e+00
1.109654296875000057e+01 2.168847656249999645e+00 2.759996093749999879e+00 2.359902343749999964e+00 2.772027343750000039e+00 3.777136718750000011e+00 1.558724609374999837e+01 1.346275390625000057e+01 3.787410156249999993e+00 1.110857421875000028e+01 2.751597656249999968e+00 2.031738281250000000e+00 3.435678515625000529e+01 1.111365234375000099e+01 1.557013671874999972e+01 3.434873828125000728e+01 1.346287109374999957e+01 3.764910156250000028e+00
1.109654296875000057e+01 2.168847656249999645e+00 2.759996093749999879e+00 2.359902343749999964e+00 2.772027343750000039e+00 3.777136718750000011e+00 1.558724609374999837e+01 1.346275390625000057e+01 3.787410156249999993e+00 1.110857421875000028e+01 2.751597656249999968e+00 2.031738281250000000e+00 3.435678515625000529e+01 1.111365234375000099e+01 1.557013671874999972e+01 3.434873828125000728e+01 1.346287109374999957e+01 3.783816406250000153e+00
1.109505859375000014e+01 2.190058593749999893e+00 2.776910156250000039e+00 2.394472656250000053e+00 2.741285156250000021e+00 3.770769531250000028e+00 1.558466796874999893e+01 1.345849609375000000e+01 3.764871093750000064e+00 1.108185546875000149e+01 2.751871093749999719e+00 2.046855468750000018e+00 3.432526171874999932e+01 1.110853515625000121e+01 1.558029296874999936e+01 3.433127734375000273e+01 1.346919921874999915e+01 3.784910156250000046e+00
1.107654296875000099e+01 2.190058593749999893e+00 2.776910156250000039e+00 2.394472656250000053e+00 2.741285156250000021e+00 3.770769531250000028e+00 1.558466796874999893e+01 1.345849609375000000e+01 3.764871093750000064e+00 1.108185546875000149e+01 2.751871093749999719e+00 2.046855468750000018e+00 3.432526171874999932e+01 1.110853515625000121e+01 1.558029296874999936e+01 3.433127734375000273e+01 1.346919921874999915e+01 3.784910156250000046e+00
1.109505859375000014e+01 2.188847656249999662e+00 2.776910156250000039e+00 2.394472656250000053e+00 2.741285156250000021e+00 3.770769531250000028e+00 1.558466796874999893e+01 1.345849609375000000e+01 3.764871093750000064e+00 1.108185546875000149e+01 2.751871093749999719e+00 2.046855468750000018e+00 3.432526171874999932e+01 1.110853515625000121e+01 1.558029296874999936e+01 3.433127734375000273e+01 1.346919921874999915e+01 3.784910156250000046e+00
1.109505859375000014e+01 2.190058593749999893e+00 2.739996093749999861e+00 2.394472656250000053e+00 2.741285156250000021e+00 3.770769531250000028e+00 1.558466796874999893e+01 1.345849609375000000e+01 3.764871093750000064e+00 1.108185546875000149e+01 2.751871093749999719e+00 2.046855468750000018e+00 3.432526171874999932e+01 1.110853515625000121e+01 1.558029296874999936e+01 3.433127734375000273e+01 1.346919921874999915e+01 3.784910156250000046e+00
1.109505859375000014e+01 2.190058593749999893e+00 2.776910156250000039e+00 2.379902343749999982e+00 2.741285156250000021e+00 3.770769531250000028e+00 1.558466796874999893e+01 1.345849609375000000e+01 3.764871093750000064e+00 1.108185546875000149e+01 2.751871093749999719e+00 2.046855468750000018e+00 3.432526171874999932e+01 1.110853515625000121e+01 1.558029296874999936e+01 3.433127734375000273e+01 1.346919921874999915e+01 3.784910156250000046e+00
1.109505859375000014e+01 2.190058593749999893e+00 2.776910156250000039e+00 2.394472656250000053e+00 2.752027343750000021e+00 3.770769531250000028e+00 1.558466796874999893e+01 1.345849609375000000e+01 3.764871093750000064e+00 1.108185546875000149e+01 2.751871093749999719e+00 2.046855468750000018e+00 3.432526171874999932e+01 1.110853515625000121e+01 1.558029296874999936e+01 3.433127734375000273e+01 1.346919921874999915e+01 3.784910156250000046e+00
1.109505859375000014e+01 2.190058593749999893e+00 2.776910156250000039e+00 2.394472656250000053e+00 2.741285156250000021e+00 3.757136718749999993e+00 1.558466796874999893e+01 1.345849609375000000e+01 3.764871093750000064e+00 1.108185546875000149e+01 2.751871093749999719e+00 2.046855468750000018e+00 3.432526171874999932e+01 1.110853515625000121e+01 1.558029296874999936e+01 3.433127734375000273e+01 1.346919921874999915e+01 3.784910156250000046e+00
1.109505859375000014e+01 2.190058593749999893e+00 2.776910156250000039e+00 2.394472656250000053e+00 2.741285156250000021e+00 3.770769531250000028e+00 1.556724609374999879e+01 1.345849609375000000e+01 3.764871093750000064e+00 1.108185546875000149e+01 2.751871093749999719e+00 2.046855468750000018e+00 3.432526171874999932e+01 1.110853515625000121e+01 1.558029296874999936e+01 3.433127734375000273e+01 1.346919921874999915e+01 3.784910156250000046e+00
1.109505859375000014e+01 2.190058593749999893e+00 2.776910156250000039e+00 2.394472656250000053e+00 2.741285156250000021e+00 3.770769531250000028e+00 1.558466796874999893e+01 1.348275390625000014e+01 3.764871093750000064e+00 1.108185546875000149e+01 2.751871093749999719e+00 2.046855468750000018e+00 3.432526171874999932e+01 1.110853515625000121e+01 1.558029296874999936e+01 3.433127734375000273e+01 1.346919921874999915e+01 3.784910156250000046e+00
1.109505859375000014e+01 2.190058593749999893e+00 2.776910156250000039e+00 2.394472656250000053e+00 2.741285156250000021e+00 3.770769531250000028e+00 1.558466796874999893e+01 1.345849609375000000e+01 3.767410156249999975e+00 1.108185546875000149e+01 2.751871093749999719e+00 2.046855468750000018e+00 3.432526171874999932e+01 1.110853515625000121e+01 1.558029296874999936e+01 3.433127734375000273e+01 1.346919921874999915e+01 3.784910156250000046e+00
1.109505859375000014e+01 2.190058593749999893e+00 2.776910156250000039e+00 2.394472656250000053e+00 2.741285156250000021e+00 3.770769531250000028e+00 1.558466796874999893e+01 1.345849609375000000e+01 3.764871093750000064e+00 1.108857421875000071e+01 2.751871093749999719e+00 2.046855468750000018e+00 3.432526171874999932e+01 1.110853515625000121e+01 1.558029296874999936e+01 3.433127734375000273e+01 1.346919921874999915e+01 3.784910156250000046e+00
1.109505859375000014e+01 2.190058593749999893e+00 2.776910156250000039e+00 2.394472656250000053e+00 2.741285156250000021e+00 3.770769531250000028e+00 1.558466796874999893e+01 1.345849609375000000e+01 3.764871093750000064e+00 1.108185546875000149e+01 2.771597656249999986e+00 2.046855468750000018e+00 3.432526171874999932e+01 1.110853515625000121e+01 1.558029296874999936e+01 3.433127734375000273e+01 1.346919921874999915e+01 3.784910156250000046e+00
1.109505859375000014e+01 2.190058593749999893e+00 2.776910156250000039e+00 2.394472656250000053e+00 2.741285156250000021e+00 3.770769531250000028e+00 1.558466796874999893e+01 1.345849609375000000e+01 3.764871093750000064e+00 1.108185546875000149e+01 2.751871093749999719e+00 2.051738281250000018e+00 3.432526171874999932e+01 1.110853515625000121e+01 1.558029296874999936e+01 3.433127734375000273e+01 1.346919921874999915e+01 3.784910156250000046e+00
1.109505859375000014e+01 2.190058593749999893e+00 2.776910156250000039e+00 2.394472656250000053e+00 2.741285156250000021e+00 3.770769531250000028e+00 1.558466796874999893e+01 1.345849609375000000e+01 3.764871093750000064e+00 1.108185546875000149e+01 2.751871093749999719e+00 2.046855468750000018e+00 3.433678515625000216e+01 1.110853515625000121e+01 1.558029296874999936e+01 3.433127734375000273e+01 1.346919921874999915e+01 3.784910156250000046e+00
1.109505859375000014e+01 2.190058593749999893e+00 2.776910156250000039e+00 2.394472656250000053e+00 2.741285156250000021e+00 3.770769531250000028e+00 1.558466796874999893e+01 1.345849609375000000e+01 3.764871093750000064e+00 1.108185546875000149e+01 2.751871093749999719e+00 2.046855468750000018e+00 3.432526171874999932e+01 1.109365234375000142e+01 1.558029296874999936e+01 3.433127734375000273e+01 1.346919921874999915e+01 3.784910156250000046e+00
1.109505859375000014e+01 2.190058593749999893e+00 2.776910156250000039e+00 2.394472656250000053e+00 2.741285156250000021e+00 3.770769531250000028e+00 1.558466796874999893e+01 1.345849609375000000e+01 3.764871093750000064e+00 1.108185546875000149e+01 2.751871093749999719e+00 2.046855468750000018e+00 3.432526171874999932e+01 1.110853515625000121e+01 1.559013671874999929e+01 3.433127734375000273e+01 1.346919921874999915e+01 3.784910156250000046e+00
1.109505859375000014e+01 2.190058593749999893e+00 2.776910156250000039e+00 2.394472656250000053e+00 2.741285156250000021e+00 3.770769531250000028e+00 1.558466796874999893e+01 1.345849609375000000e+01 3.764871093750000064e+00 1.108185546875000149e+01 2.751871093749999719e+00 2.046855468750000018e+00 3.432526171874999932e+01 1.110853515625000121e+01 1.558029296874999936e+01 3.432873828125000415e+01 1.346919921874999915e+01 3.784910156250000046e+00
1.109505859375000014e+01 2.190058593749999893e+00 2.776910156250000039e+00 2.394472656250000053e+00 2.741285156250000021e+00 3.770769531250000028e+00 1.558466796874999893e+01 1.345849609375000000e+01 3.764871093750000064e+00 1.108185546875000149e+01 2.751871093749999719e+00 2.046855468750000018e+00 3.432526171874999932e+01 1.110853515625000121e+01 1.558029296874999936e+01 3.433127734375000273e+01 1.348287109374999915e+01 3.784910156250000046e+00
1.109505859375000014e+01 2.190058593749999893e+00 2.776910156250000039e+00 2.394472656250000053e+00 2.741285156250000021e+00 3.770769531250000028e+00 1.558466796874999893e+01 1.345849609375000000e+01 3.764871093750000064e+00 1.108185546875000149e+01 2.751871093749999719e+00 2.046855468750000018e+00 3.432526171874999932e+01 1.110853515625000121e+01 1.558029296874999936e+01 3.433127734375000273e+01 1.346919921874999915e+01 3.763816406250000135e+00
1.109505859375000014e+01 2.188847656249999662e+00 2.739996093749999861e+00 2.379902343749999982e+00 2.752027343750000021e+00 3.757136718749999993e+00 1.556724609374999879e+01 1.348275390625000014e+01 3.767410156249999975e+00 1.108857421875000071e+01 2.771597656249999986e+00 2.051738281250000018e+00 3.433678515625000216e+01 1.109365234375000142e+01 1.559013671874999929e+01 3.432873828125000415e+01 1.348287109374999915e+01 3.763816406250000135e+00
1.107654296875000099e+01 2.190058593749999893e+00 2.739996093749999861e+00 2.379902343749999982e+00 2.752027343750000021e+00 3.757136718749999993e+00 1.556724609374999879e+01 1.348275390625000014e+01 3.767410156249999975e+00 1.108857421875000071e+01 2.771597656249999986e+00 2.051738281250000018e+00 3.433678515625000216e+01 1.109365234375000142e+01 1.559013671874999929e+01 3.432873828125000415e+01 1.348287109374999915e+01 3.763816406250000135e+00
1.107654296875000099e+01 2.188847656249999662e+00 2.776910156250000039e+00 2.379902343749999982e+00 2.752027343750000021e+00 3.757136718749999993e+00 1.556724609374999879e+01 1.348275390625000014e+01 3.767410156249999975e+00 1.108857421875000071e+01 2.771597656249999986e+00 2.051738281250000018e+00 3.433678515625000216e+01 1.109365234375000142e+01 1.559013671874999929e+01 3.432873828125000415e+01 1.348287109374999915e+01 3.763816406250000135e+00
1.107654296875000099e+01 2.188847656249999662e+00 2.739996093749999861e+00 2.394472656250000053e+00 2.752027343750000021e+00 3.757136718749999993e+00 1.556724609374999879e+01 1.348275390625000014e+01 3.767410156249999975e+00 1.108857421875000071e+01 2.771597656249999986e+00 2.051738281250000018e+00 3.433678515625000216e+01 1.109365234375000142e+01 1.559013671874999929e+01 3.432873828125000415e+01 1.348287109374999915e+01 3.763816406250000135e+00
1.107654296875000099e+01 2.188847656249999662e+00 2.739996093749999861e+00 2.379902343749999982e+00 2.741285156250000021e+00 3.757136718749999993e+00 1.556724609374999879e+01 1.348275390625000014e+01 3.767410156249999975e+00 1.108857421875000071e+01 2.771597656249999986e+00 2.051738281250000018e+00 3.433678515625000216e+01 1.109365234375000142e+01 1.559013671874999929e+01 3.432873828125000415e+01 1.348287109374999915e+01 3.763816406250000135e+00
1.107654296875000099e+01 2.188847656249999662e+00 2.739996093749999861e+00 2.379902343749999982e+00 2.752027343750000021e+00 3.770769531250000028e+00 1.556724609374999879e+01 1.348275390625000014e+01 3.767410156249999975e+00 1.108857421875000071e+01 2.771597656249999986e+00 2.051738281250000018e+00 3.433678515625000216e+01 1.109365234375000142e+01 1.559013671874999929e+01 3.432873828125000415e+01 1.348287109374999915e+01 3.763816406250000135e+00
1.107654296875000099e+01 2.188847656249999662e+00 2.739996093749999861e+00 2.379902343749999982e+00 2.752027343750000021e+00 3.757136718749999993e+00 1.558466796874999893e+01 1.348275390625000014e+01 3.767410156249999975e+00 1.108857421875000071e+01 2.771597656249999986e+00 2.051738281250000018e+00 3.433678515625000216e+01 1.109365234375000142e+01 1.559013671874999929e+01 3.432873828125000415e+01 1.348287109374999915e+01 3.763816406250000135e+00
1.107654296875000099e+01 2.188847656249999662e+00 2.739996093749999861e+00 2.379902343749999982e+00 2.752027343750000021e+00 3.757136718749999993e+00 1.556724609374999879e+01 1.345849609375000000e+01 3.767410156249999975e+00 1.108857421875000071e+01 2.771597656249999986e+00 2.051738281250000018e+00 3.433678515625000216e+01 1.109365234375000142e+01 1.559013671874999929e+01 3.432873828125000415e+01 1.348287109374999915e+01 3.763816406250000135e+00
1.107654296875000099e+01 2.188847656249999662e+00 2.739996093749999861e+00 2.379902343749999982e+00 2.752027343750000021e+00 3.757136718749999993e+00 1.556724609374999879e+01 1.348275390625000014e+01 3.764871093750000064e+00 1.108857421875000071e+01 2.771597656249999986e+00 2.051738281250000018e+00 3.433678515625000216e+01 1.109365234375000142e+01 1.559013671874999929e+01 3.432873828125000415e+01 1.348287109374999915e+01 3.763816406250000135e+00
1.107654296875000099e+01 2.188847656249999662e+00 2.739996093749999861e+00 2.379902343749999982e+00 2.752027343750000021e+00 3.757136718749999993e+00 1.556724609374999879e+01 1.348275390625000014e+01 3.767410156249999975e+00 1.108185546875000149e+01 2.771597656249999986e+00 2.051738281250000018e+00 3.433678515625000216e+01 1.109365234375000142e+01 1.559013671874999929e+01 3.432873828125000415e+01 1.348287109374999915e+01 3.763816406250000135e+00
1.107654296875000099e+01 2.188847656249999662e+00 2.739996093749999861e+00 2.379902343749999982e+00 2.752027343750000021e+00 3.757136718749999993e+00 1.556724609374999879e+01 1.348275390625000014e+01 3.767410156249999975e+00 1.108857421875000071e+01 2.751871093749999719e+00 2.051738281250000018e+00 3.433678515625000216e+01 1.109365234375000142e+01 1.559013671874999929e+01 3.432873828125000415e+01 1.348287109374999915e+01 3.763816406250000135e+00
1.107654296875000099e+01 2.188847656249999662e+00 2.739996093749999861e+00 2.379902343749999982e+00 2.752027343750000021e+00 3.757136718749999993e+00 1.556724609374999879e+01 1.348275390625000014e+01 3.767410156249999975e+00 1.108857421875000071e+01 2.771597656249999986e+00 2.046855468750000018e+00 3.433678515625000216e+01 1.109365234375000142e+01 1.559013671874999929e+01 3.432873828125000415e+01 1.348287109374999915e+01 3.763816406250000135e+00
1.107654296875000099e+01 2.188847656249999662e+00 2.739996093749999861e+00 2.379902343749999982e+00 2.752027343750000021e+00 3.757136718749999993e+00 1.556724609374999879e+01 1.348275390625000014e+01 3.767410156249999975e+00 1.108857421875000071e+01 2.771597656249999986e+00 2.051738281250000018e+00 3.432526171874999932e+01 1.109365234375000142e+01 1.559013671874999929e+01 3.432873828125000415e+01 1.348287109374999915e+01 3.763816406250000135e+00
1.107654296875000099e+01 2.188847656249999662e+00 2.739996093749999861e+00 2.379902343749999982e+00 2.752027343750000021e+00 3.757136718749999993e+00 1.556724609374999879e+01 1.348275390625000014e+01 3.767410156249999975e+00 1.108857421875000071e+01 2.771597656249999986e+00 2.051738281250000018e+00 3.433678515625000216e+01 1.110853515625000121e+01 1.559013671874999929e+01 3.432873828125000415e+01 1.348287109374999915e+01 3.763816406250000135e+00
1.107654296875000099e+01 2.188847656249999662e+00 2.739996093749999861e+00 2.379902343749999982e+00 2.752027343750000021e+00 3.757136718749999993e+00 1.556724609374999879e+01 1.348275390625000014e+01 3.767410156249999975e+00 1.108857421875000071e+01 2.771597656249999986e+00 2.051738281250000018e+00 3.433678515625000216e+01 1.109365234375000142e+01 1.558029296874999936e+01 3.432873828125000415e+01 1.348287109374999915e+01 3.763816406250000135e+00
1.107654296875000099e+01 2.188847656249999662e+00 2.739996093749999861e+00 2.379902343749999982e+00 2.752027343750000021e+00 3.757136718749999993e+00 1.556724609374999879e+01 1.348275390625000014e+01 3.767410156249999975e+00 1.108857421875000071e+01 2.771597656249999986e+00 2.051738281250000018e+00 3.433678515625000216e+01 1.109365234375000142e+01 1.559013671874999929e+01 3.433127734375000273e+01 1.348287109374999915e+01 3.763816406250000135e+00
1.107654296875000099e+01 2.188847656249999662e+00 2.739996093749999861e+00 2.379902343749999982e+00 2.752027343750000021e+00 3.757136718749999993e+00 1.556724609374999879e+01 1.348275390625000014e+01 3.767410156249999975e+00 1.108857421875000071e+01 2.771597656249999986e+00 2.051738281250000018e+00 3.433678515625000216e+01 1.109365234375000142e+01 1.559013671874999929e+01 3.432873828125000415e+01 1.346919921874999915e+01 3.763816406250000135e+00
1.107654296875000099e+01 2.188847656249999662e+00 2.739996093749999861e+00 2.379902343749999982e+00 2.752027343750000021e+00 3.757136718749999993e+00 1.556724609374999879e+01 1.348275390625000014e+01 3.767410156249999975e+00 1.108857421875000071e+01 2.771597656249999986e+00 2.051738281250000018e+00 3.433678515625000216e+01 1.109365234375000142e+01 1.559013671874999929e+01 3.432873828125000415e+01 1.348287109374999915e+01 3.784910156250000046e+00
1.107654296875000099e+01 2.188847656249999662e+00 2.739996093749999861e+00 2.379902343749999982e+00 2.752027343750000021e+00 3.757136718749999993e+00 1.556724609374999879e+01 1.348275390625000014e+01 3.767410156249999975e+00 1.108857421875000071e+01 2.771597656249999986e+00 2.051738281250000018e+00 3.433678515625000216e+01 1.109365234375000142e+01 1.559013671874999929e+01 3.432873828125000415e+01 1.348287109374999915e+01 3.763816406250000135e+00
