2.799999999999999822e+00 2.709000000000000075e+00 4.941666666666666430e+00 3.826999999999999957e+00
2.799999999999999822e+00 2.709000000000000075e+00 4.875000000000000000e+00 3.826999999999999957e+00
2.733333333333333393e+00 2.709000000000000075e+00 4.875000000000000000e+00 3.826999999999999957e+00
2.733333333333333393e+00 2.709000000000000075e+00 4.875000000000000000e+00 3.760333333333333528e+00
2.733333333333333393e+00 2.775666666666666504e+00 4.875000000000000000e+00 3.760333333333333528e+00
2.733333333333333393e+00 2.775666666666666504e+00 4.941666666666666430e+00 3.826999999999999957e+00
2.733333333333333393e+00 2.775666666666666504e+00 4.875000000000000000e+00 3.826999999999999957e+00
2.799999999999999822e+00 2.775666666666666504e+00 4.875000000000000000e+00 3.826999999999999957e+00
2.799999999999999822e+00 2.709000000000000075e+00 4.875000000000000000e+00 3.826999999999999957e+00
2.799999999999999822e+00 2.709000000000000075e+00 4.875000000000000000e+00 3.760333333333333528e+00
2.733333333333333393e+00 2.808999999999999719e+00 4.908333333333333215e+00 3.793666666666666742e+00
2.733333333333333393e+00 2.808999999999999719e+00 4.974999999999999645e+00 3.793666666666666742e+00
2.799999999999999822e+00 2.808999999999999719e+00 4.974999999999999645e+00 3.793666666666666742e+00
2.799999999999999822e+00 2.808999999999999719e+00 4.974999999999999645e+00 3.727000000000000313e+00
2.799999999999999822e+00 2.742333333333333290e+00 4.974999999999999645e+00 3.727000000000000313e+00
2.700000000000000178e+00 2.742333333333333290e+00 4.974999999999999645e+00 3.793666666666666742e+00
2.700000000000000178e+00 2.808999999999999719e+00 4.974999999999999645e+00 3.793666666666666742e+00
2.700000000000000178e+00 2.808999999999999719e+00 4.974999999999999645e+00 3.727000000000000313e+00
2.766666666666666607e+00 2.808999999999999719e+00 4.974999999999999645e+00 3.727000000000000313e+00
2.766666666666666607e+00 2.808999999999999719e+00 4.908333333333333215e+00 3.727000000000000313e+00
2.700000000000000178e+00 2.742333333333333290e+00 4.974999999999999645e+00 3.727000000000000313e+00
2.700000000000000178e+00 2.808999999999999719e+00 4.974999999999999645e+00 3.727000000000000313e+00
2.700000000000000178e+00 2.808999999999999719e+00 4.908333333333333215e+00 3.727000000000000313e+00
2.766666666666666607e+00 2.808999999999999719e+00 4.908333333333333215e+00 3.727000000000000313e+00
2.766666666666666607e+00 2.808999999999999719e+00 4.908333333333333215e+00 3.793666666666666742e+00
2.766666666666666607e+00 2.709000000000000075e+00 4.875000000000000000e+00 3.793666666666666742e+00
2.700000000000000178e+00 2.709000000000000075e+00 4.875000000000000000e+00 3.793666666666666742e+00
2.700000000000000178e+00 2.709000000000000075e+00 4.875000000000000000e+00 3.727000000000000313e+00
2.700000000000000178e+00 2.775666666666666504e+00 4.875000000000000000e+00 3.727000000000000313e+00
2.700000000000000178e+00 2.775666666666666504e+00 4.941666666666666430e+00 3.727000000000000313e+00
2.733333333333333393e+00 2.709000000000000075e+00 4.941666666666666430e+00 3.826999999999999957e+00
2.733333333333333393e+00 2.709000000000000075e+00 4.875000000000000000e+00 3.826999999999999957e+00
2.799999999999999822e+00 2.709000000000000075e+00 4.875000000000000000e+00 3.826999999999999957e+00
2.799999999999999822e+00 2.775666666666666504e+00 4.875000000000000000e+00 3.826999999999999957e+00
2.799999999999999822e+00 2.775666666666666504e+00 4.875000000000000000e+00 3.760333333333333528e+00
2.700000000000000178e+00 2.709000000000000075e+00 4.974999999999999645e+00 3.793666666666666742e+00
2.700000000000000178e+00 2.709000000000000075e+00 4.974999999999999645e+00 3.727000000000000313e+00
2.766666666666666607e+00 2.709000000000000075e+00 4.974999999999999645e+00 3.727000000000000313e+00
2.766666666666666607e+00 2.775666666666666504e+00 4.974999999999999645e+00 3.727000000000000313e+00
2.766666666666666607e+00 2.775666666666666504e+00 4.908333333333333215e+00 3.727000000000000313e+00
