2.730058593749999929e+00 2.754058593749999950e+00 4.922910156249999503e+00 3.776472656250000171e+00
2.752285156250000142e+00 2.754058593749999950e+00 4.922910156249999503e+00 3.776472656250000171e+00
2.730058593749999929e+00 2.772769531249999808e+00 4.922910156249999503e+00 3.776472656250000171e+00
2.730058593749999929e+00 2.754058593749999950e+00 4.914667968749999893e+00 3.776472656250000171e+00
2.730058593749999929e+00 2.754058593749999950e+00 4.922910156249999503e+00 3.780496093750000064e+00
2.730058593749999929e+00 2.772769531249999808e+00 4.914667968749999893e+00 3.780496093750000064e+00
2.752285156250000142e+00 2.754058593749999950e+00 4.914667968749999893e+00 3.780496093750000064e+00
2.752285156250000142e+00 2.772769531249999808e+00 4.922910156249999503e+00 3.780496093750000064e+00
2.752285156250000142e+00 2.772769531249999808e+00 4.914667968749999893e+00 3.776472656250000171e+00
2.752285156250000142e+00 2.772769531249999808e+00 4.914667968749999893e+00 3.780496093750000064e+00
2.750058593749999947e+00 2.774058593749999968e+00 4.942910156249999076e+00 3.796472656250000188e+00
2.732285156250000124e+00 2.774058593749999968e+00 4.942910156249999076e+00 3.796472656250000188e+00
2.750058593749999947e+00 2.752769531249999790e+00 4.942910156249999076e+00 3.796472656250000188e+00
2.750058593749999947e+00 2.774058593749999968e+00 4.934667968749999467e+00 3.796472656250000188e+00
2.750058593749999947e+00 2.774058593749999968e+00 4.942910156249999076e+00 3.760496093750000046e+00
2.750058593749999947e+00 2.752769531249999790e+00 4.934667968749999467e+00 3.760496093750000046e+00
2.732285156250000124e+00 2.774058593749999968e+00 4.934667968749999467e+00 3.760496093750000046e+00
2.732285156250000124e+00 2.752769531249999790e+00 4.942910156249999076e+00 3.760496093750000046e+00
2.732285156250000124e+00 2.752769531249999790e+00 4.934667968749999467e+00 3.796472656250000188e+00
2.732285156250000124e+00 2.752769531249999790e+00 4.934667968749999467e+00 3.760496093750000046e+00
2.760058593750000178e+00 2.744058593749999719e+00 4.912910156249999716e+00 3.766472656249999940e+00
2.742285156249999911e+00 2.744058593749999719e+00 4.912910156249999716e+00 3.766472656249999940e+00
2.760058593750000178e+00 2.742769531250000004e+00 4.912910156249999716e+00 3.766472656249999940e+00
2.760058593750000178e+00 2.744058593749999719e+00 4.924667968749999680e+00 3.766472656249999940e+00
2.760058593750000178e+00 2.744058593749999719e+00 4.912910156249999716e+00 3.770496093750000277e+00
2.760058593750000178e+00 2.742769531250000004e+00 4.924667968749999680e+00 3.770496093750000277e+00
2.742285156249999911e+00 2.744058593749999719e+00 4.924667968749999680e+00 3.770496093750000277e+00
2.742285156249999911e+00 2.742769531250000004e+00 4.912910156249999716e+00 3.770496093750000277e+00
2.742285156249999911e+00 2.742769531250000004e+00 4.924667968749999680e+00 3.766472656249999940e+00
2.742285156249999911e+00 2.742769531250000004e+00 4.924667968749999680e+00 3.770496093750000277e+00
2.740058593750000160e+00 2.764058593749999737e+00 4.932910156249999289e+00 3.786472656249999957e+00
2.762285156249999929e+00 2.764058593749999737e+00 4.932910156249999289e+00 3.786472656249999957e+00
2.740058593750000160e+00 2.762769531250000021e+00 4.932910156249999289e+00 3.786472656249999957e+00
2.740058593750000160e+00 2.764058593749999737e+00 4.944667968749999254e+00 3.786472656249999957e+00
2.740058593750000160e+00 2.764058593749999737e+00 4.932910156249999289e+00 3.790496093750000295e+00
2.740058593750000160e+00 2.762769531250000021e+00 4.944667968749999254e+00 3.790496093750000295e+00
2.762285156249999929e+00 2.764058593749999737e+00 4.944667968749999254e+00 3.790496093750000295e+00
2.762285156249999929e+00 2.762769531250000021e+00 4.932910156249999289e+00 3.790496093750000295e+00
2.762285156249999929e+00 2.762769531250000021e+00 4.944667968749999254e+00 3.786472656249999957e+00
2.762285156249999929e+00 2.762769531250000021e+00 4.944667968749999254e+00 3.790496093750000295e+00
2.745058593750000053e+00 2.739058593749999826e+00 4.937910156249999183e+00 3.781472656250000064e+00
2.767285156249999822e+00 2.739058593749999826e+00 4.937910156249999183e+00 3.781472656250000064e+00
2.745058593750000053e+00 2.777769531249999702e+00 4.937910156249999183e+00 3.781472656250000064e+00
2.745058593750000053e+00 2.739058593749999826e+00 4.919667968749999787e+00 3.781472656250000064e+00
2.745058593750000053e+00 2.739058593749999826e+00 4.937910156249999183e+00 3.775496093750000171e+00
2.745058593750000053e+00 2.777769531249999702e+00 4.919667968749999787e+00 3.775496093750000171e+00
2.767285156249999822e+00 2.739058593749999826e+00 4.919667968749999787e+00 3.775496093750000171e+00
2.767285156249999822e+00 2.777769531249999702e+00 4.937910156249999183e+00 3.775496093750000171e+00
2.767285156249999822e+00 2.777769531249999702e+00 4.919667968749999787e+00 3.781472656250000064e+00
2.767285156249999822e+00 2.777769531249999702e+00 4.919667968749999787e+00 3.775496093750000171e+00
2.765058593750000071e+00 2.759058593749999844e+00 4.917910156249999609e+00 3.761472656250000046e+00
2.747285156249999805e+00 2.759058593749999844e+00 4.917910156249999609e+00 3.761472656250000046e+00
2.765058593750000071e+00 2.757769531249999684e+00 4.917910156249999609e+00 3.761472656250000046e+00
2.765058593750000071e+00 2.759058593749999844e+00 4.939667968749999361e+00 3.761472656250000046e+00
2.765058593750000071e+00 2.759058593749999844e+00 4.917910156249999609e+00 3.795496093750000188e+00
2.765058593750000071e+00 2.757769531249999684e+00 4.939667968749999361e+00 3.795496093750000188e+00
2.747285156249999805e+00 2.759058593749999844e+00 4.939667968749999361e+00 3.795496093750000188e+00
2.747285156249999805e+00 2.757769531249999684e+00 4.917910156249999609e+00 3.795496093750000188e+00
2.747285156249999805e+00 2.757769531249999684e+00 4.939667968749999361e+00 3.761472656250000046e+00
2.747285156249999805e+00 2.757769531249999684e+00 4.939667968749999361e+00 3.795496093750000188e+00
2.755058593749999840e+00 2.749058593750000057e+00 4.927910156249999396e+00 3.791472656250000295e+00
2.737285156250000018e+00 2.749058593750000057e+00 4.927910156249999396e+00 3.791472656250000295e+00
2.755058593749999840e+00 2.747769531249999897e+00 4.927910156249999396e+00 3.791472656250000295e+00
2.755058593749999840e+00 2.749058593750000057e+00 4.909667968750000000e+00 3.791472656250000295e+00
2.755058593749999840e+00 2.749058593750000057e+00 4.927910156249999396e+00 3.785496093749999957e+00
2.755058593749999840e+00 2.747769531249999897e+00 4.909667968750000000e+00 3.785496093749999957e+00
2.737285156250000018e+00 2.749058593750000057e+00 4.909667968750000000e+00 3.785496093749999957e+00
2.737285156250000018e+00 2.747769531249999897e+00 4.927910156249999396e+00 3.785496093749999957e+00
2.737285156250000018e+00 2.747769531249999897e+00 4.909667968750000000e+00 3.791472656250000295e+00
2.737285156250000018e+00 2.747769531249999897e+00 4.909667968750000000e+00 3.785496093749999957e+00
2.735058593749999822e+00 2.769058593750000075e+00 4.907910156249999822e+00 3.771472656250000277e+00
2.757285156250000036e+00 2.769058593750000075e+00 4.907910156249999822e+00 3.771472656250000277e+00
2.735058593749999822e+00 2.767769531249999915e+00 4.907910156249999822e+00 3.771472656250000277e+00
2.735058593749999822e+00 2.769058593750000075e+00 4.929667968749999574e+00 3.771472656250000277e+00
2.735058593749999822e+00 2.769058593750000075e+00 4.907910156249999822e+00 3.765496093749999940e+00
2.735058593749999822e+00 2.767769531249999915e+00 4.929667968749999574e+00 3.765496093749999940e+00
2.757285156250000036e+00 2.769058593750000075e+00 4.929667968749999574e+00 3.765496093749999940e+00
2.757285156250000036e+00 2.767769531249999915e+00 4.907910156249999822e+00 3.765496093749999940e+00
2.757285156250000036e+00 2.767769531249999915e+00 4.929667968749999574e+00 3.771472656250000277e+00
2.757285156250000036e+00 2.767769531249999915e+00 4.929667968749999574e+00 3.765496093749999940e+00
2.737558593749999769e+00 2.746558593749999666e+00 4.925410156249999893e+00 3.758972656250000099e+00
2.734785156250000071e+00 2.746558593749999666e+00 4.925410156249999893e+00 3.758972656250000099e+00
2.737558593749999769e+00 2.760269531250000075e+00 4.925410156249999893e+00 3.758972656250000099e+00
2.737558593749999769e+00 2.746558593749999666e+00 4.917167968750000284e+00 3.758972656250000099e+00
2.737558593749999769e+00 2.746558593749999666e+00 4.925410156249999893e+00 3.772996093750000224e+00
2.737558593749999769e+00 2.760269531250000075e+00 4.917167968750000284e+00 3.772996093750000224e+00
2.734785156250000071e+00 2.746558593749999666e+00 4.917167968750000284e+00 3.772996093750000224e+00
2.734785156250000071e+00 2.760269531250000075e+00 4.925410156249999893e+00 3.772996093750000224e+00
2.734785156250000071e+00 2.760269531250000075e+00 4.917167968750000284e+00 3.758972656250000099e+00
2.734785156250000071e+00 2.760269531250000075e+00 4.917167968750000284e+00 3.772996093750000224e+00
2.757558593749999787e+00 2.766558593749999684e+00 4.905410156250000320e+00 3.778972656250000117e+00
2.754785156250000089e+00 2.766558593749999684e+00 4.905410156250000320e+00 3.778972656250000117e+00
2.757558593749999787e+00 2.740269531250000057e+00 4.905410156250000320e+00 3.778972656250000117e+00
2.757558593749999787e+00 2.766558593749999684e+00 4.937167968749999858e+00 3.778972656250000117e+00
2.757558593749999787e+00 2.766558593749999684e+00 4.905410156250000320e+00 3.792996093750000242e+00
2.757558593749999787e+00 2.740269531250000057e+00 4.937167968749999858e+00 3.792996093750000242e+00
2.754785156250000089e+00 2.766558593749999684e+00 4.937167968749999858e+00 3.792996093750000242e+00
2.754785156250000089e+00 2.740269531250000057e+00 4.905410156250000320e+00 3.792996093750000242e+00
2.754785156250000089e+00 2.740269531250000057e+00 4.937167968749999858e+00 3.778972656250000117e+00
2.754785156250000089e+00 2.740269531250000057e+00 4.937167968749999858e+00 3.792996093750000242e+00
2.767558593750000018e+00 2.756558593749999897e+00 4.935410156249999680e+00 3.768972656250000330e+00
2.764785156249999876e+00 2.756558593749999897e+00 4.935410156249999680e+00 3.768972656250000330e+00
2.767558593750000018e+00 2.750269531249999844e+00 4.935410156249999680e+00 3.768972656250000330e+00
2.767558593750000018e+00 2.756558593749999897e+00 4.907167968750000497e+00 3.768972656250000330e+00
2.767558593750000018e+00 2.756558593749999897e+00 4.935410156249999680e+00 3.782996093750000011e+00
2.767558593750000018e+00 2.750269531249999844e+00 4.907167968750000497e+00 3.782996093750000011e+00
2.764785156249999876e+00 2.756558593749999897e+00 4.907167968750000497e+00 3.782996093750000011e+00
2.764785156249999876e+00 2.750269531249999844e+00 4.935410156249999680e+00 3.782996093750000011e+00
2.764785156249999876e+00 2.750269531249999844e+00 4.907167968750000497e+00 3.768972656250000330e+00
2.764785156249999876e+00 2.750269531249999844e+00 4.907167968750000497e+00 3.782996093750000011e+00
2.747558593750000000e+00 2.776558593749999915e+00 4.915410156250000107e+00 3.788972656250000348e+00
2.744785156249999858e+00 2.776558593749999915e+00 4.915410156250000107e+00 3.788972656250000348e+00
2.747558593750000000e+00 2.770269531249999861e+00 4.915410156250000107e+00 3.788972656250000348e+00
2.747558593750000000e+00 2.776558593749999915e+00 4.927167968750000071e+00 3.788972656250000348e+00
2.747558593750000000e+00 2.776558593749999915e+00 4.915410156250000107e+00 3.762996093749999993e+00
2.747558593750000000e+00 2.770269531249999861e+00 4.927167968750000071e+00 3.762996093749999993e+00
2.744785156249999858e+00 2.776558593749999915e+00 4.927167968750000071e+00 3.762996093749999993e+00
2.744785156249999858e+00 2.770269531249999861e+00 4.915410156250000107e+00 3.762996093749999993e+00
2.744785156249999858e+00 2.770269531249999861e+00 4.927167968750000071e+00 3.788972656250000348e+00
2.744785156249999858e+00 2.770269531249999861e+00 4.927167968750000071e+00 3.762996093749999993e+00
2.742558593750000107e+00 2.751558593750000004e+00 4.910410156250000213e+00 3.793972656250000242e+00
2.749785156250000195e+00 2.751558593750000004e+00 4.910410156250000213e+00 3.793972656250000242e+00
2.742558593750000107e+00 2.765269531249999968e+00 4.910410156250000213e+00 3.793972656250000242e+00
2.742558593750000107e+00 2.751558593750000004e+00 4.912167968750000391e+00 3.793972656250000242e+00
2.742558593750000107e+00 2.751558593750000004e+00 4.910410156250000213e+00 3.777996093750000117e+00
2.742558593750000107e+00 2.765269531249999968e+00 4.912167968750000391e+00 3.777996093750000117e+00
2.749785156250000195e+00 2.751558593750000004e+00 4.912167968750000391e+00 3.777996093750000117e+00
2.749785156250000195e+00 2.765269531249999968e+00 4.910410156250000213e+00 3.777996093750000117e+00
2.749785156250000195e+00 2.765269531249999968e+00 4.912167968750000391e+00 3.793972656250000242e+00
2.749785156250000195e+00 2.765269531249999968e+00 4.912167968750000391e+00 3.777996093750000117e+00
2.762558593750000124e+00 2.771558593750000021e+00 4.930410156249999787e+00 3.773972656250000224e+00
2.769785156250000213e+00 2.771558593750000021e+00 4.930410156249999787e+00 3.773972656250000224e+00
2.762558593750000124e+00 2.745269531249999950e+00 4.930410156249999787e+00 3.773972656250000224e+00
2.762558593750000124e+00 2.771558593750000021e+00 4.932167968749999964e+00 3.773972656250000224e+00
2.762558593750000124e+00 2.771558593750000021e+00 4.930410156249999787e+00 3.757996093750000099e+00
2.762558593750000124e+00 2.745269531249999950e+00 4.932167968749999964e+00 3.757996093750000099e+00
2.769785156250000213e+00 2.771558593750000021e+00 4.932167968749999964e+00 3.757996093750000099e+00
2.769785156250000213e+00 2.745269531249999950e+00 4.930410156249999787e+00 3.757996093750000099e+00
2.769785156250000213e+00 2.745269531249999950e+00 4.932167968749999964e+00 3.773972656250000224e+00
2.769785156250000213e+00 2.745269531249999950e+00 4.932167968749999964e+00 3.757996093750000099e+00
2.752558593749999893e+00 2.741558593749999773e+00 4.920410156250000000e+00 3.783972656250000011e+00
2.759785156249999982e+00 2.741558593749999773e+00 4.920410156250000000e+00 3.783972656250000011e+00
2.752558593749999893e+00 2.755269531249999737e+00 4.920410156250000000e+00 3.783972656250000011e+00
2.752558593749999893e+00 2.741558593749999773e+00 4.922167968750000178e+00 3.783972656250000011e+00
2.752558593749999893e+00 2.741558593749999773e+00 4.920410156250000000e+00 3.767996093750000330e+00
2.752558593749999893e+00 2.755269531249999737e+00 4.922167968750000178e+00 3.767996093750000330e+00
2.759785156249999982e+00 2.741558593749999773e+00 4.922167968750000178e+00 3.767996093750000330e+00
2.759785156249999982e+00 2.755269531249999737e+00 4.920410156250000000e+00 3.767996093750000330e+00
2.759785156249999982e+00 2.755269531249999737e+00 4.922167968750000178e+00 3.783972656250000011e+00
2.759785156249999982e+00 2.755269531249999737e+00 4.922167968750000178e+00 3.767996093750000330e+00
2.732558593749999876e+00 2.761558593749999790e+00 4.940410156249999574e+00 3.763972656249999993e+00
2.739785156249999964e+00 2.761558593749999790e+00 4.940410156249999574e+00 3.763972656249999993e+00
2.732558593749999876e+00 2.775269531249999755e+00 4.940410156249999574e+00 3.763972656249999993e+00
2.732558593749999876e+00 2.761558593749999790e+00 4.942167968749999751e+00 3.763972656249999993e+00
2.732558593749999876e+00 2.761558593749999790e+00 4.940410156249999574e+00 3.787996093750000348e+00
2.732558593749999876e+00 2.775269531249999755e+00 4.942167968749999751e+00 3.787996093750000348e+00
2.739785156249999964e+00 2.761558593749999790e+00 4.942167968749999751e+00 3.787996093750000348e+00
2.739785156249999964e+00 2.775269531249999755e+00 4.940410156249999574e+00 3.787996093750000348e+00
2.739785156249999964e+00 2.775269531249999755e+00 4.942167968749999751e+00 3.763972656249999993e+00
2.739785156249999964e+00 2.775269531249999755e+00 4.942167968749999751e+00 3.787996093750000348e+00
2.733808593750000071e+00 2.742808593749999968e+00 4.906660156250000071e+00 3.790222656250000099e+00
2.761035156250000178e+00 2.742808593749999968e+00 4.906660156250000071e+00 3.790222656250000099e+00
2.733808593750000071e+00 2.744019531249999755e+00 4.906660156250000071e+00 3.790222656250000099e+00
2.733808593750000071e+00 2.742808593749999968e+00 4.933417968749999716e+00 3.790222656250000099e+00
2.733808593750000071e+00 2.742808593749999968e+00 4.906660156250000071e+00 3.769246093750000082e+00
2.733808593750000071e+00 2.744019531249999755e+00 4.933417968749999716e+00 3.769246093750000082e+00
2.761035156250000178e+00 2.742808593749999968e+00 4.933417968749999716e+00 3.769246093750000082e+00
2.761035156250000178e+00 2.744019531249999755e+00 4.906660156250000071e+00 3.769246093750000082e+00
2.761035156250000178e+00 2.744019531249999755e+00 4.933417968749999716e+00 3.790222656250000099e+00
2.761035156250000178e+00 2.744019531249999755e+00 4.933417968749999716e+00 3.769246093750000082e+00
2.753808593750000089e+00 2.762808593749999986e+00 4.926660156249999645e+00 3.770222656250000082e+00
2.741035156250000160e+00 2.762808593749999986e+00 4.926660156249999645e+00 3.770222656250000082e+00
2.753808593750000089e+00 2.764019531249999773e+00 4.926660156249999645e+00 3.770222656250000082e+00
2.753808593750000089e+00 2.762808593749999986e+00 4.913417968750000142e+00 3.770222656250000082e+00
2.753808593750000089e+00 2.762808593749999986e+00 4.926660156249999645e+00 3.789246093750000099e+00
2.753808593750000089e+00 2.764019531249999773e+00 4.913417968750000142e+00 3.789246093750000099e+00
2.741035156250000160e+00 2.762808593749999986e+00 4.913417968750000142e+00 3.789246093750000099e+00
2.741035156250000160e+00 2.764019531249999773e+00 4.926660156249999645e+00 3.789246093750000099e+00
2.741035156250000160e+00 2.764019531249999773e+00 4.913417968750000142e+00 3.770222656250000082e+00
2.741035156250000160e+00 2.764019531249999773e+00 4.913417968750000142e+00 3.789246093750000099e+00
2.763808593749999876e+00 2.752808593749999755e+00 4.916660156249999858e+00 3.780222656250000313e+00
2.731035156249999929e+00 2.752808593749999755e+00 4.916660156249999858e+00 3.780222656250000313e+00
2.763808593749999876e+00 2.774019531250000004e+00 4.916660156249999858e+00 3.780222656250000313e+00
2.763808593749999876e+00 2.752808593749999755e+00 4.943417968749999503e+00 3.780222656250000313e+00
2.763808593749999876e+00 2.752808593749999755e+00 4.916660156249999858e+00 3.779246093750000313e+00
2.763808593749999876e+00 2.774019531250000004e+00 4.943417968749999503e+00 3.779246093750000313e+00
2.731035156249999929e+00 2.752808593749999755e+00 4.943417968749999503e+00 3.779246093750000313e+00
2.731035156249999929e+00 2.774019531250000004e+00 4.916660156249999858e+00 3.779246093750000313e+00
2.731035156249999929e+00 2.774019531250000004e+00 4.943417968749999503e+00 3.780222656250000313e+00
2.731035156249999929e+00 2.774019531250000004e+00 4.943417968749999503e+00 3.779246093750000313e+00
2.743808593749999858e+00 2.772808593749999773e+00 4.936660156249999432e+00 3.760222656250000295e+00
2.751035156249999947e+00 2.772808593749999773e+00 4.936660156249999432e+00 3.760222656250000295e+00
2.743808593749999858e+00 2.754019531249999986e+00 4.936660156249999432e+00 3.760222656250000295e+00
2.743808593749999858e+00 2.772808593749999773e+00 4.923417968749999929e+00 3.760222656250000295e+00
2.743808593749999858e+00 2.772808593749999773e+00 4.936660156249999432e+00 3.759246093750000295e+00
2.743808593749999858e+00 2.754019531249999986e+00 4.923417968749999929e+00 3.759246093750000295e+00
2.751035156249999947e+00 2.772808593749999773e+00 4.923417968749999929e+00 3.759246093750000295e+00
2.751035156249999947e+00 2.754019531249999986e+00 4.936660156249999432e+00 3.759246093750000295e+00
2.751035156249999947e+00 2.754019531249999986e+00 4.923417968749999929e+00 3.760222656250000295e+00
2.751035156249999947e+00 2.754019531249999986e+00 4.923417968749999929e+00 3.759246093750000295e+00
2.748808593750000195e+00 2.757808593750000092e+00 4.931660156249999538e+00 3.765222656250000188e+00
2.756035156249999840e+00 2.757808593750000092e+00 4.931660156249999538e+00 3.765222656250000188e+00
2.748808593750000195e+00 2.739019531249999861e+00 4.931660156249999538e+00 3.765222656250000188e+00
2.748808593750000195e+00 2.757808593750000092e+00 4.938417968749999609e+00 3.765222656250000188e+00
2.748808593750000195e+00 2.757808593750000092e+00 4.931660156249999538e+00 3.784246093750000206e+00
2.748808593750000195e+00 2.739019531249999861e+00 4.938417968749999609e+00 3.784246093750000206e+00
2.756035156249999840e+00 2.757808593750000092e+00 4.938417968749999609e+00 3.784246093750000206e+00
2.756035156249999840e+00 2.739019531249999861e+00 4.931660156249999538e+00 3.784246093750000206e+00
2.756035156249999840e+00 2.739019531249999861e+00 4.938417968749999609e+00 3.765222656250000188e+00
2.756035156249999840e+00 2.739019531249999861e+00 4.938417968749999609e+00 3.784246093750000206e+00
2.768808593750000213e+00 2.777808593750000110e+00 4.911660156249999964e+00 3.785222656250000206e+00
2.736035156249999822e+00 2.777808593750000110e+00 4.911660156249999964e+00 3.785222656250000206e+00
2.768808593750000213e+00 2.759019531249999879e+00 4.911660156249999964e+00 3.785222656250000206e+00
2.768808593750000213e+00 2.777808593750000110e+00 4.918417968750000036e+00 3.785222656250000206e+00
2.768808593750000213e+00 2.777808593750000110e+00 4.911660156249999964e+00 3.764246093750000188e+00
2.768808593750000213e+00 2.759019531249999879e+00 4.918417968750000036e+00 3.764246093750000188e+00
2.736035156249999822e+00 2.777808593750000110e+00 4.918417968750000036e+00 3.764246093750000188e+00
2.736035156249999822e+00 2.759019531249999879e+00 4.911660156249999964e+00 3.764246093750000188e+00
2.736035156249999822e+00 2.759019531249999879e+00 4.918417968750000036e+00 3.785222656250000206e+00
2.736035156249999822e+00 2.759019531249999879e+00 4.918417968750000036e+00 3.764246093750000188e+00
2.758808593749999982e+00 2.747808593749999861e+00 4.941660156249999325e+00 3.775222656249999975e+00
2.746035156250000053e+00 2.747808593749999861e+00 4.941660156249999325e+00 3.775222656249999975e+00
2.758808593749999982e+00 2.769019531250000110e+00 4.941660156249999325e+00 3.775222656249999975e+00
2.758808593749999982e+00 2.747808593749999861e+00 4.928417968749999822e+00 3.775222656249999975e+00
2.758808593749999982e+00 2.747808593749999861e+00 4.941660156249999325e+00 3.774246093749999975e+00
2.758808593749999982e+00 2.769019531250000110e+00 4.928417968749999822e+00 3.774246093749999975e+00
2.746035156250000053e+00 2.747808593749999861e+00 4.928417968749999822e+00 3.774246093749999975e+00
2.746035156250000053e+00 2.769019531250000110e+00 4.941660156249999325e+00 3.774246093749999975e+00
2.746035156250000053e+00 2.769019531250000110e+00 4.928417968749999822e+00 3.775222656249999975e+00
2.746035156250000053e+00 2.769019531250000110e+00 4.928417968749999822e+00 3.774246093749999975e+00
2.738808593749999964e+00 2.767808593749999879e+00 4.921660156249999751e+00 3.795222656249999993e+00
2.766035156250000071e+00 2.767808593749999879e+00 4.921660156249999751e+00 3.795222656249999993e+00
2.738808593749999964e+00 2.749019531250000092e+00 4.921660156249999751e+00 3.795222656249999993e+00
2.738808593749999964e+00 2.767808593749999879e+00 4.908417968750000249e+00 3.795222656249999993e+00
2.738808593749999964e+00 2.767808593749999879e+00 4.921660156249999751e+00 3.794246093749999993e+00
2.738808593749999964e+00 2.749019531250000092e+00 4.908417968750000249e+00 3.794246093749999993e+00
2.766035156250000071e+00 2.767808593749999879e+00 4.908417968750000249e+00 3.794246093749999993e+00
2.766035156250000071e+00 2.749019531250000092e+00 4.921660156249999751e+00 3.794246093749999993e+00
2.766035156250000071e+00 2.749019531250000092e+00 4.908417968750000249e+00 3.795222656249999993e+00
2.766035156250000071e+00 2.749019531250000092e+00 4.908417968750000249e+00 3.794246093749999993e+00
2.736308593750000018e+00 2.750308593749999808e+00 4.944160156249999716e+00 3.782722656250000259e+00
2.743535156250000107e+00 2.750308593749999808e+00 4.944160156249999716e+00 3.782722656250000259e+00
2.736308593750000018e+00 2.756519531249999932e+00 4.944160156249999716e+00 3.782722656250000259e+00
2.736308593750000018e+00 2.750308593749999808e+00 4.935917968749999218e+00 3.782722656250000259e+00
2.736308593750000018e+00 2.750308593749999808e+00 4.944160156249999716e+00 3.786746093750000153e+00
2.736308593750000018e+00 2.756519531249999932e+00 4.935917968749999218e+00 3.786746093750000153e+00
2.743535156250000107e+00 2.750308593749999808e+00 4.935917968749999218e+00 3.786746093750000153e+00
2.743535156250000107e+00 2.756519531249999932e+00 4.944160156249999716e+00 3.786746093750000153e+00
2.743535156250000107e+00 2.756519531249999932e+00 4.935917968749999218e+00 3.782722656250000259e+00
2.743535156250000107e+00 2.756519531249999932e+00 4.935917968749999218e+00 3.786746093750000153e+00
2.756308593750000036e+00 2.770308593749999826e+00 4.924160156250000142e+00 3.762722656250000242e+00
2.763535156250000124e+00 2.770308593749999826e+00 4.924160156250000142e+00 3.762722656250000242e+00
2.756308593750000036e+00 2.776519531249999950e+00 4.924160156250000142e+00 3.762722656250000242e+00
2.756308593750000036e+00 2.770308593749999826e+00 4.915917968749999645e+00 3.762722656250000242e+00
2.756308593750000036e+00 2.770308593749999826e+00 4.924160156250000142e+00 3.766746093750000135e+00
2.756308593750000036e+00 2.776519531249999950e+00 4.915917968749999645e+00 3.766746093750000135e+00
2.763535156250000124e+00 2.770308593749999826e+00 4.915917968749999645e+00 3.766746093750000135e+00
2.763535156250000124e+00 2.776519531249999950e+00 4.924160156250000142e+00 3.766746093750000135e+00
2.763535156250000124e+00 2.776519531249999950e+00 4.915917968749999645e+00 3.762722656250000242e+00
2.763535156250000124e+00 2.776519531249999950e+00 4.915917968749999645e+00 3.766746093750000135e+00
2.766308593749999822e+00 2.740308593750000021e+00 4.934160156249999929e+00 3.792722656250000046e+00
2.753535156249999893e+00 2.740308593750000021e+00 4.934160156249999929e+00 3.792722656250000046e+00
2.766308593749999822e+00 2.766519531249999719e+00 4.934160156249999929e+00 3.792722656250000046e+00
2.766308593749999822e+00 2.740308593750000021e+00 4.925917968749999432e+00 3.792722656250000046e+00
2.766308593749999822e+00 2.740308593750000021e+00 4.934160156249999929e+00 3.776746093749999922e+00
2.766308593749999822e+00 2.766519531249999719e+00 4.925917968749999432e+00 3.776746093749999922e+00
2.753535156249999893e+00 2.740308593750000021e+00 4.925917968749999432e+00 3.776746093749999922e+00
2.753535156249999893e+00 2.766519531249999719e+00 4.934160156249999929e+00 3.776746093749999922e+00
2.753535156249999893e+00 2.766519531249999719e+00 4.925917968749999432e+00 3.792722656250000046e+00
2.753535156249999893e+00 2.766519531249999719e+00 4.925917968749999432e+00 3.776746093749999922e+00
2.746308593749999805e+00 2.760308593750000039e+00 4.914160156250000355e+00 3.772722656250000028e+00
2.733535156249999876e+00 2.760308593750000039e+00 4.914160156250000355e+00 3.772722656250000028e+00
2.746308593749999805e+00 2.746519531249999702e+00 4.914160156250000355e+00 3.772722656250000028e+00
2.746308593749999805e+00 2.760308593750000039e+00 4.905917968749999858e+00 3.772722656250000028e+00
2.746308593749999805e+00 2.760308593750000039e+00 4.914160156250000355e+00 3.796746093749999940e+00
2.746308593749999805e+00 2.746519531249999702e+00 4.905917968749999858e+00 3.796746093749999940e+00
2.733535156249999876e+00 2.760308593750000039e+00 4.905917968749999858e+00 3.796746093749999940e+00
2.733535156249999876e+00 2.746519531249999702e+00 4.914160156250000355e+00 3.796746093749999940e+00
2.733535156249999876e+00 2.746519531249999702e+00 4.905917968749999858e+00 3.772722656250000028e+00
2.733535156249999876e+00 2.746519531249999702e+00 4.905917968749999858e+00 3.796746093749999940e+00
2.741308593749999911e+00 2.745308593749999915e+00 4.919160156250000249e+00 3.767722656250000135e+00
2.738535156249999769e+00 2.745308593749999915e+00 4.919160156250000249e+00 3.767722656250000135e+00
2.741308593749999911e+00 2.751519531250000039e+00 4.919160156250000249e+00 3.767722656250000135e+00
2.741308593749999911e+00 2.745308593749999915e+00 4.930917968749999325e+00 3.767722656250000135e+00
2.741308593749999911e+00 2.745308593749999915e+00 4.919160156250000249e+00 3.771746093750000028e+00
2.741308593749999911e+00 2.751519531250000039e+00 4.930917968749999325e+00 3.771746093750000028e+00
2.738535156249999769e+00 2.745308593749999915e+00 4.930917968749999325e+00 3.771746093750000028e+00
2.738535156249999769e+00 2.751519531250000039e+00 4.919160156250000249e+00 3.771746093750000028e+00
2.738535156249999769e+00 2.751519531250000039e+00 4.930917968749999325e+00 3.767722656250000135e+00
2.738535156249999769e+00 2.751519531250000039e+00 4.930917968749999325e+00 3.771746093750000028e+00
2.761308593749999929e+00 2.765308593749999932e+00 4.939160156249999822e+00 3.787722656250000153e+00
2.758535156249999787e+00 2.765308593749999932e+00 4.939160156249999822e+00 3.787722656250000153e+00
2.761308593749999929e+00 2.771519531250000057e+00 4.939160156249999822e+00 3.787722656250000153e+00
2.761308593749999929e+00 2.765308593749999932e+00 4.910917968749999751e+00 3.787722656250000153e+00
2.761308593749999929e+00 2.765308593749999932e+00 4.939160156249999822e+00 3.791746093750000046e+00
2.761308593749999929e+00 2.771519531250000057e+00 4.910917968749999751e+00 3.791746093750000046e+00
2.758535156249999787e+00 2.765308593749999932e+00 4.910917968749999751e+00 3.791746093750000046e+00
2.758535156249999787e+00 2.771519531250000057e+00 4.939160156249999822e+00 3.791746093750000046e+00
2.758535156249999787e+00 2.771519531250000057e+00 4.910917968749999751e+00 3.787722656250000153e+00
2.758535156249999787e+00 2.771519531250000057e+00 4.910917968749999751e+00 3.791746093750000046e+00
2.751308593750000142e+00 2.755308593749999702e+00 4.909160156250000462e+00 3.757722656249999904e+00
2.768535156250000018e+00 2.755308593749999702e+00 4.909160156250000462e+00 3.757722656249999904e+00
2.751308593750000142e+00 2.761519531249999826e+00 4.909160156250000462e+00 3.757722656249999904e+00
2.751308593750000142e+00 2.755308593749999702e+00 4.940917968749999112e+00 3.757722656249999904e+00
2.751308593750000142e+00 2.755308593749999702e+00 4.909160156250000462e+00 3.781746093750000259e+00
2.751308593750000142e+00 2.761519531249999826e+00 4.940917968749999112e+00 3.781746093750000259e+00
2.768535156250000018e+00 2.755308593749999702e+00 4.940917968749999112e+00 3.781746093750000259e+00
2.768535156250000018e+00 2.761519531249999826e+00 4.909160156250000462e+00 3.781746093750000259e+00
2.768535156250000018e+00 2.761519531249999826e+00 4.940917968749999112e+00 3.757722656249999904e+00
2.768535156250000018e+00 2.761519531249999826e+00 4.940917968749999112e+00 3.781746093750000259e+00
2.731308593750000124e+00 2.775308593749999719e+00 4.929160156250000036e+00 3.777722656249999922e+00
2.748535156250000000e+00 2.775308593749999719e+00 4.929160156250000036e+00 3.777722656249999922e+00
2.731308593750000124e+00 2.741519531249999808e+00 4.929160156250000036e+00 3.777722656249999922e+00
2.731308593750000124e+00 2.775308593749999719e+00 4.920917968749999538e+00 3.777722656249999922e+00
2.731308593750000124e+00 2.775308593749999719e+00 4.929160156250000036e+00 3.761746093750000242e+00
2.731308593750000124e+00 2.741519531249999808e+00 4.920917968749999538e+00 3.761746093750000242e+00
2.748535156250000000e+00 2.775308593749999719e+00 4.920917968749999538e+00 3.761746093750000242e+00
2.748535156250000000e+00 2.741519531249999808e+00 4.929160156250000036e+00 3.761746093750000242e+00
2.748535156250000000e+00 2.741519531249999808e+00 4.920917968749999538e+00 3.777722656249999922e+00
2.748535156250000000e+00 2.741519531249999808e+00 4.920917968749999538e+00 3.761746093750000242e+00
