3.000000000000000000e+00 2.508999999999999897e+00 5.008333333333332860e+00 4.027000000000000135e+00
3.000000000000000000e+00 2.508999999999999897e+00 4.674999999999999822e+00 4.027000000000000135e+00
2.666666666666666519e+00 2.508999999999999897e+00 4.674999999999999822e+00 4.027000000000000135e+00
2.666666666666666519e+00 2.508999999999999897e+00 4.674999999999999822e+00 3.693666666666666654e+00
2.666666666666666519e+00 2.842333333333333378e+00 4.674999999999999822e+00 3.693666666666666654e+00
2.666666666666666519e+00 2.842333333333333378e+00 5.008333333333332860e+00 4.027000000000000135e+00
2.666666666666666519e+00 2.842333333333333378e+00 4.674999999999999822e+00 4.027000000000000135e+00
3.000000000000000000e+00 2.842333333333333378e+00 4.674999999999999822e+00 4.027000000000000135e+00
3.000000000000000000e+00 2.508999999999999897e+00 4.674999999999999822e+00 4.027000000000000135e+00
3.000000000000000000e+00 2.508999999999999897e+00 4.674999999999999822e+00 3.693666666666666654e+00
2.666666666666666519e+00 3.008999999999999897e+00 4.841666666666666785e+00 3.860333333333333616e+00
2.666666666666666519e+00 3.008999999999999897e+00 5.174999999999999822e+00 3.860333333333333616e+00
3.000000000000000000e+00 3.008999999999999897e+00 5.174999999999999822e+00 3.860333333333333616e+00
3.000000000000000000e+00 3.008999999999999897e+00 5.174999999999999822e+00 3.527000000000000135e+00
3.000000000000000000e+00 2.675666666666666416e+00 5.174999999999999822e+00 3.527000000000000135e+00
2.500000000000000000e+00 2.675666666666666416e+00 5.174999999999999822e+00 3.860333333333333616e+00
2.500000000000000000e+00 3.008999999999999897e+00 5.174999999999999822e+00 3.860333333333333616e+00
2.500000000000000000e+00 3.008999999999999897e+00 5.174999999999999822e+00 3.527000000000000135e+00
2.833333333333333481e+00 3.008999999999999897e+00 5.174999999999999822e+00 3.527000000000000135e+00
2.833333333333333481e+00 3.008999999999999897e+00 4.841666666666666785e+00 3.527000000000000135e+00
2.500000000000000000e+00 2.675666666666666416e+00 5.174999999999999822e+00 3.527000000000000135e+00
2.500000000000000000e+00 3.008999999999999897e+00 5.174999999999999822e+00 3.527000000000000135e+00
2.500000000000000000e+00 3.008999999999999897e+00 4.841666666666666785e+00 3.527000000000000135e+00
2.833333333333333481e+00 3.008999999999999897e+00 4.841666666666666785e+00 3.527000000000000135e+00
2.833333333333333481e+00 3.008999999999999897e+00 4.841666666666666785e+00 3.860333333333333616e+00
2.833333333333333481e+00 2.508999999999999897e+00 4.674999999999999822e+00 3.860333333333333616e+00
2.500000000000000000e+00 2.508999999999999897e+00 4.674999999999999822e+00 3.860333333333333616e+00
2.500000000000000000e+00 2.508999999999999897e+00 4.674999999999999822e+00 3.527000000000000135e+00
2.500000000000000000e+00 2.842333333333333378e+00 4.674999999999999822e+00 3.527000000000000135e+00
2.500000000000000000e+00 2.842333333333333378e+00 5.008333333333332860e+00 3.527000000000000135e+00
2.666666666666666519e+00 2.508999999999999897e+00 5.008333333333332860e+00 4.027000000000000135e+00
2.666666666666666519e+00 2.508999999999999897e+00 4.674999999999999822e+00 4.027000000000000135e+00
3.000000000000000000e+00 2.508999999999999897e+00 4.674999999999999822e+00 4.027000000000000135e+00
3.000000000000000000e+00 2.842333333333333378e+00 4.674999999999999822e+00 4.027000000000000135e+00
3.000000000000000000e+00 2.842333333333333378e+00 4.674999999999999822e+00 3.693666666666666654e+00
2.500000000000000000e+00 2.508999999999999897e+00 5.174999999999999822e+00 3.860333333333333616e+00
2.500000000000000000e+00 2.508999999999999897e+00 5.174999999999999822e+00 3.527000000000000135e+00
2.833333333333333481e+00 2.508999999999999897e+00 5.174999999999999822e+00 3.527000000000000135e+00
2.833333333333333481e+00 2.842333333333333378e+00 5.174999999999999822e+00 3.527000000000000135e+00
2.833333333333333481e+00 2.842333333333333378e+00 4.841666666666666785e+00 3.527000000000000135e+00
