-1.317488638070630491e-01
-1.317488638070630491e-01
-1.317488638070630491e-01
-2.470139553363246421e-01
-1.317488638070630491e-01
-1.849846998948034837e-01
-1.317488638070630491e-01
-1.317488638070630491e-01
-7.887645545369768862e-02
-1.317488638070630491e-01
-2.576382966261391849e-01
-2.576382966261391849e-01
-1.353541034404785459e-01
-2.576382966261391849e-01
-2.011606486393583415e-01
-2.576382966261391849e-01
-2.576382966261391849e-01
-3.002497914240650490e-01
-2.576382966261391849e-01
-2.576382966261391849e-01
-4.462184551532271115e-01
-4.462184551532271115e-01
-4.462184551532271115e-01
-3.326960466824834262e-01
-4.462184551532271115e-01
-2.777250845101922883e-01
-4.462184551532271115e-01
-4.462184551532271115e-01
-4.081657583383207499e-01
-4.462184551532271115e-01
-1.067714697030572035e-01
-1.067714697030572035e-01
-2.280944880558624377e-01
-1.067714697030572035e-01
-2.868427399855155158e-01
-1.067714697030572035e-01
-1.067714697030572035e-01
-1.642026760394484919e-01
-1.067714697030572035e-01
-1.067714697030572035e-01
-1.811479022686026397e-01
-1.811479022686026397e-01
-1.811479022686026397e-01
-1.750961668747824940e-01
-1.811479022686026397e-01
-2.313548922024987187e-01
-1.811479022686026397e-01
-1.811479022686026397e-01
-2.270735708383165852e-01
-1.811479022686026397e-01
-2.687523591261392064e-01
-2.687523591261392064e-01
-2.744646803635560350e-01
-2.687523591261392064e-01
-2.213612496008997288e-01
-2.687523591261392064e-01
-2.687523591261392064e-01
-2.253031568086818481e-01
-2.687523591261392064e-01
-2.687523591261392064e-01
-8.234982534552497124e-02
-8.234982534552497124e-02
-8.234982534552497124e-02
-7.556792168247684904e-02
-8.234982534552497124e-02
-1.386145075871131893e-01
-8.234982534552497124e-02
-8.234982534552497124e-02
-1.282754939152372653e-01
-8.234982534552497124e-02
-1.752818062415223976e-01
-1.752818062415223976e-01
-1.817242957481705057e-01
-1.752818062415223976e-01
-1.218330044085875197e-01
-1.752818062415223976e-01
-1.752818062415223976e-01
-1.318326039240650394e-01
-1.752818062415223976e-01
-1.752818062415223976e-01
-1.564483830378312623e-01
-1.564483830378312623e-01
-1.564483830378312623e-01
-9.110391927862775130e-02
-1.564483830378312623e-01
-1.490596097505707818e-01
-1.564483830378312623e-01
-1.564483830378312623e-01
-1.035759746844675533e-01
-1.564483830378312623e-01
-2.628393965498090554e-02
-2.628393965498090554e-02
-9.572408541162652496e-02
-2.628393965498090554e-02
-3.413582892781687195e-02
-2.628393965498090554e-02
-2.628393965498090554e-02
-8.371514599136890833e-02
-2.628393965498090554e-02
-2.628393965498090554e-02
-5.765030611475525230e-02
-5.765030611475525230e-02
-5.765030611475525230e-02
1.534740283675453502e-02
-5.765030611475525230e-02
-4.939614821210697865e-02
-5.765030611475525230e-02
-5.765030611475525230e-02
-2.023740516075450691e-01
-5.765030611475525230e-02
-1.336006463857509763e-01
-1.336006463857509763e-01
-1.953875469500936102e-01
-1.336006463857509763e-01
-1.405871510432024352e-01
-1.336006463857509763e-01
-1.336006463857509763e-01
2.360156073940116936e-02
-1.336006463857509763e-01
-1.336006463857509763e-01
-2.321927940955289538e-01
-2.321927940955289538e-01
-2.321927940955289538e-01
-1.630217077401731884e-01
-2.321927940955289538e-01
-9.922787898134216578e-02
-2.321927940955289538e-01
-2.321927940955289538e-01
-2.716821645883165104e-01
-2.321927940955289538e-01
-7.994229302036519325e-02
-7.994229302036519325e-02
-1.455558161808617190e-01
-7.994229302036519325e-02
-2.060686414278231349e-01
-7.994229302036519325e-02
-7.994229302036519325e-02
-3.005679262598626167e-02
-7.994229302036519325e-02
-7.994229302036519325e-02
-9.455012582629165885e-02
-9.455012582629165885e-02
-9.455012582629165885e-02
-2.556268760094020376e-01
-9.455012582629165885e-02
-1.988913405198043383e-01
-9.455012582629165885e-02
-9.455012582629165885e-02
7.837636906553495375e-02
-9.455012582629165885e-02
-2.377321968665271068e-01
-2.377321968665271068e-01
-4.589235464239790202e-02
-2.377321968665271068e-01
-1.134634731585926204e-01
-2.377321968665271068e-01
-2.377321968665271068e-01
-3.599680907029147447e-01
-2.377321968665271068e-01
-2.377321968665271068e-01
-2.852877460186059588e-01
-2.852877460186059588e-01
-2.852877460186059588e-01
-3.956343429565210013e-01
-2.852877460186059588e-01
-1.615175424428816342e-01
-2.852877460186059588e-01
-2.852877460186059588e-01
-3.460150972806250724e-01
-2.852877460186059588e-01
-3.337320616501795456e-01
-3.337320616501795456e-01
-2.327613450270163142e-01
-3.337320616501795456e-01
-4.469858139037914957e-01
-3.337320616501795456e-01
-3.337320616501795456e-01
-2.718641393807966211e-01
-3.337320616501795456e-01
-3.337320616501795456e-01
6.033569148140148497e-02
6.033569148140148497e-02
6.033569148140148497e-02
-6.312689103343566144e-02
6.033569148140148497e-02
-6.185408090441946172e-02
6.033569148140148497e-02
6.033569148140148497e-02
-2.018733285753868470e-02
6.033569148140148497e-02
-2.471845856886410175e-01
-2.471845856886410175e-01
-1.330978834885525042e-01
-2.471845856886410175e-01
-1.342740350576255570e-01
-2.471845856886410175e-01
-2.471845856886410175e-01
-1.853166634192597584e-01
-2.471845856886410175e-01
-2.471845856886410175e-01
-1.193991041916781931e-01
-1.193991041916781931e-01
-1.193991041916781931e-01
1.052166665887250066e-02
-1.193991041916781931e-01
-1.116858116736480916e-01
-1.193991041916781931e-01
-1.193991041916781931e-01
-9.122621506908255851e-02
-1.193991041916781931e-01
5.081114748444521406e-02
5.081114748444521406e-02
-8.326615271932223672e-02
5.081114748444521406e-02
4.285108513468489921e-02
5.081114748444521406e-02
5.081114748444521406e-02
1.823495917690410445e-02
5.081114748444521406e-02
5.081114748444521406e-02
-2.181971811147573603e-01
-2.181971811147573603e-01
-2.181971811147573603e-01
-3.219857852642128981e-01
-2.181971811147573603e-01
-2.113492732121118878e-01
-2.181971811147573603e-01
-2.181971811147573603e-01
-1.900242919921618645e-01
-2.181971811147573603e-01
-2.904583236694102122e-01
-2.904583236694102122e-01
-1.829296142577827855e-01
-2.904583236694102122e-01
-2.975530014037860438e-01
-2.904583236694102122e-01
-2.904583236694102122e-01
-3.151378773615707285e-01
-2.904583236694102122e-01
-2.904583236694102122e-01
-8.412305250898459430e-02
-8.412305250898459430e-02
-8.412305250898459430e-02
-1.977486458411333303e-01
-8.412305250898459430e-02
-1.965772479717296795e-01
-8.412305250898459430e-02
-8.412305250898459430e-02
-1.068365816556186149e-01
-8.412305250898459430e-02
-3.273096457847941565e-01
-3.273096457847941565e-01
-2.165019399789393784e-01
-3.273096457847941565e-01
-2.176442874614765155e-01
-3.273096457847941565e-01
-3.273096457847941565e-01
-3.102028413038752652e-01
-3.273096457847941565e-01
-3.273096457847941565e-01
-1.898442063551405434e-01
-1.898442063551405434e-01
-1.898442063551405434e-01
-7.814383814881906143e-02
-1.898442063551405434e-01
-2.893176325871135712e-01
-1.898442063551405434e-01
-1.898442063551405434e-01
-1.115427809469228841e-03
-1.898442063551405434e-01
1.395982536905648885e-02
1.395982536905648885e-02
-1.237615553635555005e-01
1.395982536905648885e-02
1.366059529231443970e-01
1.395982536905648885e-02
1.395982536905648885e-02
-1.776172643807905904e-01
1.395982536905648885e-02
1.395982536905648885e-02
-1.369836294320626313e-01
-1.369836294320626313e-01
-1.369836294320626313e-01
-1.310231650718988172e-01
-1.369836294320626313e-01
-2.429474402794232768e-01
-1.369836294320626313e-01
-1.369836294320626313e-01
-5.397600473254398484e-02
-1.369836294320626313e-01
-1.635979871309462819e-01
-1.635979871309462819e-01
-1.701317476712474464e-01
-1.635979871309462819e-01
-4.744224419223955908e-02
-1.635979871309462819e-01
-1.635979871309462819e-01
-2.369869759192594350e-01
-1.635979871309462819e-01
-1.635979871309462819e-01
-2.850109130859132534e-01
-2.850109130859132534e-01
-2.850109130859132534e-01
-2.783202804565197974e-01
-2.850109130859132534e-01
-1.502070556640362209e-01
-2.850109130859132534e-01
-2.850109130859132534e-01
-3.798037691556270801e-01
-2.850109130859132534e-01
-2.570685400155614531e-01
-2.570685400155614531e-01
-2.628721322866329757e-01
-2.570685400155614531e-01
-3.740001768845554464e-01
-2.570685400155614531e-01
-2.570685400155614531e-01
-1.435164230346394898e-01
-2.570685400155614531e-01
-2.570685400155614531e-01
-4.495597017725271732e-02
-4.495597017725271732e-02
-4.495597017725271732e-02
-1.528433198194952269e-01
-4.495597017725271732e-02
4.872413987409110123e-03
-4.495597017725271732e-02
-4.495597017725271732e-02
-9.892701134311601696e-02
-4.495597017725271732e-02
-1.537049733088302617e-01
-1.537049733088302617e-01
-5.191450758710904057e-02
-1.537049733088302617e-01
-2.007174770648371132e-01
-1.537049733088302617e-01
-1.537049733088302617e-01
-1.030149356548334116e-01
-1.537049733088302617e-01
-1.537049733088302617e-01
-1.843294076772575285e-01
-1.843294076772575285e-01
-1.843294076772575285e-01
-4.985353616564813101e-02
-1.843294076772575285e-01
-1.284433312048987863e-01
-1.843294076772575285e-01
-1.843294076772575285e-01
-2.254278526892762868e-01
-1.843294076772575285e-01
-4.465749734728774456e-02
-4.465749734728774456e-02
-1.723576566255725084e-01
-4.465749734728774456e-02
-9.772769341098999640e-02
-4.465749734728774456e-02
-4.465749734728774456e-02
6.032540306709103725e-03
-4.465749734728774456e-02
-4.465749734728774456e-02
-2.285361384464881240e-01
-2.285361384464881240e-01
-2.285361384464881240e-01
-2.221649544348820726e-01
-2.285361384464881240e-01
-5.486238168566574119e-02
-2.285361384464881240e-01
-2.285361384464881240e-01
-1.812211219200458023e-01
-2.285361384464881240e-01
9.866240633481054151e-03
9.866240633481054151e-03
3.104302509045535514e-03
9.866240633481054151e-03
-1.744591837956102898e-01
9.866240633481054151e-03
9.866240633481054151e-03
-4.849119767406297188e-02
9.866240633481054151e-03
9.866240633481054151e-03
-3.169495999849523127e-01
-3.169495999849523127e-01
-3.169495999849523127e-01
-3.113085842425759031e-01
-3.169495999849523127e-01
-3.771204345702910965e-01
-3.169495999849523127e-01
-3.169495999849523127e-01
-2.696345834585083812e-01
-3.169495999849523127e-01
-3.279416920588343887e-01
-3.279416920588343887e-01
-3.339734619140404259e-01
-3.279416920588343887e-01
-2.636028136033008451e-01
-3.279416920588343887e-01
-3.279416920588343887e-01
-3.714794188279162968e-01
-3.279416920588343887e-01
-3.279416920588343887e-01
-1.442937406099489006e-01
-1.442937406099489006e-01
-1.442937406099489006e-01
-1.998790469829598293e-01
-1.442937406099489006e-01
-2.142001521183650170e-01
-1.442937406099489006e-01
-1.442937406099489006e-01
-1.886103346604298958e-01
-1.442937406099489006e-01
-3.076028999915250695e-01
-3.076028999915250695e-01
-2.548963285005764190e-01
-3.076028999915250695e-01
-2.413169061513785740e-01
-3.076028999915250695e-01
-3.076028999915250695e-01
-2.697854584913759179e-01
-3.076028999915250695e-01
-3.076028999915250695e-01
-2.396302790714881226e-01
-2.396302790714881226e-01
-2.396302790714881226e-01
-2.890226767906520222e-01
-2.396302790714881226e-01
-8.088440692605071425e-02
-2.396302790714881226e-01
-2.396302790714881226e-01
-9.327379619889068774e-02
-2.396302790714881226e-01
3.712810962386388358e-02
3.712810962386388358e-02
9.602758976866450358e-02
3.712810962386388358e-02
-1.521732763436863811e-01
3.712810962386388358e-02
3.712810962386388358e-02
-1.302768046452146000e-01
3.712810962386388358e-02
3.712810962386388358e-02
-3.093169978214905247e-01
-3.093169978214905247e-01
-3.093169978214905247e-01
-1.270958739060330245e-01
-3.093169978214905247e-01
-3.753291785606744924e-01
-3.093169978214905247e-01
-3.093169978214905247e-01
-2.657069091796626092e-01
-3.093169978214905247e-01
-1.421604721069047728e-01
-1.421604721069047728e-01
-3.358871337890381170e-01
-1.421604721069047728e-01
-7.198024749753105522e-02
-1.421604721069047728e-01
-1.421604721069047728e-01
-1.931080546452186297e-01
-1.421604721069047728e-01
-1.421604721069047728e-01
3.457567044774938897e-02
3.457567044774938897e-02
3.457567044774938897e-02
-2.410609025218754878e-02
3.457567044774938897e-02
-3.922497182989900799e-02
3.457567044774938897e-02
3.457567044774938897e-02
-1.253599139873473045e-01
3.457567044774938897e-02
-2.373617942222923660e-01
-2.373617942222923660e-01
-1.877516770582664529e-01
-2.373617942222923660e-01
-1.749700311513765205e-01
-2.373617942222923660e-01
-2.373617942222923660e-01
-9.790673252983431163e-02
-2.373617942222923660e-01
-2.373617942222923660e-01
-2.898877159705295914e-01
-2.898877159705295914e-01
-2.898877159705295914e-01
-1.887360932570002481e-01
-2.898877159705295914e-01
-3.607676851712530719e-01
-2.898877159705295914e-01
-2.898877159705295914e-01
-2.871445143479319229e-01
-2.898877159705295914e-01
-2.567559198232557405e-01
-2.567559198232557405e-01
-3.582982966496161548e-01
-2.567559198232557405e-01
-1.856021375215713420e-01
-2.567559198232557405e-01
-2.567559198232557405e-01
-2.596160624577237286e-01
-2.567559198232557405e-01
-2.567559198232557405e-01
-1.435912015474481440e-01
-1.435912015474481440e-01
-1.435912015474481440e-01
-5.355436248776025004e-02
-1.435912015474481440e-01
-2.066827092097070495e-01
-1.435912015474481440e-01
-1.435912015474481440e-01
-1.398744422325431391e-01
-1.435912015474481440e-01
-1.128121698232503467e-01
-1.128121698232503467e-01
-2.032397629957645724e-01
-1.128121698232503467e-01
-4.944684906002727587e-02
-1.128121698232503467e-01
-1.128121698232503467e-01
-1.166458701500224376e-01
-1.128121698232503467e-01
-1.128121698232503467e-01
-2.098163818359105870e-01
-2.098163818359105870e-01
-2.098163818359105870e-01
-1.142221509493027976e-01
-2.098163818359105870e-01
-2.768021202674034176e-01
-2.098163818359105870e-01
-2.098163818359105870e-01
-2.984614013671601507e-01
-2.098163818359105870e-01
-2.730622900155598720e-01
-2.730622900155598720e-01
-3.579324913611542369e-01
-2.730622900155598720e-01
-2.135912000215674511e-01
-2.730622900155598720e-01
-2.730622900155598720e-01
-1.812078893807956281e-01
-2.730622900155598720e-01
-2.730622900155598720e-01
-1.179413818359128369e-01
-1.179413818359128369e-01
-1.179413818359128369e-01
-2.770961894108463497e-01
-1.179413818359128369e-01
7.314824030952535305e-02
-1.179413818359128369e-01
-1.179413818359128369e-01
-2.065864013671608879e-01
-1.179413818359128369e-01
-1.778609679001755817e-01
-1.778609679001755817e-01
-3.470088078422328692e-02
-1.778609679001755817e-01
-3.497464884831115173e-01
-1.778609679001755817e-01
-1.778609679001755817e-01
-8.600656726540802099e-02
-1.778609679001755817e-01
-1.778609679001755817e-01
-2.327851318359127897e-01
-2.327851318359127897e-01
-2.327851318359127897e-01
-3.712180343627707324e-01
-2.327851318359127897e-01
-1.243874267577840392e-01
-2.327851318359127897e-01
-2.327851318359127897e-01
-1.836176513671601840e-01
-2.327851318359127897e-01
-2.155776746309456537e-01
-2.155776746309456537e-01
-6.827320650537661850e-02
-2.155776746309456537e-01
-3.309221194927275955e-01
-2.155776746309456537e-01
-2.155776746309456537e-01
-2.628203292846434946e-01
-2.155776746309456537e-01
-2.155776746309456537e-01
-1.409101318359102517e-01
-1.409101318359102517e-01
-1.409101318359102517e-01
-3.697981320891940982e-02
-1.409101318359102517e-01
-2.784724027193267726e-01
-1.409101318359102517e-01
-1.409101318359102517e-01
-2.754926513671610566e-01
-1.409101318359102517e-01
-3.038559198232566039e-01
-3.038559198232566039e-01
-3.915048170823092755e-01
-3.038559198232566039e-01
-1.878437541081085238e-01
-3.038559198232566039e-01
-3.038559198232566039e-01
-1.745420840923357919e-01
-3.038559198232566039e-01
-3.038559198232566039e-01
5.824695951024908697e-02
5.824695951024908697e-02
5.824695951024908697e-02
3.407259063723973302e-02
5.824695951024908697e-02
5.058775353068361430e-02
5.824695951024908697e-02
5.824695951024908697e-02
2.666843825156370654e-03
5.824695951024908697e-02
-2.749480203478809823e-02
-2.749480203478809823e-02
-4.590093524604992210e-03
-2.749480203478809823e-02
-2.023786468502673450e-02
-2.749480203478809823e-02
-2.749480203478809823e-02
2.641338465767098173e-02
-2.749480203478809823e-02
-2.749480203478809823e-02
-2.787226318359125599e-01
-2.787226318359125599e-01
-2.787226318359125599e-01
-3.001656305166163774e-01
-2.787226318359125599e-01
-2.855164532000966648e-01
-2.787226318359125599e-01
-2.787226318359125599e-01
-1.376801513671605803e-01
-2.787226318359125599e-01
-1.714385520347918301e-01
-1.714385520347918301e-01
-1.458024733323064481e-01
-1.714385520347918301e-01
-1.633162300696442970e-01
-1.714385520347918301e-01
-1.714385520347918301e-01
-3.069594518807989281e-01
-1.714385520347918301e-01
-1.714385520347918301e-01
