-1.198774158911802834e-01
-1.198774158911802834e-01
-1.198774158911802834e-01
-1.198774158911802834e-01
-1.198774158911802834e-01
-1.198774158911802834e-01
-1.198774158911802834e-01
-1.198774158911802834e-01
-2.635306683965499275e-01
-3.877854889942551897e-01
-5.314387414996248893e-01
-5.314387414996248893e-01
-5.314387414996248893e-01
-5.314387414996248893e-01
-5.314387414996248893e-01
-5.314387414996248893e-01
-5.314387414996248893e-01
-3.877854889942551897e-01
-2.635306683965499275e-01
-5.314387414996248893e-01
-1.198774158911764115e-01
-1.198774158911764115e-01
-1.198774158911764115e-01
-1.198774158911764115e-01
-1.198774158911764115e-01
-1.198774158911764115e-01
-1.198774158911764115e-01
-1.198774158911764115e-01
-2.635306683965460417e-01
1.490792210987996191e-01
5.425968593429877918e-03
5.425968593429877918e-03
5.425968593429877918e-03
5.425968593429877918e-03
5.425968593429877918e-03
5.425968593429877918e-03
5.425968593429877918e-03
1.490792210987996191e-01
-2.635306683965460417e-01
5.425968593429877918e-03
-1.198774158911802834e-01
-1.198774158911802834e-01
-1.198774158911802834e-01
-1.198774158911802834e-01
-1.198774158911802834e-01
-1.198774158911802834e-01
-1.198774158911802834e-01
-1.198774158911802834e-01
4.901686649979309675e-03
-1.193531339477298114e-01
5.425968593429877918e-03
5.425968593429877918e-03
5.425968593429877918e-03
5.425968593429877918e-03
5.425968593429877918e-03
5.425968593429877918e-03
5.425968593429877918e-03
-1.193531339477298114e-01
4.901686649979309675e-03
5.425968593429877918e-03
-1.198774158911802834e-01
-1.198774158911802834e-01
-1.198774158911802834e-01
-1.198774158911802834e-01
-1.198774158911802834e-01
-1.198774158911802834e-01
-1.198774158911802834e-01
-1.198774158911802834e-01
4.901686649979309675e-03
-1.193531339477298114e-01
5.425968593429877918e-03
5.425968593429877918e-03
5.425968593429877918e-03
5.425968593429877918e-03
5.425968593429877918e-03
5.425968593429877918e-03
5.425968593429877918e-03
-1.193531339477298114e-01
4.901686649979309675e-03
5.425968593429877918e-03
-2.540935934144410990e-01
-2.540935934144410990e-01
-2.540935934144410990e-01
-2.540935934144410990e-01
-2.540935934144410990e-01
-2.540935934144410990e-01
-2.540935934144410990e-01
-2.540935934144410990e-01
-3.977468459198106876e-01
1.486304357553494375e-02
-1.287902089298347819e-01
-1.287902089298347819e-01
-1.287902089298347819e-01
-1.287902089298347819e-01
-1.287902089298347819e-01
-1.287902089298347819e-01
-1.287902089298347819e-01
1.486304357553494375e-02
-3.977468459198106876e-01
-1.287902089298347819e-01
-2.540935934144449293e-01
-2.540935934144449293e-01
-2.540935934144449293e-01
-2.540935934144449293e-01
-2.540935934144449293e-01
-2.540935934144449293e-01
-2.540935934144449293e-01
-2.540935934144449293e-01
1.391178641732439825e-01
-5.220016665175236659e-01
-1.287902089298347819e-01
-1.287902089298347819e-01
-1.287902089298347819e-01
-1.287902089298347819e-01
-1.287902089298347819e-01
-1.287902089298347819e-01
-1.287902089298347819e-01
-5.220016665175236659e-01
1.391178641732439825e-01
-1.287902089298347819e-01
-2.540935934144449293e-01
-2.540935934144449293e-01
-2.540935934144449293e-01
-2.540935934144449293e-01
-2.540935934144449293e-01
-2.540935934144449293e-01
-2.540935934144449293e-01
-2.540935934144449293e-01
-1.293144908732853648e-01
-2.535693114709944851e-01
-1.287902089298347819e-01
-1.287902089298347819e-01
-1.287902089298347819e-01
-1.287902089298347819e-01
-1.287902089298347819e-01
-1.287902089298347819e-01
-1.287902089298347819e-01
-2.535693114709944851e-01
-1.293144908732853648e-01
-1.287902089298347819e-01
-2.540935934144410990e-01
-2.540935934144410990e-01
-2.540935934144410990e-01
-2.540935934144410990e-01
-2.540935934144410990e-01
-2.540935934144410990e-01
-2.540935934144410990e-01
-2.540935934144410990e-01
-6.661792009663399794e-01
-2.535693114709905993e-01
-6.656549190228895352e-01
-6.656549190228895352e-01
-6.656549190228895352e-01
-6.656549190228895352e-01
-6.656549190228895352e-01
-6.656549190228895352e-01
-6.656549190228895352e-01
-2.535693114709905993e-01
-6.661792009663399794e-01
-6.656549190228895352e-01
-2.540935934144410990e-01
-2.540935934144410990e-01
-2.540935934144410990e-01
-2.540935934144410990e-01
-2.540935934144410990e-01
-2.540935934144410990e-01
-2.540935934144410990e-01
-2.540935934144410990e-01
-6.220640211164914918e-02
8.197113233716717129e-02
2.738583236399592113e-01
2.738583236399592113e-01
2.738583236399592113e-01
2.738583236399592113e-01
2.738583236399592113e-01
2.738583236399592113e-01
2.738583236399592113e-01
8.197113233716717129e-02
-6.220640211164914918e-02
2.738583236399592113e-01
-2.540935934144449293e-01
-2.540935934144449293e-01
-2.540935934144449293e-01
-2.540935934144449293e-01
-2.540935934144449293e-01
-2.540935934144449293e-01
-2.540935934144449293e-01
-2.540935934144449293e-01
-6.220640211165292394e-02
-4.548935777558913984e-01
-2.630063864530994278e-01
-2.630063864530994278e-01
-2.630063864530994278e-01
-2.630063864530994278e-01
-2.630063864530994278e-01
-2.630063864530994278e-01
-2.630063864530994278e-01
-4.548935777558913984e-01
-6.220640211165292394e-02
-2.630063864530994278e-01
-2.540935934144449293e-01
-2.540935934144449293e-01
-2.540935934144449293e-01
-2.540935934144449293e-01
-2.540935934144449293e-01
-2.540935934144449293e-01
-2.540935934144449293e-01
-2.540935934144449293e-01
-3.306387571581822504e-01
-1.864612227093621621e-01
-2.630063864530994278e-01
-2.630063864530994278e-01
-2.630063864530994278e-01
-2.630063864530994278e-01
-2.630063864530994278e-01
-2.630063864530994278e-01
-2.630063864530994278e-01
-1.864612227093621621e-01
-3.306387571581822504e-01
-2.630063864530994278e-01
-2.540935934144410990e-01
-2.540935934144410990e-01
-2.540935934144410990e-01
-2.540935934144410990e-01
-2.540935934144410990e-01
-2.540935934144410990e-01
-2.540935934144410990e-01
-2.540935934144410990e-01
-3.306387571581783646e-01
-1.864612227093582764e-01
-2.630063864530955975e-01
-2.630063864530955975e-01
-2.630063864530955975e-01
-2.630063864530955975e-01
-2.630063864530955975e-01
-2.630063864530955975e-01
-2.630063864530955975e-01
-1.864612227093582764e-01
-3.306387571581783646e-01
-2.630063864530955975e-01
-1.198774158911802834e-01
-1.198774158911802834e-01
-1.198774158911802834e-01
-1.198774158911802834e-01
-1.198774158911802834e-01
-1.198774158911802834e-01
-1.198774158911802834e-01
-1.198774158911802834e-01
-6.220640211165292394e-02
-4.548935777558875126e-01
-3.972225639763602434e-01
-3.972225639763602434e-01
-3.972225639763602434e-01
-3.972225639763602434e-01
-3.972225639763602434e-01
-3.972225639763602434e-01
-3.972225639763602434e-01
-4.548935777558875126e-01
-6.220640211165292394e-02
-3.972225639763602434e-01
-1.198774158911802834e-01
-1.198774158911802834e-01
-1.198774158911802834e-01
-1.198774158911802834e-01
-1.198774158911802834e-01
-1.198774158911802834e-01
-1.198774158911802834e-01
-1.198774158911802834e-01
-5.990711122047076564e-01
8.197113233716339653e-02
-3.972225639763641292e-01
-3.972225639763641292e-01
-3.972225639763641292e-01
-3.972225639763641292e-01
-3.972225639763641292e-01
-3.972225639763641292e-01
-3.972225639763641292e-01
8.197113233716339653e-02
-5.990711122047076564e-01
-3.972225639763641292e-01
-1.198774158911764115e-01
-1.198774158911764115e-01
-1.198774158911764115e-01
-1.198774158911764115e-01
-1.198774158911764115e-01
-1.198774158911764115e-01
-1.198774158911764115e-01
-1.198774158911764115e-01
-3.306387571581783646e-01
-1.864612227093582764e-01
-3.972225639763602434e-01
-3.972225639763602434e-01
-3.972225639763602434e-01
-3.972225639763602434e-01
-3.972225639763602434e-01
-3.972225639763602434e-01
-3.972225639763602434e-01
-1.864612227093582764e-01
-3.306387571581783646e-01
-3.972225639763602434e-01
-1.198774158911802834e-01
-1.198774158911802834e-01
-1.198774158911802834e-01
-1.198774158911802834e-01
-1.198774158911802834e-01
-1.198774158911802834e-01
-1.198774158911802834e-01
-1.198774158911802834e-01
2.062259529348764164e-01
-1.864612227093621621e-01
1.396421461166945377e-01
1.396421461166945377e-01
1.396421461166945377e-01
1.396421461166945377e-01
1.396421461166945377e-01
1.396421461166945377e-01
1.396421461166945377e-01
-1.864612227093621621e-01
2.062259529348764164e-01
1.396421461166945377e-01
8.144685039371660218e-02
8.144685039371660218e-02
8.144685039371660218e-02
8.144685039371660218e-02
8.144685039371660218e-02
8.144685039371660218e-02
8.144685039371660218e-02
8.144685039371660218e-02
2.062259529348724196e-01
1.486304357553494375e-02
1.396421461166905686e-01
1.396421461166905686e-01
1.396421461166905686e-01
1.396421461166905686e-01
1.396421461166905686e-01
1.396421461166905686e-01
1.396421461166905686e-01
1.486304357553494375e-02
2.062259529348724196e-01
1.396421461166905686e-01
-4.554178596993380679e-01
-4.554178596993380679e-01
-4.554178596993380679e-01
-4.554178596993380679e-01
-4.554178596993380679e-01
-4.554178596993380679e-01
-4.554178596993380679e-01
-4.554178596993380679e-01
-3.306387571581783646e-01
-5.220016665175197801e-01
-3.972225639763602434e-01
-3.972225639763602434e-01
-3.972225639763602434e-01
-3.972225639763602434e-01
-3.972225639763602434e-01
-3.972225639763602434e-01
-3.972225639763602434e-01
-5.220016665175197801e-01
-3.306387571581783646e-01
-3.972225639763602434e-01
-4.554178596993380679e-01
-4.554178596993380679e-01
-4.554178596993380679e-01
-4.554178596993380679e-01
-4.554178596993380679e-01
-4.554178596993380679e-01
-4.554178596993380679e-01
-4.554178596993380679e-01
-5.990711122047076564e-01
1.486304357553494375e-02
-1.287902089298347819e-01
-1.287902089298347819e-01
-1.287902089298347819e-01
-1.287902089298347819e-01
-1.287902089298347819e-01
-1.287902089298347819e-01
-1.287902089298347819e-01
1.486304357553494375e-02
-5.990711122047076564e-01
-1.287902089298347819e-01
8.144685039371660218e-02
8.144685039371660218e-02
8.144685039371660218e-02
8.144685039371660218e-02
8.144685039371660218e-02
8.144685039371660218e-02
8.144685039371660218e-02
8.144685039371660218e-02
-6.220640211165292394e-02
1.486304357553494375e-02
-1.287902089298347819e-01
-1.287902089298347819e-01
-1.287902089298347819e-01
-1.287902089298347819e-01
-1.287902089298347819e-01
-1.287902089298347819e-01
-1.287902089298347819e-01
1.486304357553494375e-02
-6.220640211165292394e-02
-1.287902089298347819e-01
-4.554178596993380679e-01
-4.554178596993380679e-01
-4.554178596993380679e-01
-4.554178596993380679e-01
-4.554178596993380679e-01
-4.554178596993380679e-01
-4.554178596993380679e-01
-4.554178596993380679e-01
-3.306387571581783646e-01
-3.877854889942590200e-01
-2.630063864530994278e-01
-2.630063864530994278e-01
-2.630063864530994278e-01
-2.630063864530994278e-01
-2.630063864530994278e-01
-2.630063864530994278e-01
-2.630063864530994278e-01
-3.877854889942590200e-01
-3.306387571581783646e-01
-2.630063864530994278e-01
8.144685039371660218e-02
8.144685039371660218e-02
8.144685039371660218e-02
8.144685039371660218e-02
8.144685039371660218e-02
8.144685039371660218e-02
8.144685039371660218e-02
8.144685039371660218e-02
-3.306387571581822504e-01
1.490792210987996191e-01
-2.630063864530994278e-01
-2.630063864530994278e-01
-2.630063864530994278e-01
-2.630063864530994278e-01
-2.630063864530994278e-01
-2.630063864530994278e-01
-2.630063864530994278e-01
1.490792210987996191e-01
-3.306387571581822504e-01
-2.630063864530994278e-01
8.144685039371660218e-02
8.144685039371660218e-02
8.144685039371660218e-02
8.144685039371660218e-02
8.144685039371660218e-02
8.144685039371660218e-02
8.144685039371660218e-02
8.144685039371660218e-02
-6.220640211165292394e-02
-3.877854889942551897e-01
-5.314387414996248893e-01
-5.314387414996248893e-01
-5.314387414996248893e-01
-5.314387414996248893e-01
-5.314387414996248893e-01
-5.314387414996248893e-01
-5.314387414996248893e-01
-3.877854889942551897e-01
-6.220640211165292394e-02
-5.314387414996248893e-01
-4.554178596993419537e-01
-4.554178596993419537e-01
-4.554178596993419537e-01
-4.554178596993419537e-01
-4.554178596993419537e-01
-4.554178596993419537e-01
-4.554178596993419537e-01
-4.554178596993419537e-01
-6.220640211165292394e-02
-3.877854889942590200e-01
5.425968593429877918e-03
5.425968593429877918e-03
5.425968593429877918e-03
5.425968593429877918e-03
5.425968593429877918e-03
5.425968593429877918e-03
5.425968593429877918e-03
-3.877854889942590200e-01
-6.220640211165292394e-02
5.425968593429877918e-03
-4.554178596993380679e-01
-4.554178596993380679e-01
-4.554178596993380679e-01
-4.554178596993380679e-01
-4.554178596993380679e-01
-4.554178596993380679e-01
-4.554178596993380679e-01
-4.554178596993380679e-01
-4.648549346814430105e-01
-3.206774002326266970e-01
-3.301144752147318062e-01
-3.301144752147318062e-01
-3.301144752147318062e-01
-3.301144752147318062e-01
-3.301144752147318062e-01
-3.301144752147318062e-01
-3.301144752147318062e-01
-3.206774002326266970e-01
-4.648549346814430105e-01
-3.301144752147318062e-01
8.144685039371660218e-02
8.144685039371660218e-02
8.144685039371660218e-02
8.144685039371660218e-02
8.144685039371660218e-02
8.144685039371660218e-02
8.144685039371660218e-02
8.144685039371660218e-02
7.200977541161174278e-02
2.161873098604318311e-01
2.067502348783267774e-01
2.067502348783267774e-01
2.067502348783267774e-01
2.067502348783267774e-01
2.067502348783267774e-01
2.067502348783267774e-01
2.067502348783267774e-01
2.161873098604318311e-01
7.200977541161174278e-02
2.067502348783267774e-01
8.144685039371660218e-02
8.144685039371660218e-02
8.144685039371660218e-02
8.144685039371660218e-02
8.144685039371660218e-02
8.144685039371660218e-02
8.144685039371660218e-02
8.144685039371660218e-02
3.404421304581370933e-01
-3.206774002326228112e-01
-6.168212016820255605e-02
-6.168212016820255605e-02
-6.168212016820255605e-02
-6.168212016820255605e-02
-6.168212016820255605e-02
-6.168212016820255605e-02
-6.168212016820255605e-02
-3.206774002326228112e-01
3.404421304581370933e-01
-6.168212016820255605e-02
-4.554178596993419537e-01
-4.554178596993419537e-01
-4.554178596993419537e-01
-4.554178596993419537e-01
-4.554178596993419537e-01
-4.554178596993419537e-01
-4.554178596993419537e-01
-4.554178596993419537e-01
-1.964225796349176878e-01
-3.206774002326266970e-01
-6.168212016820255605e-02
-6.168212016820255605e-02
-6.168212016820255605e-02
-6.168212016820255605e-02
-6.168212016820255605e-02
-6.168212016820255605e-02
-6.168212016820255605e-02
-3.206774002326266970e-01
-1.964225796349176878e-01
-6.168212016820255605e-02
8.144685039371660218e-02
8.144685039371660218e-02
8.144685039371660218e-02
8.144685039371660218e-02
8.144685039371660218e-02
8.144685039371660218e-02
8.144685039371660218e-02
8.144685039371660218e-02
-6.220640211165292394e-02
-5.224504518609748849e-02
-1.958982976914671048e-01
-1.958982976914671048e-01
-1.958982976914671048e-01
-1.958982976914671048e-01
-1.958982976914671048e-01
-1.958982976914671048e-01
-1.958982976914671048e-01
-5.224504518609748849e-02
-6.220640211165292394e-02
-1.958982976914671048e-01
-4.554178596993419537e-01
-4.554178596993419537e-01
-4.554178596993419537e-01
-4.554178596993419537e-01
-4.554178596993419537e-01
-4.554178596993419537e-01
-4.554178596993419537e-01
-4.554178596993419537e-01
-6.220640211165292394e-02
-5.891097552791522141e-01
-1.958982976914632468e-01
-1.958982976914632468e-01
-1.958982976914632468e-01
-1.958982976914632468e-01
-1.958982976914632468e-01
-1.958982976914632468e-01
-1.958982976914632468e-01
-5.891097552791522141e-01
-6.220640211165292394e-02
-1.958982976914632468e-01
-4.554178596993380679e-01
-4.554178596993380679e-01
-4.554178596993380679e-01
-4.554178596993380679e-01
-4.554178596993380679e-01
-4.554178596993380679e-01
-4.554178596993380679e-01
-4.554178596993380679e-01
-3.306387571581783646e-01
-5.224504518609748849e-02
7.253405735506210372e-02
7.253405735506210372e-02
7.253405735506210372e-02
7.253405735506210372e-02
7.253405735506210372e-02
7.253405735506210372e-02
7.253405735506210372e-02
-5.224504518609748849e-02
-3.306387571581783646e-01
7.253405735506210372e-02
8.144685039371660218e-02
8.144685039371660218e-02
8.144685039371660218e-02
8.144685039371660218e-02
8.144685039371660218e-02
8.144685039371660218e-02
8.144685039371660218e-02
8.144685039371660218e-02
-3.306387571581822504e-01
-5.224504518609748849e-02
-4.643306527379964521e-01
-4.643306527379964521e-01
-4.643306527379964521e-01
-4.643306527379964521e-01
-4.643306527379964521e-01
-4.643306527379964521e-01
-4.643306527379964521e-01
-5.224504518609748849e-02
-3.306387571581822504e-01
-4.643306527379964521e-01
