3.104498594201850290e-03
3.104498594201850290e-03
3.104498594201850290e-03
-1.300631150421628357e-01
3.104498594201850290e-03
-5.839971883785088913e-02
3.104498594201850290e-03
3.104498594201850290e-03
3.104498594201850290e-03
3.104498594201850290e-03
-1.915673324742155625e-01
-1.915673324742155625e-01
-5.839971883785088913e-02
-1.915673324742155625e-01
-1.300631150421628357e-01
-1.915673324742155625e-01
-1.915673324742155625e-01
-1.915673324742155625e-01
-1.915673324742155625e-01
-1.915673324742155625e-01
-2.780576382380390843e-01
-2.780576382380390843e-01
-2.780576382380390843e-01
-1.300631150421628357e-01
-2.780576382380390843e-01
-5.839971883785088913e-02
-2.780576382380390843e-01
-2.780576382380390843e-01
-2.780576382380390843e-01
-2.780576382380390843e-01
8.959480435802545661e-02
8.959480435802545661e-02
-5.839971883785088913e-02
8.959480435802545661e-02
-1.300631150421628357e-01
8.959480435802545661e-02
8.959480435802545661e-02
8.959480435802545661e-02
8.959480435802545661e-02
8.959480435802545661e-02
3.104498594201850290e-03
3.104498594201850290e-03
3.104498594201850290e-03
1.051795337395767735e-02
3.104498594201850290e-03
-5.839971883785088913e-02
3.104498594201850290e-03
3.104498594201850290e-03
3.104498594201850290e-03
3.104498594201850290e-03
-5.098626405809505990e-02
-5.098626405809505990e-02
-5.839971883785088913e-02
-5.098626405809505990e-02
1.051795337395767735e-02
-5.098626405809505990e-02
-5.098626405809505990e-02
-5.098626405809505990e-02
-5.098626405809505990e-02
-5.098626405809505990e-02
3.104498594201850290e-03
3.104498594201850290e-03
3.104498594201850290e-03
1.051795337395767735e-02
3.104498594201850290e-03
-5.839971883785088913e-02
3.104498594201850290e-03
3.104498594201850290e-03
3.104498594201850290e-03
3.104498594201850290e-03
-5.098626405809505990e-02
-5.098626405809505990e-02
-5.839971883785088913e-02
-5.098626405809505990e-02
1.051795337395767735e-02
-5.098626405809505990e-02
-5.098626405809505990e-02
-5.098626405809505990e-02
-5.098626405809505990e-02
-5.098626405809505990e-02
3.104498594201850290e-03
3.104498594201850290e-03
3.104498594201850290e-03
8.080848758201783499e-02
3.104498594201850290e-03
1.189081537020947321e-02
3.104498594201850290e-03
3.104498594201850290e-03
3.104498594201850290e-03
3.104498594201850290e-03
8.959480435802545661e-02
8.959480435802545661e-02
1.189081537020947321e-02
8.959480435802545661e-02
8.080848758201783499e-02
8.959480435802545661e-02
8.959480435802545661e-02
8.959480435802545661e-02
8.959480435802545661e-02
8.959480435802545661e-02
3.104498594201850290e-03
3.104498594201850290e-03
3.104498594201850290e-03
8.080848758201783499e-02
3.104498594201850290e-03
1.189081537020947321e-02
3.104498594201850290e-03
3.104498594201850290e-03
3.104498594201850290e-03
3.104498594201850290e-03
8.959480435802545661e-02
8.959480435802545661e-02
1.189081537020947321e-02
8.959480435802545661e-02
8.080848758201783499e-02
8.959480435802545661e-02
8.959480435802545661e-02
8.959480435802545661e-02
8.959480435802545661e-02
8.959480435802545661e-02
-1.374765698219185539e-01
-1.374765698219185539e-01
-1.374765698219185539e-01
-5.977258083410268152e-02
-1.374765698219185539e-01
1.189081537020947321e-02
-1.374765698219185539e-01
-1.374765698219185539e-01
-1.374765698219185539e-01
-1.374765698219185539e-01
8.959480435802545661e-02
8.959480435802545661e-02
1.189081537020947321e-02
8.959480435802545661e-02
-5.977258083410268152e-02
8.959480435802545661e-02
8.959480435802545661e-02
8.959480435802545661e-02
8.959480435802545661e-02
8.959480435802545661e-02
1.300100310450242047e-01
1.300100310450242047e-01
1.300100310450242047e-01
-5.977258083410268152e-02
1.300100310450242047e-01
1.189081537020947321e-02
1.300100310450242047e-01
1.300100310450242047e-01
1.436855670103223681e-01
1.300100310450242047e-01
-1.915673324742155625e-01
-1.915673324742155625e-01
1.189081537020947321e-02
-1.915673324742155625e-01
-5.977258083410268152e-02
-1.915673324742155625e-01
-1.915673324742155625e-01
-1.915673324742155625e-01
-1.915673324742155625e-01
-1.915673324742155625e-01
-1.374765698219185539e-01
-1.374765698219185539e-01
-1.374765698219185539e-01
-2.706441834582833383e-01
-1.374765698219185539e-01
1.189081537020947321e-02
-1.374765698219185539e-01
-1.374765698219185539e-01
-1.374765698219185539e-01
-1.374765698219185539e-01
-1.212767982661553112e-01
-1.212767982661553112e-01
1.189081537020947321e-02
-1.212767982661553112e-01
-2.706441834582833383e-01
-1.212767982661553112e-01
-1.212767982661553112e-01
-1.212767982661553112e-01
-1.212767982661553112e-01
-1.212767982661553112e-01
1.436855670103223681e-01
1.436855670103223681e-01
1.436855670103223681e-01
1.051795337395767735e-02
1.436855670103223681e-01
1.189081537020947321e-02
1.436855670103223681e-01
1.436855670103223681e-01
1.436855670103223681e-01
1.436855670103223681e-01
-1.212767982661553112e-01
-1.212767982661553112e-01
1.189081537020947321e-02
-1.212767982661553112e-01
1.051795337395767735e-02
-1.212767982661553112e-01
-1.212767982661553112e-01
-1.212767982661553112e-01
-1.212767982661553112e-01
-1.212767982661553112e-01
3.104498594201850290e-03
3.104498594201850290e-03
3.104498594201850290e-03
1.510990217900781973e-01
3.104498594201850290e-03
1.189081537020947321e-02
3.104498594201850290e-03
3.104498594201850290e-03
3.104498594201850290e-03
3.104498594201850290e-03
1.598853385660856108e-01
1.598853385660856108e-01
1.189081537020947321e-02
1.598853385660856108e-01
1.510990217900781973e-01
1.598853385660856108e-01
1.598853385660856108e-01
1.598853385660856108e-01
1.598853385660856108e-01
1.598853385660856108e-01
3.104498594201850290e-03
3.104498594201850290e-03
3.104498594201850290e-03
-1.300631150421628357e-01
3.104498594201850290e-03
1.189081537020947321e-02
3.104498594201850290e-03
3.104498594201850290e-03
3.104498594201850290e-03
3.104498594201850290e-03
-1.212767982661553112e-01
-1.212767982661553112e-01
1.189081537020947321e-02
-1.212767982661553112e-01
-1.300631150421628357e-01
-1.212767982661553112e-01
-1.212767982661553112e-01
-1.212767982661553112e-01
-1.212767982661553112e-01
-1.212767982661553112e-01
7.339503280226221393e-02
7.339503280226221393e-02
7.339503280226221393e-02
-5.977258083410268152e-02
7.339503280226221393e-02
-5.839971883785088913e-02
7.339503280226221393e-02
7.339503280226221393e-02
7.339503280226221393e-02
7.339503280226221393e-02
-1.915673324742155625e-01
-1.915673324742155625e-01
-5.839971883785088913e-02
-1.915673324742155625e-01
-5.977258083410268152e-02
-1.915673324742155625e-01
-1.915673324742155625e-01
-1.915673324742155625e-01
-1.915673324742155625e-01
-1.915673324742155625e-01
7.339503280225805060e-02
7.339503280225805060e-02
7.339503280225805060e-02
7.729213038898116728e-02
7.339503280225805060e-02
-5.839971883785088913e-02
7.339503280225805060e-02
7.339503280225805060e-02
7.339503280225805060e-02
7.339503280225805060e-02
8.959480435802545661e-02
8.959480435802545661e-02
-5.839971883785088913e-02
8.959480435802545661e-02
2.213895559981343963e-01
8.959480435802545661e-02
8.959480435802545661e-02
7.729213038898116728e-02
8.959480435802545661e-02
8.959480435802545661e-02
7.339503280226221393e-02
7.339503280226221393e-02
7.339503280226221393e-02
8.080848758201783499e-02
7.339503280226221393e-02
-5.839971883785088913e-02
7.339503280226221393e-02
7.339503280226221393e-02
7.339503280226221393e-02
7.339503280226221393e-02
-5.098626405809505990e-02
-5.098626405809505990e-02
-5.839971883785088913e-02
-5.098626405809505990e-02
8.080848758201783499e-02
-5.098626405809505990e-02
-5.098626405809505990e-02
-5.098626405809505990e-02
-5.098626405809505990e-02
-5.098626405809505990e-02
-2.077671040299788052e-01
-2.077671040299788052e-01
-2.077671040299788052e-01
-2.003536492502230870e-01
-2.077671040299788052e-01
-5.839971883785088913e-02
-2.077671040299788052e-01
-2.077671040299788052e-01
-2.077671040299788052e-01
-2.077671040299788052e-01
-5.098626405809505990e-02
-5.098626405809505990e-02
-5.839971883785088913e-02
-5.098626405809505990e-02
-2.003536492502230870e-01
-5.098626405809505990e-02
-5.098626405809505990e-02
-5.098626405809505990e-02
-5.098626405809505990e-02
-5.098626405809505990e-02
1.563689813730468614e-01
1.563689813730468614e-01
1.563689813730468614e-01
4.566322047798775097e-02
1.563689813730468614e-01
1.563689813730468614e-01
1.563689813730468614e-01
1.563689813730468614e-01
9.102075035149308213e-02
1.563689813730468614e-01
9.102075035149308213e-02
9.102075035149308213e-02
9.102075035149308213e-02
9.102075035149308213e-02
4.566322047798775097e-02
9.102075035149308213e-02
9.102075035149308213e-02
1.071674379100363284e-01
9.102075035149308213e-02
9.102075035149308213e-02
-1.023313027178884838e-01
-1.023313027178884838e-01
-1.023313027178884838e-01
4.566322047798775097e-02
-1.023313027178884838e-01
-4.082708528583563895e-02
-1.023313027178884838e-01
-1.023313027178884838e-01
-1.023313027178884838e-01
-1.023313027178884838e-01
1.071674379100404917e-01
1.071674379100404917e-01
-4.082708528583563895e-02
1.071674379100404917e-01
4.566322047798775097e-02
1.071674379100404917e-01
1.071674379100404917e-01
1.071674379100404917e-01
1.071674379100404917e-01
1.071674379100404917e-01
-1.023313027178884838e-01
-1.023313027178884838e-01
-1.023313027178884838e-01
-9.491784793813275167e-02
-1.023313027178884838e-01
9.975398313028466246e-02
-1.023313027178884838e-01
-1.023313027178884838e-01
-1.023313027178884838e-01
-1.023313027178884838e-01
1.071674379100404917e-01
1.071674379100404917e-01
9.975398313028466246e-02
1.071674379100404917e-01
-9.491784793813275167e-02
1.071674379100404917e-01
1.071674379100404917e-01
1.071674379100404917e-01
1.071674379100404917e-01
1.071674379100404917e-01
-1.023313027178884838e-01
-1.023313027178884838e-01
-1.023313027178884838e-01
-9.491784793813275167e-02
-1.023313027178884838e-01
-1.814081537019562596e-01
-1.023313027178884838e-01
-1.023313027178884838e-01
-1.023313027178884838e-01
-1.023313027178884838e-01
-1.739946989222005413e-01
-1.739946989222005413e-01
-1.814081537019562596e-01
-1.739946989222005413e-01
-9.491784793813275167e-02
-1.739946989222005413e-01
-1.739946989222005413e-01
-1.739946989222005413e-01
-1.739946989222005413e-01
-1.739946989222005413e-01
-3.204076850982822550e-02
-3.204076850982822550e-02
-3.204076850982822550e-02
-9.491784793813275167e-02
-3.204076850982822550e-02
-1.111176194938959944e-01
-3.204076850982822550e-02
-3.204076850982822550e-02
-3.204076850982822550e-02
-3.204076850982822550e-02
-1.739946989222005413e-01
-1.739946989222005413e-01
-1.111176194938959944e-01
-1.739946989222005413e-01
-9.491784793813275167e-02
-1.739946989222005413e-01
-1.739946989222005413e-01
-1.739946989222005413e-01
-1.739946989222005413e-01
-1.739946989222005413e-01
-3.204076850982822550e-02
-3.204076850982822550e-02
-3.204076850982822550e-02
-9.491784793813275167e-02
-3.204076850982822550e-02
1.212237142690167774e-01
-3.204076850982822550e-02
-3.204076850982822550e-02
-3.204076850982822550e-02
-3.204076850982822550e-02
1.071674379100404917e-01
1.071674379100404917e-01
1.700445173383450248e-01
1.071674379100404917e-01
-9.491784793813275167e-02
1.071674379100404917e-01
1.071674379100404917e-01
1.071674379100404917e-01
1.071674379100404917e-01
1.071674379100404917e-01
-1.726218369259487351e-01
-1.726218369259487351e-01
-1.726218369259487351e-01
4.566322047798775097e-02
-1.726218369259487351e-01
-2.516986879100164831e-01
-1.726218369259487351e-01
-1.726218369259487351e-01
-1.726218369259487351e-01
-1.726218369259487351e-01
-3.341363050608001789e-02
-3.341363050608001789e-02
-2.516986879100164831e-01
-3.341363050608001789e-02
4.566322047798775097e-02
-3.341363050608001789e-02
-3.341363050608001789e-02
-3.341363050608001789e-02
-3.341363050608001789e-02
-3.341363050608001789e-02
1.085402999062922841e-01
1.085402999062922841e-01
1.085402999062922841e-01
4.566322047798775097e-02
1.085402999062922841e-01
2.946344892222451176e-02
1.085402999062922841e-01
1.085402999062922841e-01
1.085402999062922841e-01
1.085402999062922841e-01
-3.341363050608001789e-02
-3.341363050608001789e-02
2.946344892222451176e-02
-3.341363050608001789e-02
4.566322047798775097e-02
-3.341363050608001789e-02
-3.341363050608001789e-02
-3.341363050608001789e-02
-3.341363050608001789e-02
-3.341363050608001789e-02
-2.077671040299788052e-01
-2.077671040299788052e-01
-2.077671040299788052e-01
-9.491784793813275167e-02
-2.077671040299788052e-01
-2.868439550140465810e-01
-2.077671040299788052e-01
-2.077671040299788052e-01
-2.077671040299788052e-01
-2.077671040299788052e-01
-1.739946989222005413e-01
-1.739946989222005413e-01
-2.868439550140465810e-01
-1.739946989222005413e-01
-9.491784793813275167e-02
-1.739946989222005413e-01
-1.739946989222005413e-01
-1.739946989222005413e-01
-1.739946989222005413e-01
-1.739946989222005413e-01
7.339503280226221393e-02
7.339503280226221393e-02
7.339503280226221393e-02
1.387963478210318125e-01
7.339503280226221393e-02
-5.681818181805564465e-03
7.339503280226221393e-02
7.339503280226221393e-02
7.339503280226221393e-02
7.339503280226221393e-02
1.071674379100404917e-01
1.071674379100404917e-01
-5.681818181805564465e-03
1.071674379100404917e-01
1.437386510075363277e-01
1.071674379100404917e-01
1.071674379100404917e-01
1.071674379100404917e-01
1.071674379100404917e-01
1.071674379100404917e-01
-6.718603561385830258e-02
-6.718603561385830258e-02
-6.718603561385830258e-02
4.566322047798775097e-02
-6.718603561385830258e-02
-1.462628865979260784e-01
-6.718603561385830258e-02
-6.718603561385830258e-02
-6.718603561385830258e-02
-6.718603561385830258e-02
-3.341363050608001789e-02
-3.341363050608001789e-02
-1.462628865979260784e-01
-3.341363050608001789e-02
4.566322047798775097e-02
-3.341363050608001789e-02
-3.341363050608001789e-02
-3.341363050608001789e-02
-3.341363050608001789e-02
-3.341363050608001789e-02
-6.718603561385830258e-02
-6.718603561385830258e-02
-6.718603561385830258e-02
-2.354989163542532682e-01
-6.718603561385830258e-02
1.348992502343149547e-01
-6.718603561385830258e-02
-6.718603561385830258e-02
-6.718603561385830258e-02
-6.718603561385830258e-02
-3.341363050608001789e-02
-3.341363050608001789e-02
1.348992502343149547e-01
-3.341363050608001789e-02
-2.354989163542532682e-01
-3.341363050608001789e-02
-3.341363050608001789e-02
-3.341363050608001789e-02
-3.341363050608001789e-02
-3.341363050608001789e-02
-6.718603561385830258e-02
-6.718603561385830258e-02
-6.718603561385830258e-02
-2.354989163542532682e-01
-6.718603561385830258e-02
6.460871602625459231e-02
-6.718603561385830258e-02
-6.718603561385830258e-02
-6.718603561385830258e-02
-6.718603561385830258e-02
-1.037041647141402761e-01
-1.037041647141402761e-01
6.460871602625459231e-02
-1.037041647141402761e-01
-2.354989163542532682e-01
-1.037041647141402761e-01
-1.037041647141402761e-01
-1.037041647141402761e-01
-1.037041647141402761e-01
-1.037041647141402761e-01
-6.718603561385830258e-02
-6.718603561385830258e-02
-6.718603561385830258e-02
4.566322047798775097e-02
-6.718603561385830258e-02
-2.165534208059863297e-01
-6.718603561385830258e-02
-6.718603561385830258e-02
-6.718603561385830258e-02
-6.718603561385830258e-02
-1.037041647141402761e-01
-1.037041647141402761e-01
-2.165534208059863297e-01
-1.037041647141402761e-01
4.566322047798775097e-02
-1.037041647141402761e-01
-1.037041647141402761e-01
-1.037041647141402761e-01
-1.037041647141402761e-01
-1.037041647141402761e-01
2.139761012183827305e-01
2.139761012183827305e-01
2.139761012183827305e-01
1.862442888941082675e-01
2.139761012183827305e-01
2.051897844423750950e-01
2.139761012183827305e-01
2.139761012183827305e-01
1.788839181115663979e-01
2.139761012183827305e-01
1.774579721181006320e-01
1.774579721181006320e-01
1.788839181115663979e-01
1.774579721181006320e-01
1.788839181115663979e-01
1.774579721181006320e-01
1.774579721181006320e-01
1.774579721181006320e-01
1.774579721181006320e-01
1.774579721181006320e-01
-6.718603561385830258e-02
-6.718603561385830258e-02
-6.718603561385830258e-02
-9.491784793813275167e-02
-6.718603561385830258e-02
-7.597235238986581318e-02
-6.718603561385830258e-02
-6.718603561385830258e-02
-6.718603561385830258e-02
-6.718603561385830258e-02
-1.037041647141402761e-01
-1.037041647141402761e-01
-7.597235238986581318e-02
-1.037041647141402761e-01
-9.491784793813275167e-02
-1.037041647141402761e-01
-1.037041647141402761e-01
-1.037041647141402761e-01
-1.037041647141402761e-01
-1.037041647141402761e-01
