8.039076923079659098e-02
-7.933846153843281124e-02
-7.933846153843281124e-02
-1.942615384615097307e-01
-3.340523076922836121e-01
-7.933846153843596150e-02
-2.390676923076637261e-01
-7.933846153843281124e-02
-1.942615384615097307e-01
-1.942615384615097307e-01
-1.942615384615112295e-01
-7.933846153843446269e-02
-7.933846153843446269e-02
8.039076923079659098e-02
-7.933846153843596150e-02
-2.708769230768975356e-01
-2.708769230768975356e-01
-1.443784615384325898e-01
-9.516923076898655895e-03
-1.559538461538206022e-01
-1.858246153845894422e-01
-1.858246153845894422e-01
-3.455538461538237849e-01
-4.272461538461330144e-01
-2.874553846153574121e-01
-1.865446153845864985e-01
-1.865446153845864985e-01
-6.004615384612472379e-02
8.810769230772144689e-02
-5.832923076920542432e-02
-3.552092307692053530e-01
-4.817076923076702988e-01
-4.000153846153642889e-01
-2.535784615384357732e-01
-2.535784615384357732e-01
-2.047661538461290065e-01
-5.832923076920214916e-02
8.810769230772144689e-02
-6.004615384612472379e-02
-6.004615384612472379e-02
