2.850000000000000089e+00 2.658999999999999808e+00 4.958333333333333037e+00 3.877000000000000224e+00
2.850000000000000089e+00 2.658999999999999808e+00 4.825000000000000178e+00 3.877000000000000224e+00
2.716666666666666785e+00 2.658999999999999808e+00 4.825000000000000178e+00 3.877000000000000224e+00
2.716666666666666785e+00 2.658999999999999808e+00 4.825000000000000178e+00 3.743666666666666920e+00
2.716666666666666785e+00 2.792333333333333112e+00 4.825000000000000178e+00 3.743666666666666920e+00
2.716666666666666785e+00 2.858999999999999986e+00 4.891666666666666607e+00 3.810333333333333350e+00
2.716666666666666785e+00 2.858999999999999986e+00 5.024999999999999467e+00 3.810333333333333350e+00
2.850000000000000089e+00 2.858999999999999986e+00 5.024999999999999467e+00 3.810333333333333350e+00
2.850000000000000089e+00 2.858999999999999986e+00 5.024999999999999467e+00 3.677000000000000046e+00
2.850000000000000089e+00 2.725666666666666682e+00 5.024999999999999467e+00 3.677000000000000046e+00
