2.739058593749999826e+00 2.754058593749999950e+00 1.347291015625000021e+01 3.776472656250000171e+00 2.761285156250000039e+00 2.188769531249999734e+00 3.766667968750000206e+00 1.557849609374999922e+01 3.434487109375000102e+01 2.381855468749999982e+00 1.348787109374999993e+01 2.066855468750000036e+00 3.434526171875000244e+01 3.770535156250000242e+00 1.556029296874999979e+01
2.773277343749999790e+00 2.754058593749999950e+00 1.347291015625000021e+01 3.776472656250000171e+00 2.761285156250000039e+00 2.188769531249999734e+00 3.766667968750000206e+00 1.557849609374999922e+01 3.434487109375000102e+01 2.381855468749999982e+00 1.348787109374999993e+01 2.066855468750000036e+00 3.434526171875000244e+01 3.770535156250000242e+00 1.556029296874999979e+01
2.739058593749999826e+00 2.773199218749999861e+00 1.347291015625000021e+01 3.776472656250000171e+00 2.761285156250000039e+00 2.188769531249999734e+00 3.766667968750000206e+00 1.557849609374999922e+01 3.434487109375000102e+01 2.381855468749999982e+00 1.348787109374999993e+01 2.066855468750000036e+00 3.434526171875000244e+01 3.770535156250000242e+00 1.556029296874999979e+01
2.739058593749999826e+00 2.754058593749999950e+00 1.346291015625000043e+01 3.776472656250000171e+00 2.761285156250000039e+00 2.188769531249999734e+00 3.766667968750000206e+00 1.557849609374999922e+01 3.434487109375000102e+01 2.381855468749999982e+00 1.348787109374999993e+01 2.066855468750000036e+00 3.434526171875000244e+01 3.770535156250000242e+00 1.556029296874999979e+01
2.739058593749999826e+00 2.754058593749999950e+00 1.347291015625000021e+01 3.778542968750000064e+00 2.761285156250000039e+00 2.188769531249999734e+00 3.766667968750000206e+00 1.557849609374999922e+01 3.434487109375000102e+01 2.381855468749999982e+00 1.348787109374999993e+01 2.066855468750000036e+00 3.434526171875000244e+01 3.770535156250000242e+00 1.556029296874999979e+01
2.739058593749999826e+00 2.754058593749999950e+00 1.347291015625000021e+01 3.776472656250000171e+00 2.752847656249999719e+00 2.188769531249999734e+00 3.766667968750000206e+00 1.557849609374999922e+01 3.434487109375000102e+01 2.381855468749999982e+00 1.348787109374999993e+01 2.066855468750000036e+00 3.434526171875000244e+01 3.770535156250000242e+00 1.556029296874999979e+01
2.739058593749999826e+00 2.754058593749999950e+00 1.347291015625000021e+01 3.776472656250000171e+00 2.761285156250000039e+00 2.175996093749999805e+00 3.766667968750000206e+00 1.557849609374999922e+01 3.434487109375000102e+01 2.381855468749999982e+00 1.348787109374999993e+01 2.066855468750000036e+00 3.434526171875000244e+01 3.770535156250000242e+00 1.556029296874999979e+01
2.739058593749999826e+00 2.754058593749999950e+00 1.347291015625000021e+01 3.776472656250000171e+00 2.761285156250000039e+00 2.188769531249999734e+00 3.761902343750000099e+00 1.557849609374999922e+01 3.434487109375000102e+01 2.381855468749999982e+00 1.348787109374999993e+01 2.066855468750000036e+00 3.434526171875000244e+01 3.770535156250000242e+00 1.556029296874999979e+01
2.739058593749999826e+00 2.754058593749999950e+00 1.347291015625000021e+01 3.776472656250000171e+00 2.761285156250000039e+00 2.188769531249999734e+00 3.766667968750000206e+00 1.558802734374999943e+01 3.434487109375000102e+01 2.381855468749999982e+00 1.348787109374999993e+01 2.066855468750000036e+00 3.434526171875000244e+01 3.770535156250000242e+00 1.556029296874999979e+01
2.739058593749999826e+00 2.754058593749999950e+00 1.347291015625000021e+01 3.776472656250000171e+00 2.761285156250000039e+00 2.188769531249999734e+00 3.766667968750000206e+00 1.557849609374999922e+01 3.433713671875000273e+01 2.381855468749999982e+00 1.348787109374999993e+01 2.066855468750000036e+00 3.434526171875000244e+01 3.770535156250000242e+00 1.556029296874999979e+01
2.739058593749999826e+00 2.754058593749999950e+00 1.347291015625000021e+01 3.776472656250000171e+00 2.761285156250000039e+00 2.188769531249999734e+00 3.766667968750000206e+00 1.557849609374999922e+01 3.434487109375000102e+01 2.387246093749999964e+00 1.348787109374999993e+01 2.066855468750000036e+00 3.434526171875000244e+01 3.770535156250000242e+00 1.556029296874999979e+01
2.739058593749999826e+00 2.754058593749999950e+00 1.347291015625000021e+01 3.776472656250000171e+00 2.761285156250000039e+00 2.188769531249999734e+00 3.766667968750000206e+00 1.557849609374999922e+01 3.434487109375000102e+01 2.381855468749999982e+00 1.346275390625000057e+01 2.066855468750000036e+00 3.434526171875000244e+01 3.770535156250000242e+00 1.556029296874999979e+01
2.739058593749999826e+00 2.754058593749999950e+00 1.347291015625000021e+01 3.776472656250000171e+00 2.761285156250000039e+00 2.188769531249999734e+00 3.766667968750000206e+00 1.557849609374999922e+01 3.434487109375000102e+01 2.381855468749999982e+00 1.348787109374999993e+01 2.060410156249999680e+00 3.434526171875000244e+01 3.770535156250000242e+00 1.556029296874999979e+01
2.739058593749999826e+00 2.754058593749999950e+00 1.347291015625000021e+01 3.776472656250000171e+00 2.761285156250000039e+00 2.188769531249999734e+00 3.766667968750000206e+00 1.557849609374999922e+01 3.434487109375000102e+01 2.381855468749999982e+00 1.348787109374999993e+01 2.066855468750000036e+00 3.435057421875000472e+01 3.770535156250000242e+00 1.556029296874999979e+01
2.739058593749999826e+00 2.754058593749999950e+00 1.347291015625000021e+01 3.776472656250000171e+00 2.761285156250000039e+00 2.188769531249999734e+00 3.766667968750000206e+00 1.557849609374999922e+01 3.434487109375000102e+01 2.381855468749999982e+00 1.348787109374999993e+01 2.066855468750000036e+00 3.434526171875000244e+01 3.769597656250000206e+00 1.556029296874999979e+01
2.739058593749999826e+00 2.754058593749999950e+00 1.347291015625000021e+01 3.776472656250000171e+00 2.761285156250000039e+00 2.188769531249999734e+00 3.766667968750000206e+00 1.557849609374999922e+01 3.434487109375000102e+01 2.381855468749999982e+00 1.348787109374999993e+01 2.066855468750000036e+00 3.434526171875000244e+01 3.770535156250000242e+00 1.555673828125000036e+01
2.739058593749999826e+00 2.773199218749999861e+00 1.346291015625000043e+01 3.778542968750000064e+00 2.752847656249999719e+00 2.175996093749999805e+00 3.761902343750000099e+00 1.558802734374999943e+01 3.433713671875000273e+01 2.387246093749999964e+00 1.346275390625000057e+01 2.060410156249999680e+00 3.435057421875000472e+01 3.769597656250000206e+00 1.555673828125000036e+01
2.773277343749999790e+00 2.754058593749999950e+00 1.346291015625000043e+01 3.778542968750000064e+00 2.752847656249999719e+00 2.175996093749999805e+00 3.761902343750000099e+00 1.558802734374999943e+01 3.433713671875000273e+01 2.387246093749999964e+00 1.346275390625000057e+01 2.060410156249999680e+00 3.435057421875000472e+01 3.769597656250000206e+00 1.555673828125000036e+01
2.773277343749999790e+00 2.773199218749999861e+00 1.347291015625000021e+01 3.778542968750000064e+00 2.752847656249999719e+00 2.175996093749999805e+00 3.761902343750000099e+00 1.558802734374999943e+01 3.433713671875000273e+01 2.387246093749999964e+00 1.346275390625000057e+01 2.060410156249999680e+00 3.435057421875000472e+01 3.769597656250000206e+00 1.555673828125000036e+01
2.773277343749999790e+00 2.773199218749999861e+00 1.346291015625000043e+01 3.776472656250000171e+00 2.752847656249999719e+00 2.175996093749999805e+00 3.761902343750000099e+00 1.558802734374999943e+01 3.433713671875000273e+01 2.387246093749999964e+00 1.346275390625000057e+01 2.060410156249999680e+00 3.435057421875000472e+01 3.769597656250000206e+00 1.555673828125000036e+01
2.773277343749999790e+00 2.773199218749999861e+00 1.346291015625000043e+01 3.778542968750000064e+00 2.761285156250000039e+00 2.175996093749999805e+00 3.761902343750000099e+00 1.558802734374999943e+01 3.433713671875000273e+01 2.387246093749999964e+00 1.346275390625000057e+01 2.060410156249999680e+00 3.435057421875000472e+01 3.769597656250000206e+00 1.555673828125000036e+01
2.773277343749999790e+00 2.773199218749999861e+00 1.346291015625000043e+01 3.778542968750000064e+00 2.752847656249999719e+00 2.188769531249999734e+00 3.761902343750000099e+00 1.558802734374999943e+01 3.433713671875000273e+01 2.387246093749999964e+00 1.346275390625000057e+01 2.060410156249999680e+00 3.435057421875000472e+01 3.769597656250000206e+00 1.555673828125000036e+01
2.773277343749999790e+00 2.773199218749999861e+00 1.346291015625000043e+01 3.778542968750000064e+00 2.752847656249999719e+00 2.175996093749999805e+00 3.766667968750000206e+00 1.558802734374999943e+01 3.433713671875000273e+01 2.387246093749999964e+00 1.346275390625000057e+01 2.060410156249999680e+00 3.435057421875000472e+01 3.769597656250000206e+00 1.555673828125000036e+01
2.773277343749999790e+00 2.773199218749999861e+00 1.346291015625000043e+01 3.778542968750000064e+00 2.752847656249999719e+00 2.175996093749999805e+00 3.761902343750000099e+00 1.557849609374999922e+01 3.433713671875000273e+01 2.387246093749999964e+00 1.346275390625000057e+01 2.060410156249999680e+00 3.435057421875000472e+01 3.769597656250000206e+00 1.555673828125000036e+01
2.773277343749999790e+00 2.773199218749999861e+00 1.346291015625000043e+01 3.778542968750000064e+00 2.752847656249999719e+00 2.175996093749999805e+00 3.761902343750000099e+00 1.558802734374999943e+01 3.434487109375000102e+01 2.387246093749999964e+00 1.346275390625000057e+01 2.060410156249999680e+00 3.435057421875000472e+01 3.769597656250000206e+00 1.555673828125000036e+01
2.773277343749999790e+00 2.773199218749999861e+00 1.346291015625000043e+01 3.778542968750000064e+00 2.752847656249999719e+00 2.175996093749999805e+00 3.761902343750000099e+00 1.558802734374999943e+01 3.433713671875000273e+01 2.381855468749999982e+00 1.346275390625000057e+01 2.060410156249999680e+00 3.435057421875000472e+01 3.769597656250000206e+00 1.555673828125000036e+01
2.773277343749999790e+00 2.773199218749999861e+00 1.346291015625000043e+01 3.778542968750000064e+00 2.752847656249999719e+00 2.175996093749999805e+00 3.761902343750000099e+00 1.558802734374999943e+01 3.433713671875000273e+01 2.387246093749999964e+00 1.348787109374999993e+01 2.060410156249999680e+00 3.435057421875000472e+01 3.769597656250000206e+00 1.555673828125000036e+01
2.773277343749999790e+00 2.773199218749999861e+00 1.346291015625000043e+01 3.778542968750000064e+00 2.752847656249999719e+00 2.175996093749999805e+00 3.761902343750000099e+00 1.558802734374999943e+01 3.433713671875000273e+01 2.387246093749999964e+00 1.346275390625000057e+01 2.066855468750000036e+00 3.435057421875000472e+01 3.769597656250000206e+00 1.555673828125000036e+01
2.773277343749999790e+00 2.773199218749999861e+00 1.346291015625000043e+01 3.778542968750000064e+00 2.752847656249999719e+00 2.175996093749999805e+00 3.761902343750000099e+00 1.558802734374999943e+01 3.433713671875000273e+01 2.387246093749999964e+00 1.346275390625000057e+01 2.060410156249999680e+00 3.434526171875000244e+01 3.769597656250000206e+00 1.555673828125000036e+01
2.773277343749999790e+00 2.773199218749999861e+00 1.346291015625000043e+01 3.778542968750000064e+00 2.752847656249999719e+00 2.175996093749999805e+00 3.761902343750000099e+00 1.558802734374999943e+01 3.433713671875000273e+01 2.387246093749999964e+00 1.346275390625000057e+01 2.060410156249999680e+00 3.435057421875000472e+01 3.770535156250000242e+00 1.555673828125000036e+01
2.773277343749999790e+00 2.773199218749999861e+00 1.346291015625000043e+01 3.778542968750000064e+00 2.752847656249999719e+00 2.175996093749999805e+00 3.761902343750000099e+00 1.558802734374999943e+01 3.433713671875000273e+01 2.387246093749999964e+00 1.346275390625000057e+01 2.060410156249999680e+00 3.435057421875000472e+01 3.769597656250000206e+00 1.556029296874999979e+01
2.773277343749999790e+00 2.773199218749999861e+00 1.346291015625000043e+01 3.778542968750000064e+00 2.752847656249999719e+00 2.175996093749999805e+00 3.761902343750000099e+00 1.558802734374999943e+01 3.433713671875000273e+01 2.387246093749999964e+00 1.346275390625000057e+01 2.060410156249999680e+00 3.435057421875000472e+01 3.769597656250000206e+00 1.555673828125000036e+01
2.759058593749999844e+00 2.774058593749999968e+00 1.349291015624999979e+01 3.796472656250000188e+00 2.741285156250000021e+00 2.168769531249999716e+00 3.786667968750000224e+00 1.555849609374999964e+01 3.432487109374999790e+01 2.361855468749999964e+00 1.346787109375000036e+01 2.046855468750000018e+00 3.432526171874999932e+01 3.790535156250000259e+00 1.558029296874999936e+01
2.753277343749999773e+00 2.774058593749999968e+00 1.349291015624999979e+01 3.796472656250000188e+00 2.741285156250000021e+00 2.168769531249999716e+00 3.786667968750000224e+00 1.555849609374999964e+01 3.432487109374999790e+01 2.361855468749999964e+00 1.346787109375000036e+01 2.046855468750000018e+00 3.432526171874999932e+01 3.790535156250000259e+00 1.558029296874999936e+01
2.759058593749999844e+00 2.753199218749999844e+00 1.349291015624999979e+01 3.796472656250000188e+00 2.741285156250000021e+00 2.168769531249999716e+00 3.786667968750000224e+00 1.555849609374999964e+01 3.432487109374999790e+01 2.361855468749999964e+00 1.346787109375000036e+01 2.046855468750000018e+00 3.432526171874999932e+01 3.790535156250000259e+00 1.558029296874999936e+01
2.759058593749999844e+00 2.774058593749999968e+00 1.348291015625000000e+01 3.796472656250000188e+00 2.741285156250000021e+00 2.168769531249999716e+00 3.786667968750000224e+00 1.555849609374999964e+01 3.432487109374999790e+01 2.361855468749999964e+00 1.346787109375000036e+01 2.046855468750000018e+00 3.432526171874999932e+01 3.790535156250000259e+00 1.558029296874999936e+01
2.759058593749999844e+00 2.774058593749999968e+00 1.349291015624999979e+01 3.758542968750000046e+00 2.741285156250000021e+00 2.168769531249999716e+00 3.786667968750000224e+00 1.555849609374999964e+01 3.432487109374999790e+01 2.361855468749999964e+00 1.346787109375000036e+01 2.046855468750000018e+00 3.432526171874999932e+01 3.790535156250000259e+00 1.558029296874999936e+01
2.759058593749999844e+00 2.774058593749999968e+00 1.349291015624999979e+01 3.796472656250000188e+00 2.772847656249999737e+00 2.168769531249999716e+00 3.786667968750000224e+00 1.555849609374999964e+01 3.432487109374999790e+01 2.361855468749999964e+00 1.346787109375000036e+01 2.046855468750000018e+00 3.432526171874999932e+01 3.790535156250000259e+00 1.558029296874999936e+01
2.759058593749999844e+00 2.774058593749999968e+00 1.349291015624999979e+01 3.796472656250000188e+00 2.741285156250000021e+00 2.155996093749999787e+00 3.786667968750000224e+00 1.555849609374999964e+01 3.432487109374999790e+01 2.361855468749999964e+00 1.346787109375000036e+01 2.046855468750000018e+00 3.432526171874999932e+01 3.790535156250000259e+00 1.558029296874999936e+01
2.759058593749999844e+00 2.774058593749999968e+00 1.349291015624999979e+01 3.796472656250000188e+00 2.741285156250000021e+00 2.168769531249999716e+00 3.781902343750000117e+00 1.555849609374999964e+01 3.432487109374999790e+01 2.361855468749999964e+00 1.346787109375000036e+01 2.046855468750000018e+00 3.432526171874999932e+01 3.790535156250000259e+00 1.558029296874999936e+01
2.759058593749999844e+00 2.774058593749999968e+00 1.349291015624999979e+01 3.796472656250000188e+00 2.741285156250000021e+00 2.168769531249999716e+00 3.786667968750000224e+00 1.556802734374999986e+01 3.432487109374999790e+01 2.361855468749999964e+00 1.346787109375000036e+01 2.046855468750000018e+00 3.432526171874999932e+01 3.790535156250000259e+00 1.558029296874999936e+01
2.759058593749999844e+00 2.774058593749999968e+00 1.349291015624999979e+01 3.796472656250000188e+00 2.741285156250000021e+00 2.168769531249999716e+00 3.786667968750000224e+00 1.555849609374999964e+01 3.431713671874999960e+01 2.361855468749999964e+00 1.346787109375000036e+01 2.046855468750000018e+00 3.432526171874999932e+01 3.790535156250000259e+00 1.558029296874999936e+01
2.759058593749999844e+00 2.774058593749999968e+00 1.349291015624999979e+01 3.796472656250000188e+00 2.741285156250000021e+00 2.168769531249999716e+00 3.786667968750000224e+00 1.555849609374999964e+01 3.432487109374999790e+01 2.367246093749999947e+00 1.346787109375000036e+01 2.046855468750000018e+00 3.432526171874999932e+01 3.790535156250000259e+00 1.558029296874999936e+01
2.759058593749999844e+00 2.774058593749999968e+00 1.349291015624999979e+01 3.796472656250000188e+00 2.741285156250000021e+00 2.168769531249999716e+00 3.786667968750000224e+00 1.555849609374999964e+01 3.432487109374999790e+01 2.361855468749999964e+00 1.348275390625000014e+01 2.046855468750000018e+00 3.432526171874999932e+01 3.790535156250000259e+00 1.558029296874999936e+01
2.759058593749999844e+00 2.774058593749999968e+00 1.349291015624999979e+01 3.796472656250000188e+00 2.741285156250000021e+00 2.168769531249999716e+00 3.786667968750000224e+00 1.555849609374999964e+01 3.432487109374999790e+01 2.361855468749999964e+00 1.346787109375000036e+01 2.040410156249999662e+00 3.432526171874999932e+01 3.790535156250000259e+00 1.558029296874999936e+01
2.759058593749999844e+00 2.774058593749999968e+00 1.349291015624999979e+01 3.796472656250000188e+00 2.741285156250000021e+00 2.168769531249999716e+00 3.786667968750000224e+00 1.555849609374999964e+01 3.432487109374999790e+01 2.361855468749999964e+00 1.346787109375000036e+01 2.046855468750000018e+00 3.433057421875000159e+01 3.790535156250000259e+00 1.558029296874999936e+01
2.759058593749999844e+00 2.774058593749999968e+00 1.349291015624999979e+01 3.796472656250000188e+00 2.741285156250000021e+00 2.168769531249999716e+00 3.786667968750000224e+00 1.555849609374999964e+01 3.432487109374999790e+01 2.361855468749999964e+00 1.346787109375000036e+01 2.046855468750000018e+00 3.432526171874999932e+01 3.789597656250000224e+00 1.558029296874999936e+01
2.759058593749999844e+00 2.774058593749999968e+00 1.349291015624999979e+01 3.796472656250000188e+00 2.741285156250000021e+00 2.168769531249999716e+00 3.786667968750000224e+00 1.555849609374999964e+01 3.432487109374999790e+01 2.361855468749999964e+00 1.346787109375000036e+01 2.046855468750000018e+00 3.432526171874999932e+01 3.790535156250000259e+00 1.557673828124999993e+01
2.759058593749999844e+00 2.753199218749999844e+00 1.348291015625000000e+01 3.758542968750000046e+00 2.772847656249999737e+00 2.155996093749999787e+00 3.781902343750000117e+00 1.556802734374999986e+01 3.431713671874999960e+01 2.367246093749999947e+00 1.348275390625000014e+01 2.040410156249999662e+00 3.433057421875000159e+01 3.789597656250000224e+00 1.557673828124999993e+01
2.753277343749999773e+00 2.774058593749999968e+00 1.348291015625000000e+01 3.758542968750000046e+00 2.772847656249999737e+00 2.155996093749999787e+00 3.781902343750000117e+00 1.556802734374999986e+01 3.431713671874999960e+01 2.367246093749999947e+00 1.348275390625000014e+01 2.040410156249999662e+00 3.433057421875000159e+01 3.789597656250000224e+00 1.557673828124999993e+01
2.753277343749999773e+00 2.753199218749999844e+00 1.349291015624999979e+01 3.758542968750000046e+00 2.772847656249999737e+00 2.155996093749999787e+00 3.781902343750000117e+00 1.556802734374999986e+01 3.431713671874999960e+01 2.367246093749999947e+00 1.348275390625000014e+01 2.040410156249999662e+00 3.433057421875000159e+01 3.789597656250000224e+00 1.557673828124999993e+01
2.753277343749999773e+00 2.753199218749999844e+00 1.348291015625000000e+01 3.796472656250000188e+00 2.772847656249999737e+00 2.155996093749999787e+00 3.781902343750000117e+00 1.556802734374999986e+01 3.431713671874999960e+01 2.367246093749999947e+00 1.348275390625000014e+01 2.040410156249999662e+00 3.433057421875000159e+01 3.789597656250000224e+00 1.557673828124999993e+01
2.753277343749999773e+00 2.753199218749999844e+00 1.348291015625000000e+01 3.758542968750000046e+00 2.741285156250000021e+00 2.155996093749999787e+00 3.781902343750000117e+00 1.556802734374999986e+01 3.431713671874999960e+01 2.367246093749999947e+00 1.348275390625000014e+01 2.040410156249999662e+00 3.433057421875000159e+01 3.789597656250000224e+00 1.557673828124999993e+01
2.753277343749999773e+00 2.753199218749999844e+00 1.348291015625000000e+01 3.758542968750000046e+00 2.772847656249999737e+00 2.168769531249999716e+00 3.781902343750000117e+00 1.556802734374999986e+01 3.431713671874999960e+01 2.367246093749999947e+00 1.348275390625000014e+01 2.040410156249999662e+00 3.433057421875000159e+01 3.789597656250000224e+00 1.557673828124999993e+01
2.753277343749999773e+00 2.753199218749999844e+00 1.348291015625000000e+01 3.758542968750000046e+00 2.772847656249999737e+00 2.155996093749999787e+00 3.786667968750000224e+00 1.556802734374999986e+01 3.431713671874999960e+01 2.367246093749999947e+00 1.348275390625000014e+01 2.040410156249999662e+00 3.433057421875000159e+01 3.789597656250000224e+00 1.557673828124999993e+01
2.753277343749999773e+00 2.753199218749999844e+00 1.348291015625000000e+01 3.758542968750000046e+00 2.772847656249999737e+00 2.155996093749999787e+00 3.781902343750000117e+00 1.555849609374999964e+01 3.431713671874999960e+01 2.367246093749999947e+00 1.348275390625000014e+01 2.040410156249999662e+00 3.433057421875000159e+01 3.789597656250000224e+00 1.557673828124999993e+01
2.753277343749999773e+00 2.753199218749999844e+00 1.348291015625000000e+01 3.758542968750000046e+00 2.772847656249999737e+00 2.155996093749999787e+00 3.781902343750000117e+00 1.556802734374999986e+01 3.432487109374999790e+01 2.367246093749999947e+00 1.348275390625000014e+01 2.040410156249999662e+00 3.433057421875000159e+01 3.789597656250000224e+00 1.557673828124999993e+01
2.753277343749999773e+00 2.753199218749999844e+00 1.348291015625000000e+01 3.758542968750000046e+00 2.772847656249999737e+00 2.155996093749999787e+00 3.781902343750000117e+00 1.556802734374999986e+01 3.431713671874999960e+01 2.361855468749999964e+00 1.348275390625000014e+01 2.040410156249999662e+00 3.433057421875000159e+01 3.789597656250000224e+00 1.557673828124999993e+01
2.753277343749999773e+00 2.753199218749999844e+00 1.348291015625000000e+01 3.758542968750000046e+00 2.772847656249999737e+00 2.155996093749999787e+00 3.781902343750000117e+00 1.556802734374999986e+01 3.431713671874999960e+01 2.367246093749999947e+00 1.346787109375000036e+01 2.040410156249999662e+00 3.433057421875000159e+01 3.789597656250000224e+00 1.557673828124999993e+01
2.753277343749999773e+00 2.753199218749999844e+00 1.348291015625000000e+01 3.758542968750000046e+00 2.772847656249999737e+00 2.155996093749999787e+00 3.781902343750000117e+00 1.556802734374999986e+01 3.431713671874999960e+01 2.367246093749999947e+00 1.348275390625000014e+01 2.046855468750000018e+00 3.433057421875000159e+01 3.789597656250000224e+00 1.557673828124999993e+01
2.753277343749999773e+00 2.753199218749999844e+00 1.348291015625000000e+01 3.758542968750000046e+00 2.772847656249999737e+00 2.155996093749999787e+00 3.781902343750000117e+00 1.556802734374999986e+01 3.431713671874999960e+01 2.367246093749999947e+00 1.348275390625000014e+01 2.040410156249999662e+00 3.432526171874999932e+01 3.789597656250000224e+00 1.557673828124999993e+01
2.753277343749999773e+00 2.753199218749999844e+00 1.348291015625000000e+01 3.758542968750000046e+00 2.772847656249999737e+00 2.155996093749999787e+00 3.781902343750000117e+00 1.556802734374999986e+01 3.431713671874999960e+01 2.367246093749999947e+00 1.348275390625000014e+01 2.040410156249999662e+00 3.433057421875000159e+01 3.790535156250000259e+00 1.557673828124999993e+01
2.753277343749999773e+00 2.753199218749999844e+00 1.348291015625000000e+01 3.758542968750000046e+00 2.772847656249999737e+00 2.155996093749999787e+00 3.781902343750000117e+00 1.556802734374999986e+01 3.431713671874999960e+01 2.367246093749999947e+00 1.348275390625000014e+01 2.040410156249999662e+00 3.433057421875000159e+01 3.789597656250000224e+00 1.558029296874999936e+01
2.753277343749999773e+00 2.753199218749999844e+00 1.348291015625000000e+01 3.758542968750000046e+00 2.772847656249999737e+00 2.155996093749999787e+00 3.781902343750000117e+00 1.556802734374999986e+01 3.431713671874999960e+01 2.367246093749999947e+00 1.348275390625000014e+01 2.040410156249999662e+00 3.433057421875000159e+01 3.789597656250000224e+00 1.557673828124999993e+01
