3.483286472978038700e-02
-9.012808497343743896e-02
-9.012808497343743896e-02
-9.012808497343743896e-02
-2.150890346766551608e-01
-2.150890346766551608e-01
-2.150890346766551608e-01
-2.150890346766551608e-01
-2.150890346766551608e-01
-2.150890346766551608e-01
1.597938144330022792e-01
1.597938144330022792e-01
1.171508903468051338e-01
1.171508903468051338e-01
1.171508903468051338e-01
3.483286472978434217e-02
3.483286472978434217e-02
3.483286472978434217e-02
3.483286472978434217e-02
-9.012808497343327563e-02
