-5.365068002863130348e-01
-5.365068002863130348e-01
-5.365068002863130348e-01
-5.365068002863130348e-01
-5.365068002863130348e-01
-5.365068002863130348e-01
-2.979002624671728272e-01
-2.979002624671728272e-01
-2.979002624671728272e-01
-5.929372464803651238e-02
-1.785969935576047218e-01
-1.785969935576047218e-01
6.000954426153159299e-02
6.000954426153159299e-02
6.000954426153159299e-02
6.000954426153159299e-02
6.000954426153159299e-02
-1.785969935576085799e-01
-1.785969935576085799e-01
-1.785969935576085799e-01
