-5.415384615382023981e-02
-1.683692307692084000e-01
-1.683692307692084000e-01
-1.683692307692084000e-01
-2.825846153845948949e-01
-2.825846153845948949e-01
-2.825846153845948949e-01
-2.825846153845948949e-01
-2.825846153845948949e-01
-3.513025641025442902e-01
9.292307692336456912e-03
9.292307692336456912e-03
-9.224615384612196156e-02
-9.224615384612196156e-02
-9.224615384612196156e-02
-1.900512820512556544e-01
-1.900512820512556544e-01
-1.900512820512556544e-01
-1.900512820512556544e-01
-2.878564102563860860e-01
