2.739058593749999826e+00 2.754058593749999950e+00 1.347291015625000021e+01 3.776472656250000171e+00 2.761285156250000039e+00 2.188769531249999734e+00 3.766667968750000206e+00 1.557849609374999922e+01 3.434487109375000102e+01 2.381855468749999982e+00 1.348787109374999993e+01 2.066855468750000036e+00 3.434526171875000244e+01 3.770535156250000242e+00 1.556029296874999979e+01
2.773277343749999790e+00 2.754058593749999950e+00 1.347291015625000021e+01 3.776472656250000171e+00 2.761285156250000039e+00 2.188769531249999734e+00 3.766667968750000206e+00 1.557849609374999922e+01 3.434487109375000102e+01 2.381855468749999982e+00 1.348787109374999993e+01 2.066855468750000036e+00 3.434526171875000244e+01 3.770535156250000242e+00 1.556029296874999979e+01
2.739058593749999826e+00 2.773199218749999861e+00 1.347291015625000021e+01 3.776472656250000171e+00 2.761285156250000039e+00 2.188769531249999734e+00 3.766667968750000206e+00 1.557849609374999922e+01 3.434487109375000102e+01 2.381855468749999982e+00 1.348787109374999993e+01 2.066855468750000036e+00 3.434526171875000244e+01 3.770535156250000242e+00 1.556029296874999979e+01
2.739058593749999826e+00 2.754058593749999950e+00 1.346291015625000043e+01 3.776472656250000171e+00 2.761285156250000039e+00 2.188769531249999734e+00 3.766667968750000206e+00 1.557849609374999922e+01 3.434487109375000102e+01 2.381855468749999982e+00 1.348787109374999993e+01 2.066855468750000036e+00 3.434526171875000244e+01 3.770535156250000242e+00 1.556029296874999979e+01
2.739058593749999826e+00 2.754058593749999950e+00 1.347291015625000021e+01 3.778542968750000064e+00 2.761285156250000039e+00 2.188769531249999734e+00 3.766667968750000206e+00 1.557849609374999922e+01 3.434487109375000102e+01 2.381855468749999982e+00 1.348787109374999993e+01 2.066855468750000036e+00 3.434526171875000244e+01 3.770535156250000242e+00 1.556029296874999979e+01
2.739058593749999826e+00 2.754058593749999950e+00 1.347291015625000021e+01 3.776472656250000171e+00 2.752847656249999719e+00 2.188769531249999734e+00 3.766667968750000206e+00 1.557849609374999922e+01 3.434487109375000102e+01 2.381855468749999982e+00 1.348787109374999993e+01 2.066855468750000036e+00 3.434526171875000244e+01 3.770535156250000242e+00 1.556029296874999979e+01
2.739058593749999826e+00 2.754058593749999950e+00 1.347291015625000021e+01 3.776472656250000171e+00 2.761285156250000039e+00 2.175996093749999805e+00 3.766667968750000206e+00 1.557849609374999922e+01 3.434487109375000102e+01 2.381855468749999982e+00 1.348787109374999993e+01 2.066855468750000036e+00 3.434526171875000244e+01 3.770535156250000242e+00 1.556029296874999979e+01
2.739058593749999826e+00 2.754058593749999950e+00 1.347291015625000021e+01 3.776472656250000171e+00 2.761285156250000039e+00 2.188769531249999734e+00 3.761902343750000099e+00 1.557849609374999922e+01 3.434487109375000102e+01 2.381855468749999982e+00 1.348787109374999993e+01 2.066855468750000036e+00 3.434526171875000244e+01 3.770535156250000242e+00 1.556029296874999979e+01
2.739058593749999826e+00 2.754058593749999950e+00 1.347291015625000021e+01 3.776472656250000171e+00 2.761285156250000039e+00 2.188769531249999734e+00 3.766667968750000206e+00 1.558802734374999943e+01 3.434487109375000102e+01 2.381855468749999982e+00 1.348787109374999993e+01 2.066855468750000036e+00 3.434526171875000244e+01 3.770535156250000242e+00 1.556029296874999979e+01
2.739058593749999826e+00 2.754058593749999950e+00 1.347291015625000021e+01 3.776472656250000171e+00 2.761285156250000039e+00 2.188769531249999734e+00 3.766667968750000206e+00 1.557849609374999922e+01 3.433713671875000273e+01 2.381855468749999982e+00 1.348787109374999993e+01 2.066855468750000036e+00 3.434526171875000244e+01 3.770535156250000242e+00 1.556029296874999979e+01
2.739058593749999826e+00 2.754058593749999950e+00 1.347291015625000021e+01 3.776472656250000171e+00 2.761285156250000039e+00 2.188769531249999734e+00 3.766667968750000206e+00 1.557849609374999922e+01 3.434487109375000102e+01 2.387246093749999964e+00 1.348787109374999993e+01 2.066855468750000036e+00 3.434526171875000244e+01 3.770535156250000242e+00 1.556029296874999979e+01
2.739058593749999826e+00 2.754058593749999950e+00 1.347291015625000021e+01 3.776472656250000171e+00 2.761285156250000039e+00 2.188769531249999734e+00 3.766667968750000206e+00 1.557849609374999922e+01 3.434487109375000102e+01 2.381855468749999982e+00 1.346275390625000057e+01 2.066855468750000036e+00 3.434526171875000244e+01 3.770535156250000242e+00 1.556029296874999979e+01
2.739058593749999826e+00 2.754058593749999950e+00 1.347291015625000021e+01 3.776472656250000171e+00 2.761285156250000039e+00 2.188769531249999734e+00 3.766667968750000206e+00 1.557849609374999922e+01 3.434487109375000102e+01 2.381855468749999982e+00 1.348787109374999993e+01 2.060410156249999680e+00 3.434526171875000244e+01 3.770535156250000242e+00 1.556029296874999979e+01
2.739058593749999826e+00 2.754058593749999950e+00 1.347291015625000021e+01 3.776472656250000171e+00 2.761285156250000039e+00 2.188769531249999734e+00 3.766667968750000206e+00 1.557849609374999922e+01 3.434487109375000102e+01 2.381855468749999982e+00 1.348787109374999993e+01 2.066855468750000036e+00 3.435057421875000472e+01 3.770535156250000242e+00 1.556029296874999979e+01
2.739058593749999826e+00 2.754058593749999950e+00 1.347291015625000021e+01 3.776472656250000171e+00 2.761285156250000039e+00 2.188769531249999734e+00 3.766667968750000206e+00 1.557849609374999922e+01 3.434487109375000102e+01 2.381855468749999982e+00 1.348787109374999993e+01 2.066855468750000036e+00 3.434526171875000244e+01 3.769597656250000206e+00 1.556029296874999979e+01
2.739058593749999826e+00 2.754058593749999950e+00 1.347291015625000021e+01 3.776472656250000171e+00 2.761285156250000039e+00 2.188769531249999734e+00 3.766667968750000206e+00 1.557849609374999922e+01 3.434487109375000102e+01 2.381855468749999982e+00 1.348787109374999993e+01 2.066855468750000036e+00 3.434526171875000244e+01 3.770535156250000242e+00 1.555673828125000036e+01
2.739058593749999826e+00 2.773199218749999861e+00 1.346291015625000043e+01 3.778542968750000064e+00 2.752847656249999719e+00 2.175996093749999805e+00 3.761902343750000099e+00 1.558802734374999943e+01 3.433713671875000273e+01 2.387246093749999964e+00 1.346275390625000057e+01 2.060410156249999680e+00 3.435057421875000472e+01 3.769597656250000206e+00 1.555673828125000036e+01
2.773277343749999790e+00 2.754058593749999950e+00 1.346291015625000043e+01 3.778542968750000064e+00 2.752847656249999719e+00 2.175996093749999805e+00 3.761902343750000099e+00 1.558802734374999943e+01 3.433713671875000273e+01 2.387246093749999964e+00 1.346275390625000057e+01 2.060410156249999680e+00 3.435057421875000472e+01 3.769597656250000206e+00 1.555673828125000036e+01
2.773277343749999790e+00 2.773199218749999861e+00 1.347291015625000021e+01 3.778542968750000064e+00 2.752847656249999719e+00 2.175996093749999805e+00 3.761902343750000099e+00 1.558802734374999943e+01 3.433713671875000273e+01 2.387246093749999964e+00 1.346275390625000057e+01 2.060410156249999680e+00 3.435057421875000472e+01 3.769597656250000206e+00 1.555673828125000036e+01
2.773277343749999790e+00 2.773199218749999861e+00 1.346291015625000043e+01 3.776472656250000171e+00 2.752847656249999719e+00 2.175996093749999805e+00 3.761902343750000099e+00 1.558802734374999943e+01 3.433713671875000273e+01 2.387246093749999964e+00 1.346275390625000057e+01 2.060410156249999680e+00 3.435057421875000472e+01 3.769597656250000206e+00 1.555673828125000036e+01
2.773277343749999790e+00 2.773199218749999861e+00 1.346291015625000043e+01 3.778542968750000064e+00 2.761285156250000039e+00 2.175996093749999805e+00 3.761902343750000099e+00 1.558802734374999943e+01 3.433713671875000273e+01 2.387246093749999964e+00 1.346275390625000057e+01 2.060410156249999680e+00 3.435057421875000472e+01 3.769597656250000206e+00 1.555673828125000036e+01
2.773277343749999790e+00 2.773199218749999861e+00 1.346291015625000043e+01 3.778542968750000064e+00 2.752847656249999719e+00 2.188769531249999734e+00 3.761902343750000099e+00 1.558802734374999943e+01 3.433713671875000273e+01 2.387246093749999964e+00 1.346275390625000057e+01 2.060410156249999680e+00 3.435057421875000472e+01 3.769597656250000206e+00 1.555673828125000036e+01
2.773277343749999790e+00 2.773199218749999861e+00 1.346291015625000043e+01 3.778542968750000064e+00 2.752847656249999719e+00 2.175996093749999805e+00 3.766667968750000206e+00 1.558802734374999943e+01 3.433713671875000273e+01 2.387246093749999964e+00 1.346275390625000057e+01 2.060410156249999680e+00 3.435057421875000472e+01 3.769597656250000206e+00 1.555673828125000036e+01
2.773277343749999790e+00 2.773199218749999861e+00 1.346291015625000043e+01 3.778542968750000064e+00 2.752847656249999719e+00 2.175996093749999805e+00 3.761902343750000099e+00 1.557849609374999922e+01 3.433713671875000273e+01 2.387246093749999964e+00 1.346275390625000057e+01 2.060410156249999680e+00 3.435057421875000472e+01 3.769597656250000206e+00 1.555673828125000036e+01
2.773277343749999790e+00 2.773199218749999861e+00 1.346291015625000043e+01 3.778542968750000064e+00 2.752847656249999719e+00 2.175996093749999805e+00 3.761902343750000099e+00 1.558802734374999943e+01 3.434487109375000102e+01 2.387246093749999964e+00 1.346275390625000057e+01 2.060410156249999680e+00 3.435057421875000472e+01 3.769597656250000206e+00 1.555673828125000036e+01
2.773277343749999790e+00 2.773199218749999861e+00 1.346291015625000043e+01 3.778542968750000064e+00 2.752847656249999719e+00 2.175996093749999805e+00 3.761902343750000099e+00 1.558802734374999943e+01 3.433713671875000273e+01 2.381855468749999982e+00 1.346275390625000057e+01 2.060410156249999680e+00 3.435057421875000472e+01 3.769597656250000206e+00 1.555673828125000036e+01
2.773277343749999790e+00 2.773199218749999861e+00 1.346291015625000043e+01 3.778542968750000064e+00 2.752847656249999719e+00 2.175996093749999805e+00 3.761902343750000099e+00 1.558802734374999943e+01 3.433713671875000273e+01 2.387246093749999964e+00 1.348787109374999993e+01 2.060410156249999680e+00 3.435057421875000472e+01 3.769597656250000206e+00 1.555673828125000036e+01
2.773277343749999790e+00 2.773199218749999861e+00 1.346291015625000043e+01 3.778542968750000064e+00 2.752847656249999719e+00 2.175996093749999805e+00 3.761902343750000099e+00 1.558802734374999943e+01 3.433713671875000273e+01 2.387246093749999964e+00 1.346275390625000057e+01 2.066855468750000036e+00 3.435057421875000472e+01 3.769597656250000206e+00 1.555673828125000036e+01
2.773277343749999790e+00 2.773199218749999861e+00 1.346291015625000043e+01 3.778542968750000064e+00 2.752847656249999719e+00 2.175996093749999805e+00 3.761902343750000099e+00 1.558802734374999943e+01 3.433713671875000273e+01 2.387246093749999964e+00 1.346275390625000057e+01 2.060410156249999680e+00 3.434526171875000244e+01 3.769597656250000206e+00 1.555673828125000036e+01
2.773277343749999790e+00 2.773199218749999861e+00 1.346291015625000043e+01 3.778542968750000064e+00 2.752847656249999719e+00 2.175996093749999805e+00 3.761902343750000099e+00 1.558802734374999943e+01 3.433713671875000273e+01 2.387246093749999964e+00 1.346275390625000057e+01 2.060410156249999680e+00 3.435057421875000472e+01 3.770535156250000242e+00 1.555673828125000036e+01
2.773277343749999790e+00 2.773199218749999861e+00 1.346291015625000043e+01 3.778542968750000064e+00 2.752847656249999719e+00 2.175996093749999805e+00 3.761902343750000099e+00 1.558802734374999943e+01 3.433713671875000273e+01 2.387246093749999964e+00 1.346275390625000057e+01 2.060410156249999680e+00 3.435057421875000472e+01 3.769597656250000206e+00 1.556029296874999979e+01
2.773277343749999790e+00 2.773199218749999861e+00 1.346291015625000043e+01 3.778542968750000064e+00 2.752847656249999719e+00 2.175996093749999805e+00 3.761902343750000099e+00 1.558802734374999943e+01 3.433713671875000273e+01 2.387246093749999964e+00 1.346275390625000057e+01 2.060410156249999680e+00 3.435057421875000472e+01 3.769597656250000206e+00 1.555673828125000036e+01
2.759058593749999844e+00 2.774058593749999968e+00 1.349291015624999979e+01 3.796472656250000188e+00 2.741285156250000021e+00 2.168769531249999716e+00 3.786667968750000224e+00 1.555849609374999964e+01 3.432487109374999790e+01 2.361855468749999964e+00 1.346787109375000036e+01 2.046855468750000018e+00 3.432526171874999932e+01 3.790535156250000259e+00 1.558029296874999936e+01
2.753277343749999773e+00 2.774058593749999968e+00 1.349291015624999979e+01 3.796472656250000188e+00 2.741285156250000021e+00 2.168769531249999716e+00 3.786667968750000224e+00 1.555849609374999964e+01 3.432487109374999790e+01 2.361855468749999964e+00 1.346787109375000036e+01 2.046855468750000018e+00 3.432526171874999932e+01 3.790535156250000259e+00 1.558029296874999936e+01
2.759058593749999844e+00 2.753199218749999844e+00 1.349291015624999979e+01 3.796472656250000188e+00 2.741285156250000021e+00 2.168769531249999716e+00 3.786667968750000224e+00 1.555849609374999964e+01 3.432487109374999790e+01 2.361855468749999964e+00 1.346787109375000036e+01 2.046855468750000018e+00 3.432526171874999932e+01 3.790535156250000259e+00 1.558029296874999936e+01
2.759058593749999844e+00 2.774058593749999968e+00 1.348291015625000000e+01 3.796472656250000188e+00 2.741285156250000021e+00 2.168769531249999716e+00 3.786667968750000224e+00 1.555849609374999964e+01 3.432487109374999790e+01 2.361855468749999964e+00 1.346787109375000036e+01 2.046855468750000018e+00 3.432526171874999932e+01 3.790535156250000259e+00 1.558029296874999936e+01
2.759058593749999844e+00 2.774058593749999968e+00 1.349291015624999979e+01 3.758542968750000046e+00 2.741285156250000021e+00 2.168769531249999716e+00 3.786667968750000224e+00 1.555849609374999964e+01 3.432487109374999790e+01 2.361855468749999964e+00 1.346787109375000036e+01 2.046855468750000018e+00 3.432526171874999932e+01 3.790535156250000259e+00 1.558029296874999936e+01
2.759058593749999844e+00 2.774058593749999968e+00 1.349291015624999979e+01 3.796472656250000188e+00 2.772847656249999737e+00 2.168769531249999716e+00 3.786667968750000224e+00 1.555849609374999964e+01 3.432487109374999790e+01 2.361855468749999964e+00 1.346787109375000036e+01 2.046855468750000018e+00 3.432526171874999932e+01 3.790535156250000259e+00 1.558029296874999936e+01
2.759058593749999844e+00 2.774058593749999968e+00 1.349291015624999979e+01 3.796472656250000188e+00 2.741285156250000021e+00 2.155996093749999787e+00 3.786667968750000224e+00 1.555849609374999964e+01 3.432487109374999790e+01 2.361855468749999964e+00 1.346787109375000036e+01 2.046855468750000018e+00 3.432526171874999932e+01 3.790535156250000259e+00 1.558029296874999936e+01
2.759058593749999844e+00 2.774058593749999968e+00 1.349291015624999979e+01 3.796472656250000188e+00 2.741285156250000021e+00 2.168769531249999716e+00 3.781902343750000117e+00 1.555849609374999964e+01 3.432487109374999790e+01 2.361855468749999964e+00 1.346787109375000036e+01 2.046855468750000018e+00 3.432526171874999932e+01 3.790535156250000259e+00 1.558029296874999936e+01
2.759058593749999844e+00 2.774058593749999968e+00 1.349291015624999979e+01 3.796472656250000188e+00 2.741285156250000021e+00 2.168769531249999716e+00 3.786667968750000224e+00 1.556802734374999986e+01 3.432487109374999790e+01 2.361855468749999964e+00 1.346787109375000036e+01 2.046855468750000018e+00 3.432526171874999932e+01 3.790535156250000259e+00 1.558029296874999936e+01
2.759058593749999844e+00 2.774058593749999968e+00 1.349291015624999979e+01 3.796472656250000188e+00 2.741285156250000021e+00 2.168769531249999716e+00 3.786667968750000224e+00 1.555849609374999964e+01 3.431713671874999960e+01 2.361855468749999964e+00 1.346787109375000036e+01 2.046855468750000018e+00 3.432526171874999932e+01 3.790535156250000259e+00 1.558029296874999936e+01
2.759058593749999844e+00 2.774058593749999968e+00 1.349291015624999979e+01 3.796472656250000188e+00 2.741285156250000021e+00 2.168769531249999716e+00 3.786667968750000224e+00 1.555849609374999964e+01 3.432487109374999790e+01 2.367246093749999947e+00 1.346787109375000036e+01 2.046855468750000018e+00 3.432526171874999932e+01 3.790535156250000259e+00 1.558029296874999936e+01
2.759058593749999844e+00 2.774058593749999968e+00 1.349291015624999979e+01 3.796472656250000188e+00 2.741285156250000021e+00 2.168769531249999716e+00 3.786667968750000224e+00 1.555849609374999964e+01 3.432487109374999790e+01 2.361855468749999964e+00 1.348275390625000014e+01 2.046855468750000018e+00 3.432526171874999932e+01 3.790535156250000259e+00 1.558029296874999936e+01
2.759058593749999844e+00 2.774058593749999968e+00 1.349291015624999979e+01 3.796472656250000188e+00 2.741285156250000021e+00 2.168769531249999716e+00 3.786667968750000224e+00 1.555849609374999964e+01 3.432487109374999790e+01 2.361855468749999964e+00 1.346787109375000036e+01 2.040410156249999662e+00 3.432526171874999932e+01 3.790535156250000259e+00 1.558029296874999936e+01
2.759058593749999844e+00 2.774058593749999968e+00 1.349291015624999979e+01 3.796472656250000188e+00 2.741285156250000021e+00 2.168769531249999716e+00 3.786667968750000224e+00 1.555849609374999964e+01 3.432487109374999790e+01 2.361855468749999964e+00 1.346787109375000036e+01 2.046855468750000018e+00 3.433057421875000159e+01 3.790535156250000259e+00 1.558029296874999936e+01
2.759058593749999844e+00 2.774058593749999968e+00 1.349291015624999979e+01 3.796472656250000188e+00 2.741285156250000021e+00 2.168769531249999716e+00 3.786667968750000224e+00 1.555849609374999964e+01 3.432487109374999790e+01 2.361855468749999964e+00 1.346787109375000036e+01 2.046855468750000018e+00 3.432526171874999932e+01 3.789597656250000224e+00 1.558029296874999936e+01
2.759058593749999844e+00 2.774058593749999968e+00 1.349291015624999979e+01 3.796472656250000188e+00 2.741285156250000021e+00 2.168769531249999716e+00 3.786667968750000224e+00 1.555849609374999964e+01 3.432487109374999790e+01 2.361855468749999964e+00 1.346787109375000036e+01 2.046855468750000018e+00 3.432526171874999932e+01 3.790535156250000259e+00 1.557673828124999993e+01
2.759058593749999844e+00 2.753199218749999844e+00 1.348291015625000000e+01 3.758542968750000046e+00 2.772847656249999737e+00 2.155996093749999787e+00 3.781902343750000117e+00 1.556802734374999986e+01 3.431713671874999960e+01 2.367246093749999947e+00 1.348275390625000014e+01 2.040410156249999662e+00 3.433057421875000159e+01 3.789597656250000224e+00 1.557673828124999993e+01
2.753277343749999773e+00 2.774058593749999968e+00 1.348291015625000000e+01 3.758542968750000046e+00 2.772847656249999737e+00 2.155996093749999787e+00 3.781902343750000117e+00 1.556802734374999986e+01 3.431713671874999960e+01 2.367246093749999947e+00 1.348275390625000014e+01 2.040410156249999662e+00 3.433057421875000159e+01 3.789597656250000224e+00 1.557673828124999993e+01
2.753277343749999773e+00 2.753199218749999844e+00 1.349291015624999979e+01 3.758542968750000046e+00 2.772847656249999737e+00 2.155996093749999787e+00 3.781902343750000117e+00 1.556802734374999986e+01 3.431713671874999960e+01 2.367246093749999947e+00 1.348275390625000014e+01 2.040410156249999662e+00 3.433057421875000159e+01 3.789597656250000224e+00 1.557673828124999993e+01
2.753277343749999773e+00 2.753199218749999844e+00 1.348291015625000000e+01 3.796472656250000188e+00 2.772847656249999737e+00 2.155996093749999787e+00 3.781902343750000117e+00 1.556802734374999986e+01 3.431713671874999960e+01 2.367246093749999947e+00 1.348275390625000014e+01 2.040410156249999662e+00 3.433057421875000159e+01 3.789597656250000224e+00 1.557673828124999993e+01
2.753277343749999773e+00 2.753199218749999844e+00 1.348291015625000000e+01 3.758542968750000046e+00 2.741285156250000021e+00 2.155996093749999787e+00 3.781902343750000117e+00 1.556802734374999986e+01 3.431713671874999960e+01 2.367246093749999947e+00 1.348275390625000014e+01 2.040410156249999662e+00 3.433057421875000159e+01 3.789597656250000224e+00 1.557673828124999993e+01
2.753277343749999773e+00 2.753199218749999844e+00 1.348291015625000000e+01 3.758542968750000046e+00 2.772847656249999737e+00 2.168769531249999716e+00 3.781902343750000117e+00 1.556802734374999986e+01 3.431713671874999960e+01 2.367246093749999947e+00 1.348275390625000014e+01 2.040410156249999662e+00 3.433057421875000159e+01 3.789597656250000224e+00 1.557673828124999993e+01
2.753277343749999773e+00 2.753199218749999844e+00 1.348291015625000000e+01 3.758542968750000046e+00 2.772847656249999737e+00 2.155996093749999787e+00 3.786667968750000224e+00 1.556802734374999986e+01 3.431713671874999960e+01 2.367246093749999947e+00 1.348275390625000014e+01 2.040410156249999662e+00 3.433057421875000159e+01 3.789597656250000224e+00 1.557673828124999993e+01
2.753277343749999773e+00 2.753199218749999844e+00 1.348291015625000000e+01 3.758542968750000046e+00 2.772847656249999737e+00 2.155996093749999787e+00 3.781902343750000117e+00 1.555849609374999964e+01 3.431713671874999960e+01 2.367246093749999947e+00 1.348275390625000014e+01 2.040410156249999662e+00 3.433057421875000159e+01 3.789597656250000224e+00 1.557673828124999993e+01
2.753277343749999773e+00 2.753199218749999844e+00 1.348291015625000000e+01 3.758542968750000046e+00 2.772847656249999737e+00 2.155996093749999787e+00 3.781902343750000117e+00 1.556802734374999986e+01 3.432487109374999790e+01 2.367246093749999947e+00 1.348275390625000014e+01 2.040410156249999662e+00 3.433057421875000159e+01 3.789597656250000224e+00 1.557673828124999993e+01
2.753277343749999773e+00 2.753199218749999844e+00 1.348291015625000000e+01 3.758542968750000046e+00 2.772847656249999737e+00 2.155996093749999787e+00 3.781902343750000117e+00 1.556802734374999986e+01 3.431713671874999960e+01 2.361855468749999964e+00 1.348275390625000014e+01 2.040410156249999662e+00 3.433057421875000159e+01 3.789597656250000224e+00 1.557673828124999993e+01
2.753277343749999773e+00 2.753199218749999844e+00 1.348291015625000000e+01 3.758542968750000046e+00 2.772847656249999737e+00 2.155996093749999787e+00 3.781902343750000117e+00 1.556802734374999986e+01 3.431713671874999960e+01 2.367246093749999947e+00 1.346787109375000036e+01 2.040410156249999662e+00 3.433057421875000159e+01 3.789597656250000224e+00 1.557673828124999993e+01
2.753277343749999773e+00 2.753199218749999844e+00 1.348291015625000000e+01 3.758542968750000046e+00 2.772847656249999737e+00 2.155996093749999787e+00 3.781902343750000117e+00 1.556802734374999986e+01 3.431713671874999960e+01 2.367246093749999947e+00 1.348275390625000014e+01 2.046855468750000018e+00 3.433057421875000159e+01 3.789597656250000224e+00 1.557673828124999993e+01
2.753277343749999773e+00 2.753199218749999844e+00 1.348291015625000000e+01 3.758542968750000046e+00 2.772847656249999737e+00 2.155996093749999787e+00 3.781902343750000117e+00 1.556802734374999986e+01 3.431713671874999960e+01 2.367246093749999947e+00 1.348275390625000014e+01 2.040410156249999662e+00 3.432526171874999932e+01 3.789597656250000224e+00 1.557673828124999993e+01
2.753277343749999773e+00 2.753199218749999844e+00 1.348291015625000000e+01 3.758542968750000046e+00 2.772847656249999737e+00 2.155996093749999787e+00 3.781902343750000117e+00 1.556802734374999986e+01 3.431713671874999960e+01 2.367246093749999947e+00 1.348275390625000014e+01 2.040410156249999662e+00 3.433057421875000159e+01 3.790535156250000259e+00 1.557673828124999993e+01
2.753277343749999773e+00 2.753199218749999844e+00 1.348291015625000000e+01 3.758542968750000046e+00 2.772847656249999737e+00 2.155996093749999787e+00 3.781902343750000117e+00 1.556802734374999986e+01 3.431713671874999960e+01 2.367246093749999947e+00 1.348275390625000014e+01 2.040410156249999662e+00 3.433057421875000159e+01 3.789597656250000224e+00 1.558029296874999936e+01
2.753277343749999773e+00 2.753199218749999844e+00 1.348291015625000000e+01 3.758542968750000046e+00 2.772847656249999737e+00 2.155996093749999787e+00 3.781902343750000117e+00 1.556802734374999986e+01 3.431713671874999960e+01 2.367246093749999947e+00 1.348275390625000014e+01 2.040410156249999662e+00 3.433057421875000159e+01 3.789597656250000224e+00 1.557673828124999993e+01
2.769058593750000075e+00 2.744058593749999719e+00 1.346291015625000043e+01 3.766472656249999940e+00 2.751285156249999808e+00 2.158769531249999929e+00 3.776667968749999993e+00 1.556849609374999943e+01 3.433487109375000301e+01 2.371855468750000195e+00 1.345787109375000057e+01 2.036855468749999787e+00 3.435526171875000756e+01 3.760535156250000011e+00 1.559029296874999915e+01
2.763277343750000004e+00 2.744058593749999719e+00 1.346291015625000043e+01 3.766472656249999940e+00 2.751285156249999808e+00 2.158769531249999929e+00 3.776667968749999993e+00 1.556849609374999943e+01 3.433487109375000301e+01 2.371855468750000195e+00 1.345787109375000057e+01 2.036855468749999787e+00 3.435526171875000756e+01 3.760535156250000011e+00 1.559029296874999915e+01
2.769058593750000075e+00 2.743199218750000057e+00 1.346291015625000043e+01 3.766472656249999940e+00 2.751285156249999808e+00 2.158769531249999929e+00 3.776667968749999993e+00 1.556849609374999943e+01 3.433487109375000301e+01 2.371855468750000195e+00 1.345787109375000057e+01 2.036855468749999787e+00 3.435526171875000756e+01 3.760535156250000011e+00 1.559029296874999915e+01
2.769058593750000075e+00 2.744058593749999719e+00 1.347291015625000021e+01 3.766472656249999940e+00 2.751285156249999808e+00 2.158769531249999929e+00 3.776667968749999993e+00 1.556849609374999943e+01 3.433487109375000301e+01 2.371855468750000195e+00 1.345787109375000057e+01 2.036855468749999787e+00 3.435526171875000756e+01 3.760535156250000011e+00 1.559029296874999915e+01
2.769058593750000075e+00 2.744058593749999719e+00 1.346291015625000043e+01 3.768542968750000277e+00 2.751285156249999808e+00 2.158769531249999929e+00 3.776667968749999993e+00 1.556849609374999943e+01 3.433487109375000301e+01 2.371855468750000195e+00 1.345787109375000057e+01 2.036855468749999787e+00 3.435526171875000756e+01 3.760535156250000011e+00 1.559029296874999915e+01
2.769058593750000075e+00 2.744058593749999719e+00 1.346291015625000043e+01 3.766472656249999940e+00 2.742847656249999932e+00 2.158769531249999929e+00 3.776667968749999993e+00 1.556849609374999943e+01 3.433487109375000301e+01 2.371855468750000195e+00 1.345787109375000057e+01 2.036855468749999787e+00 3.435526171875000756e+01 3.760535156250000011e+00 1.559029296874999915e+01
2.769058593750000075e+00 2.744058593749999719e+00 1.346291015625000043e+01 3.766472656249999940e+00 2.751285156249999808e+00 2.185996093750000036e+00 3.776667968749999993e+00 1.556849609374999943e+01 3.433487109375000301e+01 2.371855468750000195e+00 1.345787109375000057e+01 2.036855468749999787e+00 3.435526171875000756e+01 3.760535156250000011e+00 1.559029296874999915e+01
2.769058593750000075e+00 2.744058593749999719e+00 1.346291015625000043e+01 3.766472656249999940e+00 2.751285156249999808e+00 2.158769531249999929e+00 3.791902343750000348e+00 1.556849609374999943e+01 3.433487109375000301e+01 2.371855468750000195e+00 1.345787109375000057e+01 2.036855468749999787e+00 3.435526171875000756e+01 3.760535156250000011e+00 1.559029296874999915e+01
2.769058593750000075e+00 2.744058593749999719e+00 1.346291015625000043e+01 3.766472656249999940e+00 2.751285156249999808e+00 2.158769531249999929e+00 3.776667968749999993e+00 1.557802734374999964e+01 3.433487109375000301e+01 2.371855468750000195e+00 1.345787109375000057e+01 2.036855468749999787e+00 3.435526171875000756e+01 3.760535156250000011e+00 1.559029296874999915e+01
2.769058593750000075e+00 2.744058593749999719e+00 1.346291015625000043e+01 3.766472656249999940e+00 2.751285156249999808e+00 2.158769531249999929e+00 3.776667968749999993e+00 1.556849609374999943e+01 3.434713671875000784e+01 2.371855468750000195e+00 1.345787109375000057e+01 2.036855468749999787e+00 3.435526171875000756e+01 3.760535156250000011e+00 1.559029296874999915e+01
2.769058593750000075e+00 2.744058593749999719e+00 1.346291015625000043e+01 3.766472656249999940e+00 2.751285156249999808e+00 2.158769531249999929e+00 3.776667968749999993e+00 1.556849609374999943e+01 3.433487109375000301e+01 2.377246093750000178e+00 1.345787109375000057e+01 2.036855468749999787e+00 3.435526171875000756e+01 3.760535156250000011e+00 1.559029296874999915e+01
2.769058593750000075e+00 2.744058593749999719e+00 1.346291015625000043e+01 3.766472656249999940e+00 2.751285156249999808e+00 2.158769531249999929e+00 3.776667968749999993e+00 1.556849609374999943e+01 3.433487109375000301e+01 2.371855468750000195e+00 1.349275390624999993e+01 2.036855468749999787e+00 3.435526171875000756e+01 3.760535156250000011e+00 1.559029296874999915e+01
2.769058593750000075e+00 2.744058593749999719e+00 1.346291015625000043e+01 3.766472656249999940e+00 2.751285156249999808e+00 2.158769531249999929e+00 3.776667968749999993e+00 1.556849609374999943e+01 3.433487109375000301e+01 2.371855468750000195e+00 1.345787109375000057e+01 2.050410156249999893e+00 3.435526171875000756e+01 3.760535156250000011e+00 1.559029296874999915e+01
2.769058593750000075e+00 2.744058593749999719e+00 1.346291015625000043e+01 3.766472656249999940e+00 2.751285156249999808e+00 2.158769531249999929e+00 3.776667968749999993e+00 1.556849609374999943e+01 3.433487109375000301e+01 2.371855468750000195e+00 1.345787109375000057e+01 2.036855468749999787e+00 3.432057421875000358e+01 3.760535156250000011e+00 1.559029296874999915e+01
2.769058593750000075e+00 2.744058593749999719e+00 1.346291015625000043e+01 3.766472656249999940e+00 2.751285156249999808e+00 2.158769531249999929e+00 3.776667968749999993e+00 1.556849609374999943e+01 3.433487109375000301e+01 2.371855468750000195e+00 1.345787109375000057e+01 2.036855468749999787e+00 3.435526171875000756e+01 3.759597656249999975e+00 1.559029296874999915e+01
2.769058593750000075e+00 2.744058593749999719e+00 1.346291015625000043e+01 3.766472656249999940e+00 2.751285156249999808e+00 2.158769531249999929e+00 3.776667968749999993e+00 1.556849609374999943e+01 3.433487109375000301e+01 2.371855468750000195e+00 1.345787109375000057e+01 2.036855468749999787e+00 3.435526171875000756e+01 3.760535156250000011e+00 1.558673828124999972e+01
2.769058593750000075e+00 2.743199218750000057e+00 1.347291015625000021e+01 3.768542968750000277e+00 2.742847656249999932e+00 2.185996093750000036e+00 3.791902343750000348e+00 1.557802734374999964e+01 3.434713671875000784e+01 2.377246093750000178e+00 1.349275390624999993e+01 2.050410156249999893e+00 3.432057421875000358e+01 3.759597656249999975e+00 1.558673828124999972e+01
2.763277343750000004e+00 2.744058593749999719e+00 1.347291015625000021e+01 3.768542968750000277e+00 2.742847656249999932e+00 2.185996093750000036e+00 3.791902343750000348e+00 1.557802734374999964e+01 3.434713671875000784e+01 2.377246093750000178e+00 1.349275390624999993e+01 2.050410156249999893e+00 3.432057421875000358e+01 3.759597656249999975e+00 1.558673828124999972e+01
2.763277343750000004e+00 2.743199218750000057e+00 1.346291015625000043e+01 3.768542968750000277e+00 2.742847656249999932e+00 2.185996093750000036e+00 3.791902343750000348e+00 1.557802734374999964e+01 3.434713671875000784e+01 2.377246093750000178e+00 1.349275390624999993e+01 2.050410156249999893e+00 3.432057421875000358e+01 3.759597656249999975e+00 1.558673828124999972e+01
2.763277343750000004e+00 2.743199218750000057e+00 1.347291015625000021e+01 3.766472656249999940e+00 2.742847656249999932e+00 2.185996093750000036e+00 3.791902343750000348e+00 1.557802734374999964e+01 3.434713671875000784e+01 2.377246093750000178e+00 1.349275390624999993e+01 2.050410156249999893e+00 3.432057421875000358e+01 3.759597656249999975e+00 1.558673828124999972e+01
2.763277343750000004e+00 2.743199218750000057e+00 1.347291015625000021e+01 3.768542968750000277e+00 2.751285156249999808e+00 2.185996093750000036e+00 3.791902343750000348e+00 1.557802734374999964e+01 3.434713671875000784e+01 2.377246093750000178e+00 1.349275390624999993e+01 2.050410156249999893e+00 3.432057421875000358e+01 3.759597656249999975e+00 1.558673828124999972e+01
2.763277343750000004e+00 2.743199218750000057e+00 1.347291015625000021e+01 3.768542968750000277e+00 2.742847656249999932e+00 2.158769531249999929e+00 3.791902343750000348e+00 1.557802734374999964e+01 3.434713671875000784e+01 2.377246093750000178e+00 1.349275390624999993e+01 2.050410156249999893e+00 3.432057421875000358e+01 3.759597656249999975e+00 1.558673828124999972e+01
2.763277343750000004e+00 2.743199218750000057e+00 1.347291015625000021e+01 3.768542968750000277e+00 2.742847656249999932e+00 2.185996093750000036e+00 3.776667968749999993e+00 1.557802734374999964e+01 3.434713671875000784e+01 2.377246093750000178e+00 1.349275390624999993e+01 2.050410156249999893e+00 3.432057421875000358e+01 3.759597656249999975e+00 1.558673828124999972e+01
2.763277343750000004e+00 2.743199218750000057e+00 1.347291015625000021e+01 3.768542968750000277e+00 2.742847656249999932e+00 2.185996093750000036e+00 3.791902343750000348e+00 1.556849609374999943e+01 3.434713671875000784e+01 2.377246093750000178e+00 1.349275390624999993e+01 2.050410156249999893e+00 3.432057421875000358e+01 3.759597656249999975e+00 1.558673828124999972e+01
2.763277343750000004e+00 2.743199218750000057e+00 1.347291015625000021e+01 3.768542968750000277e+00 2.742847656249999932e+00 2.185996093750000036e+00 3.791902343750000348e+00 1.557802734374999964e+01 3.433487109375000301e+01 2.377246093750000178e+00 1.349275390624999993e+01 2.050410156249999893e+00 3.432057421875000358e+01 3.759597656249999975e+00 1.558673828124999972e+01
2.763277343750000004e+00 2.743199218750000057e+00 1.347291015625000021e+01 3.768542968750000277e+00 2.742847656249999932e+00 2.185996093750000036e+00 3.791902343750000348e+00 1.557802734374999964e+01 3.434713671875000784e+01 2.371855468750000195e+00 1.349275390624999993e+01 2.050410156249999893e+00 3.432057421875000358e+01 3.759597656249999975e+00 1.558673828124999972e+01
2.763277343750000004e+00 2.743199218750000057e+00 1.347291015625000021e+01 3.768542968750000277e+00 2.742847656249999932e+00 2.185996093750000036e+00 3.791902343750000348e+00 1.557802734374999964e+01 3.434713671875000784e+01 2.377246093750000178e+00 1.345787109375000057e+01 2.050410156249999893e+00 3.432057421875000358e+01 3.759597656249999975e+00 1.558673828124999972e+01
2.763277343750000004e+00 2.743199218750000057e+00 1.347291015625000021e+01 3.768542968750000277e+00 2.742847656249999932e+00 2.185996093750000036e+00 3.791902343750000348e+00 1.557802734374999964e+01 3.434713671875000784e+01 2.377246093750000178e+00 1.349275390624999993e+01 2.036855468749999787e+00 3.432057421875000358e+01 3.759597656249999975e+00 1.558673828124999972e+01
2.763277343750000004e+00 2.743199218750000057e+00 1.347291015625000021e+01 3.768542968750000277e+00 2.742847656249999932e+00 2.185996093750000036e+00 3.791902343750000348e+00 1.557802734374999964e+01 3.434713671875000784e+01 2.377246093750000178e+00 1.349275390624999993e+01 2.050410156249999893e+00 3.435526171875000756e+01 3.759597656249999975e+00 1.558673828124999972e+01
2.763277343750000004e+00 2.743199218750000057e+00 1.347291015625000021e+01 3.768542968750000277e+00 2.742847656249999932e+00 2.185996093750000036e+00 3.791902343750000348e+00 1.557802734374999964e+01 3.434713671875000784e+01 2.377246093750000178e+00 1.349275390624999993e+01 2.050410156249999893e+00 3.432057421875000358e+01 3.760535156250000011e+00 1.558673828124999972e+01
2.763277343750000004e+00 2.743199218750000057e+00 1.347291015625000021e+01 3.768542968750000277e+00 2.742847656249999932e+00 2.185996093750000036e+00 3.791902343750000348e+00 1.557802734374999964e+01 3.434713671875000784e+01 2.377246093750000178e+00 1.349275390624999993e+01 2.050410156249999893e+00 3.432057421875000358e+01 3.759597656249999975e+00 1.559029296874999915e+01
2.763277343750000004e+00 2.743199218750000057e+00 1.347291015625000021e+01 3.768542968750000277e+00 2.742847656249999932e+00 2.185996093750000036e+00 3.791902343750000348e+00 1.557802734374999964e+01 3.434713671875000784e+01 2.377246093750000178e+00 1.349275390624999993e+01 2.050410156249999893e+00 3.432057421875000358e+01 3.759597656249999975e+00 1.558673828124999972e+01
2.749058593750000057e+00 2.764058593749999737e+00 1.348291015625000000e+01 3.786472656249999957e+00 2.771285156249999826e+00 2.178769531249999947e+00 3.796667968750000011e+00 1.558849609374999901e+01 3.435487109375000614e+01 2.391855468750000213e+00 1.347787109375000014e+01 2.056855468749999805e+00 3.433526171875000443e+01 3.780535156250000028e+00 1.557029296874999957e+01
2.743277343749999986e+00 2.764058593749999737e+00 1.348291015625000000e+01 3.786472656249999957e+00 2.771285156249999826e+00 2.178769531249999947e+00 3.796667968750000011e+00 1.558849609374999901e+01 3.435487109375000614e+01 2.391855468750000213e+00 1.347787109375000014e+01 2.056855468749999805e+00 3.433526171875000443e+01 3.780535156250000028e+00 1.557029296874999957e+01
2.749058593750000057e+00 2.763199218750000075e+00 1.348291015625000000e+01 3.786472656249999957e+00 2.771285156249999826e+00 2.178769531249999947e+00 3.796667968750000011e+00 1.558849609374999901e+01 3.435487109375000614e+01 2.391855468750000213e+00 1.347787109375000014e+01 2.056855468749999805e+00 3.433526171875000443e+01 3.780535156250000028e+00 1.557029296874999957e+01
2.749058593750000057e+00 2.764058593749999737e+00 1.349291015624999979e+01 3.786472656249999957e+00 2.771285156249999826e+00 2.178769531249999947e+00 3.796667968750000011e+00 1.558849609374999901e+01 3.435487109375000614e+01 2.391855468750000213e+00 1.347787109375000014e+01 2.056855468749999805e+00 3.433526171875000443e+01 3.780535156250000028e+00 1.557029296874999957e+01
2.749058593750000057e+00 2.764058593749999737e+00 1.348291015625000000e+01 3.788542968750000295e+00 2.771285156249999826e+00 2.178769531249999947e+00 3.796667968750000011e+00 1.558849609374999901e+01 3.435487109375000614e+01 2.391855468750000213e+00 1.347787109375000014e+01 2.056855468749999805e+00 3.433526171875000443e+01 3.780535156250000028e+00 1.557029296874999957e+01
2.749058593750000057e+00 2.764058593749999737e+00 1.348291015625000000e+01 3.786472656249999957e+00 2.762847656249999950e+00 2.178769531249999947e+00 3.796667968750000011e+00 1.558849609374999901e+01 3.435487109375000614e+01 2.391855468750000213e+00 1.347787109375000014e+01 2.056855468749999805e+00 3.433526171875000443e+01 3.780535156250000028e+00 1.557029296874999957e+01
2.749058593750000057e+00 2.764058593749999737e+00 1.348291015625000000e+01 3.786472656249999957e+00 2.771285156249999826e+00 2.165996093750000018e+00 3.796667968750000011e+00 1.558849609374999901e+01 3.435487109375000614e+01 2.391855468750000213e+00 1.347787109375000014e+01 2.056855468749999805e+00 3.433526171875000443e+01 3.780535156250000028e+00 1.557029296874999957e+01
2.749058593750000057e+00 2.764058593749999737e+00 1.348291015625000000e+01 3.786472656249999957e+00 2.771285156249999826e+00 2.178769531249999947e+00 3.771902343750000330e+00 1.558849609374999901e+01 3.435487109375000614e+01 2.391855468750000213e+00 1.347787109375000014e+01 2.056855468749999805e+00 3.433526171875000443e+01 3.780535156250000028e+00 1.557029296874999957e+01
2.749058593750000057e+00 2.764058593749999737e+00 1.348291015625000000e+01 3.786472656249999957e+00 2.771285156249999826e+00 2.178769531249999947e+00 3.796667968750000011e+00 1.555802734375000007e+01 3.435487109375000614e+01 2.391855468750000213e+00 1.347787109375000014e+01 2.056855468749999805e+00 3.433526171875000443e+01 3.780535156250000028e+00 1.557029296874999957e+01
2.749058593750000057e+00 2.764058593749999737e+00 1.348291015625000000e+01 3.786472656249999957e+00 2.771285156249999826e+00 2.178769531249999947e+00 3.796667968750000011e+00 1.558849609374999901e+01 3.432713671875000472e+01 2.391855468750000213e+00 1.347787109375000014e+01 2.056855468749999805e+00 3.433526171875000443e+01 3.780535156250000028e+00 1.557029296874999957e+01
2.749058593750000057e+00 2.764058593749999737e+00 1.348291015625000000e+01 3.786472656249999957e+00 2.771285156249999826e+00 2.178769531249999947e+00 3.796667968750000011e+00 1.558849609374999901e+01 3.435487109375000614e+01 2.357246093750000160e+00 1.347787109375000014e+01 2.056855468749999805e+00 3.433526171875000443e+01 3.780535156250000028e+00 1.557029296874999957e+01
2.749058593750000057e+00 2.764058593749999737e+00 1.348291015625000000e+01 3.786472656249999957e+00 2.771285156249999826e+00 2.178769531249999947e+00 3.796667968750000011e+00 1.558849609374999901e+01 3.435487109375000614e+01 2.391855468750000213e+00 1.347275390625000036e+01 2.056855468749999805e+00 3.433526171875000443e+01 3.780535156250000028e+00 1.557029296874999957e+01
2.749058593750000057e+00 2.764058593749999737e+00 1.348291015625000000e+01 3.786472656249999957e+00 2.771285156249999826e+00 2.178769531249999947e+00 3.796667968750000011e+00 1.558849609374999901e+01 3.435487109375000614e+01 2.391855468750000213e+00 1.347787109375000014e+01 2.030410156249999876e+00 3.433526171875000443e+01 3.780535156250000028e+00 1.557029296874999957e+01
2.749058593750000057e+00 2.764058593749999737e+00 1.348291015625000000e+01 3.786472656249999957e+00 2.771285156249999826e+00 2.178769531249999947e+00 3.796667968750000011e+00 1.558849609374999901e+01 3.435487109375000614e+01 2.391855468750000213e+00 1.347787109375000014e+01 2.056855468749999805e+00 3.434057421875000671e+01 3.780535156250000028e+00 1.557029296874999957e+01
2.749058593750000057e+00 2.764058593749999737e+00 1.348291015625000000e+01 3.786472656249999957e+00 2.771285156249999826e+00 2.178769531249999947e+00 3.796667968750000011e+00 1.558849609374999901e+01 3.435487109375000614e+01 2.391855468750000213e+00 1.347787109375000014e+01 2.056855468749999805e+00 3.433526171875000443e+01 3.779597656249999993e+00 1.557029296874999957e+01
2.749058593750000057e+00 2.764058593749999737e+00 1.348291015625000000e+01 3.786472656249999957e+00 2.771285156249999826e+00 2.178769531249999947e+00 3.796667968750000011e+00 1.558849609374999901e+01 3.435487109375000614e+01 2.391855468750000213e+00 1.347787109375000014e+01 2.056855468749999805e+00 3.433526171875000443e+01 3.780535156250000028e+00 1.556673828125000014e+01
2.749058593750000057e+00 2.763199218750000075e+00 1.349291015624999979e+01 3.788542968750000295e+00 2.762847656249999950e+00 2.165996093750000018e+00 3.771902343750000330e+00 1.555802734375000007e+01 3.432713671875000472e+01 2.357246093750000160e+00 1.347275390625000036e+01 2.030410156249999876e+00 3.434057421875000671e+01 3.779597656249999993e+00 1.556673828125000014e+01
2.743277343749999986e+00 2.764058593749999737e+00 1.349291015624999979e+01 3.788542968750000295e+00 2.762847656249999950e+00 2.165996093750000018e+00 3.771902343750000330e+00 1.555802734375000007e+01 3.432713671875000472e+01 2.357246093750000160e+00 1.347275390625000036e+01 2.030410156249999876e+00 3.434057421875000671e+01 3.779597656249999993e+00 1.556673828125000014e+01
2.743277343749999986e+00 2.763199218750000075e+00 1.348291015625000000e+01 3.788542968750000295e+00 2.762847656249999950e+00 2.165996093750000018e+00 3.771902343750000330e+00 1.555802734375000007e+01 3.432713671875000472e+01 2.357246093750000160e+00 1.347275390625000036e+01 2.030410156249999876e+00 3.434057421875000671e+01 3.779597656249999993e+00 1.556673828125000014e+01
2.743277343749999986e+00 2.763199218750000075e+00 1.349291015624999979e+01 3.786472656249999957e+00 2.762847656249999950e+00 2.165996093750000018e+00 3.771902343750000330e+00 1.555802734375000007e+01 3.432713671875000472e+01 2.357246093750000160e+00 1.347275390625000036e+01 2.030410156249999876e+00 3.434057421875000671e+01 3.779597656249999993e+00 1.556673828125000014e+01
2.743277343749999986e+00 2.763199218750000075e+00 1.349291015624999979e+01 3.788542968750000295e+00 2.771285156249999826e+00 2.165996093750000018e+00 3.771902343750000330e+00 1.555802734375000007e+01 3.432713671875000472e+01 2.357246093750000160e+00 1.347275390625000036e+01 2.030410156249999876e+00 3.434057421875000671e+01 3.779597656249999993e+00 1.556673828125000014e+01
2.743277343749999986e+00 2.763199218750000075e+00 1.349291015624999979e+01 3.788542968750000295e+00 2.762847656249999950e+00 2.178769531249999947e+00 3.771902343750000330e+00 1.555802734375000007e+01 3.432713671875000472e+01 2.357246093750000160e+00 1.347275390625000036e+01 2.030410156249999876e+00 3.434057421875000671e+01 3.779597656249999993e+00 1.556673828125000014e+01
2.743277343749999986e+00 2.763199218750000075e+00 1.349291015624999979e+01 3.788542968750000295e+00 2.762847656249999950e+00 2.165996093750000018e+00 3.796667968750000011e+00 1.555802734375000007e+01 3.432713671875000472e+01 2.357246093750000160e+00 1.347275390625000036e+01 2.030410156249999876e+00 3.434057421875000671e+01 3.779597656249999993e+00 1.556673828125000014e+01
2.743277343749999986e+00 2.763199218750000075e+00 1.349291015624999979e+01 3.788542968750000295e+00 2.762847656249999950e+00 2.165996093750000018e+00 3.771902343750000330e+00 1.558849609374999901e+01 3.432713671875000472e+01 2.357246093750000160e+00 1.347275390625000036e+01 2.030410156249999876e+00 3.434057421875000671e+01 3.779597656249999993e+00 1.556673828125000014e+01
2.743277343749999986e+00 2.763199218750000075e+00 1.349291015624999979e+01 3.788542968750000295e+00 2.762847656249999950e+00 2.165996093750000018e+00 3.771902343750000330e+00 1.555802734375000007e+01 3.435487109375000614e+01 2.357246093750000160e+00 1.347275390625000036e+01 2.030410156249999876e+00 3.434057421875000671e+01 3.779597656249999993e+00 1.556673828125000014e+01
2.743277343749999986e+00 2.763199218750000075e+00 1.349291015624999979e+01 3.788542968750000295e+00 2.762847656249999950e+00 2.165996093750000018e+00 3.771902343750000330e+00 1.555802734375000007e+01 3.432713671875000472e+01 2.391855468750000213e+00 1.347275390625000036e+01 2.030410156249999876e+00 3.434057421875000671e+01 3.779597656249999993e+00 1.556673828125000014e+01
2.743277343749999986e+00 2.763199218750000075e+00 1.349291015624999979e+01 3.788542968750000295e+00 2.762847656249999950e+00 2.165996093750000018e+00 3.771902343750000330e+00 1.555802734375000007e+01 3.432713671875000472e+01 2.357246093750000160e+00 1.347787109375000014e+01 2.030410156249999876e+00 3.434057421875000671e+01 3.779597656249999993e+00 1.556673828125000014e+01
2.743277343749999986e+00 2.763199218750000075e+00 1.349291015624999979e+01 3.788542968750000295e+00 2.762847656249999950e+00 2.165996093750000018e+00 3.771902343750000330e+00 1.555802734375000007e+01 3.432713671875000472e+01 2.357246093750000160e+00 1.347275390625000036e+01 2.056855468749999805e+00 3.434057421875000671e+01 3.779597656249999993e+00 1.556673828125000014e+01
2.743277343749999986e+00 2.763199218750000075e+00 1.349291015624999979e+01 3.788542968750000295e+00 2.762847656249999950e+00 2.165996093750000018e+00 3.771902343750000330e+00 1.555802734375000007e+01 3.432713671875000472e+01 2.357246093750000160e+00 1.347275390625000036e+01 2.030410156249999876e+00 3.433526171875000443e+01 3.779597656249999993e+00 1.556673828125000014e+01
2.743277343749999986e+00 2.763199218750000075e+00 1.349291015624999979e+01 3.788542968750000295e+00 2.762847656249999950e+00 2.165996093750000018e+00 3.771902343750000330e+00 1.555802734375000007e+01 3.432713671875000472e+01 2.357246093750000160e+00 1.347275390625000036e+01 2.030410156249999876e+00 3.434057421875000671e+01 3.780535156250000028e+00 1.556673828125000014e+01
2.743277343749999986e+00 2.763199218750000075e+00 1.349291015624999979e+01 3.788542968750000295e+00 2.762847656249999950e+00 2.165996093750000018e+00 3.771902343750000330e+00 1.555802734375000007e+01 3.432713671875000472e+01 2.357246093750000160e+00 1.347275390625000036e+01 2.030410156249999876e+00 3.434057421875000671e+01 3.779597656249999993e+00 1.557029296874999957e+01
2.743277343749999986e+00 2.763199218750000075e+00 1.349291015624999979e+01 3.788542968750000295e+00 2.762847656249999950e+00 2.165996093750000018e+00 3.771902343750000330e+00 1.555802734375000007e+01 3.432713671875000472e+01 2.357246093750000160e+00 1.347275390625000036e+01 2.030410156249999876e+00 3.434057421875000671e+01 3.779597656249999993e+00 1.556673828125000014e+01
2.754058593749999950e+00 2.739058593749999826e+00 1.348791015624999901e+01 3.781472656250000064e+00 2.776285156249999719e+00 2.193769531249999627e+00 3.771667968750000099e+00 1.557349609374999844e+01 3.432987109375000045e+01 2.356855468750000071e+00 1.346287109374999957e+01 2.051855468749999911e+00 3.435026171875000500e+01 3.795535156250000153e+00 1.556529296874999879e+01
2.748277343749999879e+00 2.739058593749999826e+00 1.348791015624999901e+01 3.781472656250000064e+00 2.776285156249999719e+00 2.193769531249999627e+00 3.771667968750000099e+00 1.557349609374999844e+01 3.432987109375000045e+01 2.356855468750000071e+00 1.346287109374999957e+01 2.051855468749999911e+00 3.435026171875000500e+01 3.795535156250000153e+00 1.556529296874999879e+01
2.754058593749999950e+00 2.768199218749999968e+00 1.348791015624999901e+01 3.781472656250000064e+00 2.776285156249999719e+00 2.193769531249999627e+00 3.771667968750000099e+00 1.557349609374999844e+01 3.432987109375000045e+01 2.356855468750000071e+00 1.346287109374999957e+01 2.051855468749999911e+00 3.435026171875000500e+01 3.795535156250000153e+00 1.556529296874999879e+01
2.754058593749999950e+00 2.739058593749999826e+00 1.348791015624999901e+01 3.781472656250000064e+00 2.776285156249999719e+00 2.193769531249999627e+00 3.771667968750000099e+00 1.557349609374999844e+01 3.432987109375000045e+01 2.356855468750000071e+00 1.346287109374999957e+01 2.051855468749999911e+00 3.435026171875000500e+01 3.795535156250000153e+00 1.556529296874999879e+01
2.754058593749999950e+00 2.739058593749999826e+00 1.348791015624999901e+01 3.773542968750000171e+00 2.776285156249999719e+00 2.193769531249999627e+00 3.771667968750000099e+00 1.557349609374999844e+01 3.432987109375000045e+01 2.356855468750000071e+00 1.346287109374999957e+01 2.051855468749999911e+00 3.435026171875000500e+01 3.795535156250000153e+00 1.556529296874999879e+01
2.754058593749999950e+00 2.739058593749999826e+00 1.348791015624999901e+01 3.781472656250000064e+00 2.757847656250000057e+00 2.193769531249999627e+00 3.771667968750000099e+00 1.557349609374999844e+01 3.432987109375000045e+01 2.356855468750000071e+00 1.346287109374999957e+01 2.051855468749999911e+00 3.435026171875000500e+01 3.795535156250000153e+00 1.556529296874999879e+01
2.754058593749999950e+00 2.739058593749999826e+00 1.348791015624999901e+01 3.781472656250000064e+00 2.776285156249999719e+00 2.180996093749999698e+00 3.771667968750000099e+00 1.557349609374999844e+01 3.432987109375000045e+01 2.356855468750000071e+00 1.346287109374999957e+01 2.051855468749999911e+00 3.435026171875000500e+01 3.795535156250000153e+00 1.556529296874999879e+01
2.754058593749999950e+00 2.739058593749999826e+00 1.348791015624999901e+01 3.781472656250000064e+00 2.776285156249999719e+00 2.193769531249999627e+00 3.766902343749999993e+00 1.557349609374999844e+01 3.432987109375000045e+01 2.356855468750000071e+00 1.346287109374999957e+01 2.051855468749999911e+00 3.435026171875000500e+01 3.795535156250000153e+00 1.556529296874999879e+01
2.754058593749999950e+00 2.739058593749999826e+00 1.348791015624999901e+01 3.781472656250000064e+00 2.776285156249999719e+00 2.193769531249999627e+00 3.771667968750000099e+00 1.558302734374999865e+01 3.432987109375000045e+01 2.356855468750000071e+00 1.346287109374999957e+01 2.051855468749999911e+00 3.435026171875000500e+01 3.795535156250000153e+00 1.556529296874999879e+01
2.754058593749999950e+00 2.739058593749999826e+00 1.348791015624999901e+01 3.781472656250000064e+00 2.776285156249999719e+00 2.193769531249999627e+00 3.771667968750000099e+00 1.557349609374999844e+01 3.433213671875000017e+01 2.356855468750000071e+00 1.346287109374999957e+01 2.051855468749999911e+00 3.435026171875000500e+01 3.795535156250000153e+00 1.556529296874999879e+01
2.754058593749999950e+00 2.739058593749999826e+00 1.348791015624999901e+01 3.781472656250000064e+00 2.776285156249999719e+00 2.193769531249999627e+00 3.771667968750000099e+00 1.557349609374999844e+01 3.432987109375000045e+01 2.362246093750000053e+00 1.346287109374999957e+01 2.051855468749999911e+00 3.435026171875000500e+01 3.795535156250000153e+00 1.556529296874999879e+01
2.754058593749999950e+00 2.739058593749999826e+00 1.348791015624999901e+01 3.781472656250000064e+00 2.776285156249999719e+00 2.193769531249999627e+00 3.771667968750000099e+00 1.557349609374999844e+01 3.432987109375000045e+01 2.356855468750000071e+00 1.348775390624999915e+01 2.051855468749999911e+00 3.435026171875000500e+01 3.795535156250000153e+00 1.556529296874999879e+01
2.754058593749999950e+00 2.739058593749999826e+00 1.348791015624999901e+01 3.781472656250000064e+00 2.776285156249999719e+00 2.193769531249999627e+00 3.771667968750000099e+00 1.557349609374999844e+01 3.432987109375000045e+01 2.356855468750000071e+00 1.346287109374999957e+01 2.055410156249999787e+00 3.435026171875000500e+01 3.795535156250000153e+00 1.556529296874999879e+01
2.754058593749999950e+00 2.739058593749999826e+00 1.348791015624999901e+01 3.781472656250000064e+00 2.776285156249999719e+00 2.193769531249999627e+00 3.771667968750000099e+00 1.557349609374999844e+01 3.432987109375000045e+01 2.356855468750000071e+00 1.346287109374999957e+01 2.051855468749999911e+00 3.433557421875000415e+01 3.795535156250000153e+00 1.556529296874999879e+01
2.754058593749999950e+00 2.739058593749999826e+00 1.348791015624999901e+01 3.781472656250000064e+00 2.776285156249999719e+00 2.193769531249999627e+00 3.771667968750000099e+00 1.557349609374999844e+01 3.432987109375000045e+01 2.356855468750000071e+00 1.346287109374999957e+01 2.051855468749999911e+00 3.435026171875000500e+01 3.774597656250000099e+00 1.556529296874999879e+01
2.754058593749999950e+00 2.739058593749999826e+00 1.348791015624999901e+01 3.781472656250000064e+00 2.776285156249999719e+00 2.193769531249999627e+00 3.771667968750000099e+00 1.557349609374999844e+01 3.432987109375000045e+01 2.356855468750000071e+00 1.346287109374999957e+01 2.051855468749999911e+00 3.435026171875000500e+01 3.795535156250000153e+00 1.556173828124999936e+01
2.754058593749999950e+00 2.768199218749999968e+00 1.348791015624999901e+01 3.773542968750000171e+00 2.757847656250000057e+00 2.180996093749999698e+00 3.766902343749999993e+00 1.558302734374999865e+01 3.433213671875000017e+01 2.362246093750000053e+00 1.348775390624999915e+01 2.055410156249999787e+00 3.433557421875000415e+01 3.774597656250000099e+00 1.556173828124999936e+01
2.748277343749999879e+00 2.739058593749999826e+00 1.348791015624999901e+01 3.773542968750000171e+00 2.757847656250000057e+00 2.180996093749999698e+00 3.766902343749999993e+00 1.558302734374999865e+01 3.433213671875000017e+01 2.362246093750000053e+00 1.348775390624999915e+01 2.055410156249999787e+00 3.433557421875000415e+01 3.774597656250000099e+00 1.556173828124999936e+01
2.748277343749999879e+00 2.768199218749999968e+00 1.348791015624999901e+01 3.773542968750000171e+00 2.757847656250000057e+00 2.180996093749999698e+00 3.766902343749999993e+00 1.558302734374999865e+01 3.433213671875000017e+01 2.362246093750000053e+00 1.348775390624999915e+01 2.055410156249999787e+00 3.433557421875000415e+01 3.774597656250000099e+00 1.556173828124999936e+01
2.748277343749999879e+00 2.768199218749999968e+00 1.348791015624999901e+01 3.781472656250000064e+00 2.757847656250000057e+00 2.180996093749999698e+00 3.766902343749999993e+00 1.558302734374999865e+01 3.433213671875000017e+01 2.362246093750000053e+00 1.348775390624999915e+01 2.055410156249999787e+00 3.433557421875000415e+01 3.774597656250000099e+00 1.556173828124999936e+01
2.748277343749999879e+00 2.768199218749999968e+00 1.348791015624999901e+01 3.773542968750000171e+00 2.776285156249999719e+00 2.180996093749999698e+00 3.766902343749999993e+00 1.558302734374999865e+01 3.433213671875000017e+01 2.362246093750000053e+00 1.348775390624999915e+01 2.055410156249999787e+00 3.433557421875000415e+01 3.774597656250000099e+00 1.556173828124999936e+01
2.748277343749999879e+00 2.768199218749999968e+00 1.348791015624999901e+01 3.773542968750000171e+00 2.757847656250000057e+00 2.193769531249999627e+00 3.766902343749999993e+00 1.558302734374999865e+01 3.433213671875000017e+01 2.362246093750000053e+00 1.348775390624999915e+01 2.055410156249999787e+00 3.433557421875000415e+01 3.774597656250000099e+00 1.556173828124999936e+01
2.748277343749999879e+00 2.768199218749999968e+00 1.348791015624999901e+01 3.773542968750000171e+00 2.757847656250000057e+00 2.180996093749999698e+00 3.771667968750000099e+00 1.558302734374999865e+01 3.433213671875000017e+01 2.362246093750000053e+00 1.348775390624999915e+01 2.055410156249999787e+00 3.433557421875000415e+01 3.774597656250000099e+00 1.556173828124999936e+01
2.748277343749999879e+00 2.768199218749999968e+00 1.348791015624999901e+01 3.773542968750000171e+00 2.757847656250000057e+00 2.180996093749999698e+00 3.766902343749999993e+00 1.557349609374999844e+01 3.433213671875000017e+01 2.362246093750000053e+00 1.348775390624999915e+01 2.055410156249999787e+00 3.433557421875000415e+01 3.774597656250000099e+00 1.556173828124999936e+01
2.748277343749999879e+00 2.768199218749999968e+00 1.348791015624999901e+01 3.773542968750000171e+00 2.757847656250000057e+00 2.180996093749999698e+00 3.766902343749999993e+00 1.558302734374999865e+01 3.432987109375000045e+01 2.362246093750000053e+00 1.348775390624999915e+01 2.055410156249999787e+00 3.433557421875000415e+01 3.774597656250000099e+00 1.556173828124999936e+01
2.748277343749999879e+00 2.768199218749999968e+00 1.348791015624999901e+01 3.773542968750000171e+00 2.757847656250000057e+00 2.180996093749999698e+00 3.766902343749999993e+00 1.558302734374999865e+01 3.433213671875000017e+01 2.356855468750000071e+00 1.348775390624999915e+01 2.055410156249999787e+00 3.433557421875000415e+01 3.774597656250000099e+00 1.556173828124999936e+01
2.748277343749999879e+00 2.768199218749999968e+00 1.348791015624999901e+01 3.773542968750000171e+00 2.757847656250000057e+00 2.180996093749999698e+00 3.766902343749999993e+00 1.558302734374999865e+01 3.433213671875000017e+01 2.362246093750000053e+00 1.346287109374999957e+01 2.055410156249999787e+00 3.433557421875000415e+01 3.774597656250000099e+00 1.556173828124999936e+01
2.748277343749999879e+00 2.768199218749999968e+00 1.348791015624999901e+01 3.773542968750000171e+00 2.757847656250000057e+00 2.180996093749999698e+00 3.766902343749999993e+00 1.558302734374999865e+01 3.433213671875000017e+01 2.362246093750000053e+00 1.348775390624999915e+01 2.051855468749999911e+00 3.433557421875000415e+01 3.774597656250000099e+00 1.556173828124999936e+01
2.748277343749999879e+00 2.768199218749999968e+00 1.348791015624999901e+01 3.773542968750000171e+00 2.757847656250000057e+00 2.180996093749999698e+00 3.766902343749999993e+00 1.558302734374999865e+01 3.433213671875000017e+01 2.362246093750000053e+00 1.348775390624999915e+01 2.055410156249999787e+00 3.435026171875000500e+01 3.774597656250000099e+00 1.556173828124999936e+01
2.748277343749999879e+00 2.768199218749999968e+00 1.348791015624999901e+01 3.773542968750000171e+00 2.757847656250000057e+00 2.180996093749999698e+00 3.766902343749999993e+00 1.558302734374999865e+01 3.433213671875000017e+01 2.362246093750000053e+00 1.348775390624999915e+01 2.055410156249999787e+00 3.433557421875000415e+01 3.795535156250000153e+00 1.556173828124999936e+01
2.748277343749999879e+00 2.768199218749999968e+00 1.348791015624999901e+01 3.773542968750000171e+00 2.757847656250000057e+00 2.180996093749999698e+00 3.766902343749999993e+00 1.558302734374999865e+01 3.433213671875000017e+01 2.362246093750000053e+00 1.348775390624999915e+01 2.055410156249999787e+00 3.433557421875000415e+01 3.774597656250000099e+00 1.556529296874999879e+01
2.748277343749999879e+00 2.768199218749999968e+00 1.348791015624999901e+01 3.773542968750000171e+00 2.757847656250000057e+00 2.180996093749999698e+00 3.766902343749999993e+00 1.558302734374999865e+01 3.433213671875000017e+01 2.362246093750000053e+00 1.348775390624999915e+01 2.055410156249999787e+00 3.433557421875000415e+01 3.774597656250000099e+00 1.556173828124999936e+01
2.774058593749999968e+00 2.759058593749999844e+00 1.346791015624999943e+01 3.761472656250000046e+00 2.756285156249999702e+00 2.173769531249999609e+00 3.791667968750000117e+00 1.559349609374999801e+01 3.434987109375000358e+01 2.376855468750000089e+00 1.348287109374999915e+01 2.031855468749999893e+00 3.433026171875000188e+01 3.775535156250000135e+00 1.558529296874999837e+01
2.768277343749999897e+00 2.759058593749999844e+00 1.346791015624999943e+01 3.761472656250000046e+00 2.756285156249999702e+00 2.173769531249999609e+00 3.791667968750000117e+00 1.559349609374999801e+01 3.434987109375000358e+01 2.376855468750000089e+00 1.348287109374999915e+01 2.031855468749999893e+00 3.433026171875000188e+01 3.775535156250000135e+00 1.558529296874999837e+01
2.774058593749999968e+00 2.748199218749999950e+00 1.346791015624999943e+01 3.761472656250000046e+00 2.756285156249999702e+00 2.173769531249999609e+00 3.791667968750000117e+00 1.559349609374999801e+01 3.434987109375000358e+01 2.376855468750000089e+00 1.348287109374999915e+01 2.031855468749999893e+00 3.433026171875000188e+01 3.775535156250000135e+00 1.558529296874999837e+01
2.774058593749999968e+00 2.759058593749999844e+00 1.346791015624999943e+01 3.761472656250000046e+00 2.756285156249999702e+00 2.173769531249999609e+00 3.791667968750000117e+00 1.559349609374999801e+01 3.434987109375000358e+01 2.376855468750000089e+00 1.348287109374999915e+01 2.031855468749999893e+00 3.433026171875000188e+01 3.775535156250000135e+00 1.558529296874999837e+01
2.774058593749999968e+00 2.759058593749999844e+00 1.346791015624999943e+01 3.793542968750000188e+00 2.756285156249999702e+00 2.173769531249999609e+00 3.791667968750000117e+00 1.559349609374999801e+01 3.434987109375000358e+01 2.376855468750000089e+00 1.348287109374999915e+01 2.031855468749999893e+00 3.433026171875000188e+01 3.775535156250000135e+00 1.558529296874999837e+01
2.774058593749999968e+00 2.759058593749999844e+00 1.346791015624999943e+01 3.761472656250000046e+00 2.777847656250000075e+00 2.173769531249999609e+00 3.791667968750000117e+00 1.559349609374999801e+01 3.434987109375000358e+01 2.376855468750000089e+00 1.348287109374999915e+01 2.031855468749999893e+00 3.433026171875000188e+01 3.775535156250000135e+00 1.558529296874999837e+01
2.774058593749999968e+00 2.759058593749999844e+00 1.346791015624999943e+01 3.761472656250000046e+00 2.756285156249999702e+00 2.160996093749999680e+00 3.791667968750000117e+00 1.559349609374999801e+01 3.434987109375000358e+01 2.376855468750000089e+00 1.348287109374999915e+01 2.031855468749999893e+00 3.433026171875000188e+01 3.775535156250000135e+00 1.558529296874999837e+01
2.774058593749999968e+00 2.759058593749999844e+00 1.346791015624999943e+01 3.761472656250000046e+00 2.756285156249999702e+00 2.173769531249999609e+00 3.786902343750000011e+00 1.559349609374999801e+01 3.434987109375000358e+01 2.376855468750000089e+00 1.348287109374999915e+01 2.031855468749999893e+00 3.433026171875000188e+01 3.775535156250000135e+00 1.558529296874999837e+01
2.774058593749999968e+00 2.759058593749999844e+00 1.346791015624999943e+01 3.761472656250000046e+00 2.756285156249999702e+00 2.173769531249999609e+00 3.791667968750000117e+00 1.556302734374999908e+01 3.434987109375000358e+01 2.376855468750000089e+00 1.348287109374999915e+01 2.031855468749999893e+00 3.433026171875000188e+01 3.775535156250000135e+00 1.558529296874999837e+01
2.774058593749999968e+00 2.759058593749999844e+00 1.346791015624999943e+01 3.761472656250000046e+00 2.756285156249999702e+00 2.173769531249999609e+00 3.791667968750000117e+00 1.559349609374999801e+01 3.435213671875000330e+01 2.376855468750000089e+00 1.348287109374999915e+01 2.031855468749999893e+00 3.433026171875000188e+01 3.775535156250000135e+00 1.558529296874999837e+01
2.774058593749999968e+00 2.759058593749999844e+00 1.346791015624999943e+01 3.761472656250000046e+00 2.756285156249999702e+00 2.173769531249999609e+00 3.791667968750000117e+00 1.559349609374999801e+01 3.434987109375000358e+01 2.382246093750000071e+00 1.348287109374999915e+01 2.031855468749999893e+00 3.433026171875000188e+01 3.775535156250000135e+00 1.558529296874999837e+01
2.774058593749999968e+00 2.759058593749999844e+00 1.346791015624999943e+01 3.761472656250000046e+00 2.756285156249999702e+00 2.173769531249999609e+00 3.791667968750000117e+00 1.559349609374999801e+01 3.434987109375000358e+01 2.376855468750000089e+00 1.346775390624999957e+01 2.031855468749999893e+00 3.433026171875000188e+01 3.775535156250000135e+00 1.558529296874999837e+01
2.774058593749999968e+00 2.759058593749999844e+00 1.346791015624999943e+01 3.761472656250000046e+00 2.756285156249999702e+00 2.173769531249999609e+00 3.791667968750000117e+00 1.559349609374999801e+01 3.434987109375000358e+01 2.376855468750000089e+00 1.348287109374999915e+01 2.035410156249999769e+00 3.433026171875000188e+01 3.775535156250000135e+00 1.558529296874999837e+01
2.774058593749999968e+00 2.759058593749999844e+00 1.346791015624999943e+01 3.761472656250000046e+00 2.756285156249999702e+00 2.173769531249999609e+00 3.791667968750000117e+00 1.559349609374999801e+01 3.434987109375000358e+01 2.376855468750000089e+00 1.348287109374999915e+01 2.031855468749999893e+00 3.435557421875000728e+01 3.775535156250000135e+00 1.558529296874999837e+01
2.774058593749999968e+00 2.759058593749999844e+00 1.346791015624999943e+01 3.761472656250000046e+00 2.756285156249999702e+00 2.173769531249999609e+00 3.791667968750000117e+00 1.559349609374999801e+01 3.434987109375000358e+01 2.376855468750000089e+00 1.348287109374999915e+01 2.031855468749999893e+00 3.433026171875000188e+01 3.794597656250000117e+00 1.558529296874999837e+01
2.774058593749999968e+00 2.759058593749999844e+00 1.346791015624999943e+01 3.761472656250000046e+00 2.756285156249999702e+00 2.173769531249999609e+00 3.791667968750000117e+00 1.559349609374999801e+01 3.434987109375000358e+01 2.376855468750000089e+00 1.348287109374999915e+01 2.031855468749999893e+00 3.433026171875000188e+01 3.775535156250000135e+00 1.558173828124999893e+01
2.774058593749999968e+00 2.748199218749999950e+00 1.346791015624999943e+01 3.793542968750000188e+00 2.777847656250000075e+00 2.160996093749999680e+00 3.786902343750000011e+00 1.556302734374999908e+01 3.435213671875000330e+01 2.382246093750000071e+00 1.346775390624999957e+01 2.035410156249999769e+00 3.435557421875000728e+01 3.794597656250000117e+00 1.558173828124999893e+01
2.768277343749999897e+00 2.759058593749999844e+00 1.346791015624999943e+01 3.793542968750000188e+00 2.777847656250000075e+00 2.160996093749999680e+00 3.786902343750000011e+00 1.556302734374999908e+01 3.435213671875000330e+01 2.382246093750000071e+00 1.346775390624999957e+01 2.035410156249999769e+00 3.435557421875000728e+01 3.794597656250000117e+00 1.558173828124999893e+01
2.768277343749999897e+00 2.748199218749999950e+00 1.346791015624999943e+01 3.793542968750000188e+00 2.777847656250000075e+00 2.160996093749999680e+00 3.786902343750000011e+00 1.556302734374999908e+01 3.435213671875000330e+01 2.382246093750000071e+00 1.346775390624999957e+01 2.035410156249999769e+00 3.435557421875000728e+01 3.794597656250000117e+00 1.558173828124999893e+01
2.768277343749999897e+00 2.748199218749999950e+00 1.346791015624999943e+01 3.761472656250000046e+00 2.777847656250000075e+00 2.160996093749999680e+00 3.786902343750000011e+00 1.556302734374999908e+01 3.435213671875000330e+01 2.382246093750000071e+00 1.346775390624999957e+01 2.035410156249999769e+00 3.435557421875000728e+01 3.794597656250000117e+00 1.558173828124999893e+01
2.768277343749999897e+00 2.748199218749999950e+00 1.346791015624999943e+01 3.793542968750000188e+00 2.756285156249999702e+00 2.160996093749999680e+00 3.786902343750000011e+00 1.556302734374999908e+01 3.435213671875000330e+01 2.382246093750000071e+00 1.346775390624999957e+01 2.035410156249999769e+00 3.435557421875000728e+01 3.794597656250000117e+00 1.558173828124999893e+01
2.768277343749999897e+00 2.748199218749999950e+00 1.346791015624999943e+01 3.793542968750000188e+00 2.777847656250000075e+00 2.173769531249999609e+00 3.786902343750000011e+00 1.556302734374999908e+01 3.435213671875000330e+01 2.382246093750000071e+00 1.346775390624999957e+01 2.035410156249999769e+00 3.435557421875000728e+01 3.794597656250000117e+00 1.558173828124999893e+01
2.768277343749999897e+00 2.748199218749999950e+00 1.346791015624999943e+01 3.793542968750000188e+00 2.777847656250000075e+00 2.160996093749999680e+00 3.791667968750000117e+00 1.556302734374999908e+01 3.435213671875000330e+01 2.382246093750000071e+00 1.346775390624999957e+01 2.035410156249999769e+00 3.435557421875000728e+01 3.794597656250000117e+00 1.558173828124999893e+01
2.768277343749999897e+00 2.748199218749999950e+00 1.346791015624999943e+01 3.793542968750000188e+00 2.777847656250000075e+00 2.160996093749999680e+00 3.786902343750000011e+00 1.559349609374999801e+01 3.435213671875000330e+01 2.382246093750000071e+00 1.346775390624999957e+01 2.035410156249999769e+00 3.435557421875000728e+01 3.794597656250000117e+00 1.558173828124999893e+01
2.768277343749999897e+00 2.748199218749999950e+00 1.346791015624999943e+01 3.793542968750000188e+00 2.777847656250000075e+00 2.160996093749999680e+00 3.786902343750000011e+00 1.556302734374999908e+01 3.434987109375000358e+01 2.382246093750000071e+00 1.346775390624999957e+01 2.035410156249999769e+00 3.435557421875000728e+01 3.794597656250000117e+00 1.558173828124999893e+01
2.768277343749999897e+00 2.748199218749999950e+00 1.346791015624999943e+01 3.793542968750000188e+00 2.777847656250000075e+00 2.160996093749999680e+00 3.786902343750000011e+00 1.556302734374999908e+01 3.435213671875000330e+01 2.376855468750000089e+00 1.346775390624999957e+01 2.035410156249999769e+00 3.435557421875000728e+01 3.794597656250000117e+00 1.558173828124999893e+01
2.768277343749999897e+00 2.748199218749999950e+00 1.346791015624999943e+01 3.793542968750000188e+00 2.777847656250000075e+00 2.160996093749999680e+00 3.786902343750000011e+00 1.556302734374999908e+01 3.435213671875000330e+01 2.382246093750000071e+00 1.348287109374999915e+01 2.035410156249999769e+00 3.435557421875000728e+01 3.794597656250000117e+00 1.558173828124999893e+01
2.768277343749999897e+00 2.748199218749999950e+00 1.346791015624999943e+01 3.793542968750000188e+00 2.777847656250000075e+00 2.160996093749999680e+00 3.786902343750000011e+00 1.556302734374999908e+01 3.435213671875000330e+01 2.382246093750000071e+00 1.346775390624999957e+01 2.031855468749999893e+00 3.435557421875000728e+01 3.794597656250000117e+00 1.558173828124999893e+01
2.768277343749999897e+00 2.748199218749999950e+00 1.346791015624999943e+01 3.793542968750000188e+00 2.777847656250000075e+00 2.160996093749999680e+00 3.786902343750000011e+00 1.556302734374999908e+01 3.435213671875000330e+01 2.382246093750000071e+00 1.346775390624999957e+01 2.035410156249999769e+00 3.433026171875000188e+01 3.794597656250000117e+00 1.558173828124999893e+01
2.768277343749999897e+00 2.748199218749999950e+00 1.346791015624999943e+01 3.793542968750000188e+00 2.777847656250000075e+00 2.160996093749999680e+00 3.786902343750000011e+00 1.556302734374999908e+01 3.435213671875000330e+01 2.382246093750000071e+00 1.346775390624999957e+01 2.035410156249999769e+00 3.435557421875000728e+01 3.775535156250000135e+00 1.558173828124999893e+01
2.768277343749999897e+00 2.748199218749999950e+00 1.346791015624999943e+01 3.793542968750000188e+00 2.777847656250000075e+00 2.160996093749999680e+00 3.786902343750000011e+00 1.556302734374999908e+01 3.435213671875000330e+01 2.382246093750000071e+00 1.346775390624999957e+01 2.035410156249999769e+00 3.435557421875000728e+01 3.794597656250000117e+00 1.558529296874999837e+01
2.768277343749999897e+00 2.748199218749999950e+00 1.346791015624999943e+01 3.793542968750000188e+00 2.777847656250000075e+00 2.160996093749999680e+00 3.786902343750000011e+00 1.556302734374999908e+01 3.435213671875000330e+01 2.382246093750000071e+00 1.346775390624999957e+01 2.035410156249999769e+00 3.435557421875000728e+01 3.794597656250000117e+00 1.558173828124999893e+01
2.764058593749999737e+00 2.749058593750000057e+00 1.347791015624999922e+01 3.791472656250000295e+00 2.746285156249999915e+00 2.163769531249999822e+00 3.761667968750000313e+00 1.558349609374999822e+01 3.433987109375000557e+01 2.386855468749999876e+00 1.349287109374999893e+01 2.041855468749999680e+00 3.434026171875000699e+01 3.785535156249999922e+00 1.557529296874999858e+01
2.758277343750000110e+00 2.749058593750000057e+00 1.347791015624999922e+01 3.791472656250000295e+00 2.746285156249999915e+00 2.163769531249999822e+00 3.761667968750000313e+00 1.558349609374999822e+01 3.433987109375000557e+01 2.386855468749999876e+00 1.349287109374999893e+01 2.041855468749999680e+00 3.434026171875000699e+01 3.785535156249999922e+00 1.557529296874999858e+01
2.764058593749999737e+00 2.758199218749999737e+00 1.347791015624999922e+01 3.791472656250000295e+00 2.746285156249999915e+00 2.163769531249999822e+00 3.761667968750000313e+00 1.558349609374999822e+01 3.433987109375000557e+01 2.386855468749999876e+00 1.349287109374999893e+01 2.041855468749999680e+00 3.434026171875000699e+01 3.785535156249999922e+00 1.557529296874999858e+01
2.764058593749999737e+00 2.749058593750000057e+00 1.347791015624999922e+01 3.791472656250000295e+00 2.746285156249999915e+00 2.163769531249999822e+00 3.761667968750000313e+00 1.558349609374999822e+01 3.433987109375000557e+01 2.386855468749999876e+00 1.349287109374999893e+01 2.041855468749999680e+00 3.434026171875000699e+01 3.785535156249999922e+00 1.557529296874999858e+01
2.764058593749999737e+00 2.749058593750000057e+00 1.347791015624999922e+01 3.783542968749999957e+00 2.746285156249999915e+00 2.163769531249999822e+00 3.761667968750000313e+00 1.558349609374999822e+01 3.433987109375000557e+01 2.386855468749999876e+00 1.349287109374999893e+01 2.041855468749999680e+00 3.434026171875000699e+01 3.785535156249999922e+00 1.557529296874999858e+01
2.764058593749999737e+00 2.749058593750000057e+00 1.347791015624999922e+01 3.791472656250000295e+00 2.747847656249999826e+00 2.163769531249999822e+00 3.761667968750000313e+00 1.558349609374999822e+01 3.433987109375000557e+01 2.386855468749999876e+00 1.349287109374999893e+01 2.041855468749999680e+00 3.434026171875000699e+01 3.785535156249999922e+00 1.557529296874999858e+01
2.764058593749999737e+00 2.749058593750000057e+00 1.347791015624999922e+01 3.791472656250000295e+00 2.746285156249999915e+00 2.190996093749999929e+00 3.761667968750000313e+00 1.558349609374999822e+01 3.433987109375000557e+01 2.386855468749999876e+00 1.349287109374999893e+01 2.041855468749999680e+00 3.434026171875000699e+01 3.785535156249999922e+00 1.557529296874999858e+01
2.764058593749999737e+00 2.749058593750000057e+00 1.347791015624999922e+01 3.791472656250000295e+00 2.746285156249999915e+00 2.163769531249999822e+00 3.796902343750000242e+00 1.558349609374999822e+01 3.433987109375000557e+01 2.386855468749999876e+00 1.349287109374999893e+01 2.041855468749999680e+00 3.434026171875000699e+01 3.785535156249999922e+00 1.557529296874999858e+01
2.764058593749999737e+00 2.749058593750000057e+00 1.347791015624999922e+01 3.791472656250000295e+00 2.746285156249999915e+00 2.163769531249999822e+00 3.761667968750000313e+00 1.559302734374999844e+01 3.433987109375000557e+01 2.386855468749999876e+00 1.349287109374999893e+01 2.041855468749999680e+00 3.434026171875000699e+01 3.785535156249999922e+00 1.557529296874999858e+01
2.764058593749999737e+00 2.749058593750000057e+00 1.347791015624999922e+01 3.791472656250000295e+00 2.746285156249999915e+00 2.163769531249999822e+00 3.761667968750000313e+00 1.558349609374999822e+01 3.432213671875000216e+01 2.386855468749999876e+00 1.349287109374999893e+01 2.041855468749999680e+00 3.434026171875000699e+01 3.785535156249999922e+00 1.557529296874999858e+01
2.764058593749999737e+00 2.749058593750000057e+00 1.347791015624999922e+01 3.791472656250000295e+00 2.746285156249999915e+00 2.163769531249999822e+00 3.761667968750000313e+00 1.558349609374999822e+01 3.433987109375000557e+01 2.372246093749999840e+00 1.349287109374999893e+01 2.041855468749999680e+00 3.434026171875000699e+01 3.785535156249999922e+00 1.557529296874999858e+01
2.764058593749999737e+00 2.749058593750000057e+00 1.347791015624999922e+01 3.791472656250000295e+00 2.746285156249999915e+00 2.163769531249999822e+00 3.761667968750000313e+00 1.558349609374999822e+01 3.433987109375000557e+01 2.386855468749999876e+00 1.345775390624999979e+01 2.041855468749999680e+00 3.434026171875000699e+01 3.785535156249999922e+00 1.557529296874999858e+01
2.764058593749999737e+00 2.749058593750000057e+00 1.347791015624999922e+01 3.791472656250000295e+00 2.746285156249999915e+00 2.163769531249999822e+00 3.761667968750000313e+00 1.558349609374999822e+01 3.433987109375000557e+01 2.386855468749999876e+00 1.349287109374999893e+01 2.065410156250000018e+00 3.434026171875000699e+01 3.785535156249999922e+00 1.557529296874999858e+01
2.764058593749999737e+00 2.749058593750000057e+00 1.347791015624999922e+01 3.791472656250000295e+00 2.746285156249999915e+00 2.163769531249999822e+00 3.761667968750000313e+00 1.558349609374999822e+01 3.433987109375000557e+01 2.386855468749999876e+00 1.349287109374999893e+01 2.041855468749999680e+00 3.434557421875000216e+01 3.785535156249999922e+00 1.557529296874999858e+01
2.764058593749999737e+00 2.749058593750000057e+00 1.347791015624999922e+01 3.791472656250000295e+00 2.746285156249999915e+00 2.163769531249999822e+00 3.761667968750000313e+00 1.558349609374999822e+01 3.433987109375000557e+01 2.386855468749999876e+00 1.349287109374999893e+01 2.041855468749999680e+00 3.434026171875000699e+01 3.764597656250000313e+00 1.557529296874999858e+01
2.764058593749999737e+00 2.749058593750000057e+00 1.347791015624999922e+01 3.791472656250000295e+00 2.746285156249999915e+00 2.163769531249999822e+00 3.761667968750000313e+00 1.558349609374999822e+01 3.433987109375000557e+01 2.386855468749999876e+00 1.349287109374999893e+01 2.041855468749999680e+00 3.434026171875000699e+01 3.785535156249999922e+00 1.559173828124999872e+01
2.764058593749999737e+00 2.758199218749999737e+00 1.347791015624999922e+01 3.783542968749999957e+00 2.747847656249999826e+00 2.190996093749999929e+00 3.796902343750000242e+00 1.559302734374999844e+01 3.432213671875000216e+01 2.372246093749999840e+00 1.345775390624999979e+01 2.065410156250000018e+00 3.434557421875000216e+01 3.764597656250000313e+00 1.559173828124999872e+01
2.758277343750000110e+00 2.749058593750000057e+00 1.347791015624999922e+01 3.783542968749999957e+00 2.747847656249999826e+00 2.190996093749999929e+00 3.796902343750000242e+00 1.559302734374999844e+01 3.432213671875000216e+01 2.372246093749999840e+00 1.345775390624999979e+01 2.065410156250000018e+00 3.434557421875000216e+01 3.764597656250000313e+00 1.559173828124999872e+01
2.758277343750000110e+00 2.758199218749999737e+00 1.347791015624999922e+01 3.783542968749999957e+00 2.747847656249999826e+00 2.190996093749999929e+00 3.796902343750000242e+00 1.559302734374999844e+01 3.432213671875000216e+01 2.372246093749999840e+00 1.345775390624999979e+01 2.065410156250000018e+00 3.434557421875000216e+01 3.764597656250000313e+00 1.559173828124999872e+01
2.758277343750000110e+00 2.758199218749999737e+00 1.347791015624999922e+01 3.791472656250000295e+00 2.747847656249999826e+00 2.190996093749999929e+00 3.796902343750000242e+00 1.559302734374999844e+01 3.432213671875000216e+01 2.372246093749999840e+00 1.345775390624999979e+01 2.065410156250000018e+00 3.434557421875000216e+01 3.764597656250000313e+00 1.559173828124999872e+01
2.758277343750000110e+00 2.758199218749999737e+00 1.347791015624999922e+01 3.783542968749999957e+00 2.746285156249999915e+00 2.190996093749999929e+00 3.796902343750000242e+00 1.559302734374999844e+01 3.432213671875000216e+01 2.372246093749999840e+00 1.345775390624999979e+01 2.065410156250000018e+00 3.434557421875000216e+01 3.764597656250000313e+00 1.559173828124999872e+01
2.758277343750000110e+00 2.758199218749999737e+00 1.347791015624999922e+01 3.783542968749999957e+00 2.747847656249999826e+00 2.163769531249999822e+00 3.796902343750000242e+00 1.559302734374999844e+01 3.432213671875000216e+01 2.372246093749999840e+00 1.345775390624999979e+01 2.065410156250000018e+00 3.434557421875000216e+01 3.764597656250000313e+00 1.559173828124999872e+01
2.758277343750000110e+00 2.758199218749999737e+00 1.347791015624999922e+01 3.783542968749999957e+00 2.747847656249999826e+00 2.190996093749999929e+00 3.761667968750000313e+00 1.559302734374999844e+01 3.432213671875000216e+01 2.372246093749999840e+00 1.345775390624999979e+01 2.065410156250000018e+00 3.434557421875000216e+01 3.764597656250000313e+00 1.559173828124999872e+01
2.758277343750000110e+00 2.758199218749999737e+00 1.347791015624999922e+01 3.783542968749999957e+00 2.747847656249999826e+00 2.190996093749999929e+00 3.796902343750000242e+00 1.558349609374999822e+01 3.432213671875000216e+01 2.372246093749999840e+00 1.345775390624999979e+01 2.065410156250000018e+00 3.434557421875000216e+01 3.764597656250000313e+00 1.559173828124999872e+01
2.758277343750000110e+00 2.758199218749999737e+00 1.347791015624999922e+01 3.783542968749999957e+00 2.747847656249999826e+00 2.190996093749999929e+00 3.796902343750000242e+00 1.559302734374999844e+01 3.433987109375000557e+01 2.372246093749999840e+00 1.345775390624999979e+01 2.065410156250000018e+00 3.434557421875000216e+01 3.764597656250000313e+00 1.559173828124999872e+01
2.758277343750000110e+00 2.758199218749999737e+00 1.347791015624999922e+01 3.783542968749999957e+00 2.747847656249999826e+00 2.190996093749999929e+00 3.796902343750000242e+00 1.559302734374999844e+01 3.432213671875000216e+01 2.386855468749999876e+00 1.345775390624999979e+01 2.065410156250000018e+00 3.434557421875000216e+01 3.764597656250000313e+00 1.559173828124999872e+01
2.758277343750000110e+00 2.758199218749999737e+00 1.347791015624999922e+01 3.783542968749999957e+00 2.747847656249999826e+00 2.190996093749999929e+00 3.796902343750000242e+00 1.559302734374999844e+01 3.432213671875000216e+01 2.372246093749999840e+00 1.349287109374999893e+01 2.065410156250000018e+00 3.434557421875000216e+01 3.764597656250000313e+00 1.559173828124999872e+01
2.758277343750000110e+00 2.758199218749999737e+00 1.347791015624999922e+01 3.783542968749999957e+00 2.747847656249999826e+00 2.190996093749999929e+00 3.796902343750000242e+00 1.559302734374999844e+01 3.432213671875000216e+01 2.372246093749999840e+00 1.345775390624999979e+01 2.041855468749999680e+00 3.434557421875000216e+01 3.764597656250000313e+00 1.559173828124999872e+01
2.758277343750000110e+00 2.758199218749999737e+00 1.347791015624999922e+01 3.783542968749999957e+00 2.747847656249999826e+00 2.190996093749999929e+00 3.796902343750000242e+00 1.559302734374999844e+01 3.432213671875000216e+01 2.372246093749999840e+00 1.345775390624999979e+01 2.065410156250000018e+00 3.434026171875000699e+01 3.764597656250000313e+00 1.559173828124999872e+01
2.758277343750000110e+00 2.758199218749999737e+00 1.347791015624999922e+01 3.783542968749999957e+00 2.747847656249999826e+00 2.190996093749999929e+00 3.796902343750000242e+00 1.559302734374999844e+01 3.432213671875000216e+01 2.372246093749999840e+00 1.345775390624999979e+01 2.065410156250000018e+00 3.434557421875000216e+01 3.785535156249999922e+00 1.559173828124999872e+01
2.758277343750000110e+00 2.758199218749999737e+00 1.347791015624999922e+01 3.783542968749999957e+00 2.747847656249999826e+00 2.190996093749999929e+00 3.796902343750000242e+00 1.559302734374999844e+01 3.432213671875000216e+01 2.372246093749999840e+00 1.345775390624999979e+01 2.065410156250000018e+00 3.434557421875000216e+01 3.764597656250000313e+00 1.557529296874999858e+01
2.758277343750000110e+00 2.758199218749999737e+00 1.347791015624999922e+01 3.783542968749999957e+00 2.747847656249999826e+00 2.190996093749999929e+00 3.796902343750000242e+00 1.559302734374999844e+01 3.432213671875000216e+01 2.372246093749999840e+00 1.345775390624999979e+01 2.065410156250000018e+00 3.434557421875000216e+01 3.764597656250000313e+00 1.559173828124999872e+01
2.744058593749999719e+00 2.769058593750000075e+00 1.345791015624999964e+01 3.771472656250000277e+00 2.766285156249999932e+00 2.183769531249999840e+00 3.781667968750000330e+00 1.556349609374999865e+01 3.431987109375000244e+01 2.366855468749999858e+00 1.347287109374999936e+01 2.061855468749999698e+00 3.432026171875000387e+01 3.765535156249999904e+00 1.555529296874999901e+01
2.778277343750000128e+00 2.769058593750000075e+00 1.345791015624999964e+01 3.771472656250000277e+00 2.766285156249999932e+00 2.183769531249999840e+00 3.781667968750000330e+00 1.556349609374999865e+01 3.431987109375000244e+01 2.366855468749999858e+00 1.347287109374999936e+01 2.061855468749999698e+00 3.432026171875000387e+01 3.765535156249999904e+00 1.555529296874999901e+01
2.744058593749999719e+00 2.778199218749999755e+00 1.345791015624999964e+01 3.771472656250000277e+00 2.766285156249999932e+00 2.183769531249999840e+00 3.781667968750000330e+00 1.556349609374999865e+01 3.431987109375000244e+01 2.366855468749999858e+00 1.347287109374999936e+01 2.061855468749999698e+00 3.432026171875000387e+01 3.765535156249999904e+00 1.555529296874999901e+01
2.744058593749999719e+00 2.769058593750000075e+00 1.345791015624999964e+01 3.771472656250000277e+00 2.766285156249999932e+00 2.183769531249999840e+00 3.781667968750000330e+00 1.556349609374999865e+01 3.431987109375000244e+01 2.366855468749999858e+00 1.347287109374999936e+01 2.061855468749999698e+00 3.432026171875000387e+01 3.765535156249999904e+00 1.555529296874999901e+01
2.744058593749999719e+00 2.769058593750000075e+00 1.345791015624999964e+01 3.763542968749999940e+00 2.766285156249999932e+00 2.183769531249999840e+00 3.781667968750000330e+00 1.556349609374999865e+01 3.431987109375000244e+01 2.366855468749999858e+00 1.347287109374999936e+01 2.061855468749999698e+00 3.432026171875000387e+01 3.765535156249999904e+00 1.555529296874999901e+01
2.744058593749999719e+00 2.769058593750000075e+00 1.345791015624999964e+01 3.771472656250000277e+00 2.767847656249999844e+00 2.183769531249999840e+00 3.781667968750000330e+00 1.556349609374999865e+01 3.431987109375000244e+01 2.366855468749999858e+00 1.347287109374999936e+01 2.061855468749999698e+00 3.432026171875000387e+01 3.765535156249999904e+00 1.555529296874999901e+01
2.744058593749999719e+00 2.769058593750000075e+00 1.345791015624999964e+01 3.771472656250000277e+00 2.766285156249999932e+00 2.170996093749999911e+00 3.781667968750000330e+00 1.556349609374999865e+01 3.431987109375000244e+01 2.366855468749999858e+00 1.347287109374999936e+01 2.061855468749999698e+00 3.432026171875000387e+01 3.765535156249999904e+00 1.555529296874999901e+01
2.744058593749999719e+00 2.769058593750000075e+00 1.345791015624999964e+01 3.771472656250000277e+00 2.766285156249999932e+00 2.183769531249999840e+00 3.776902343750000224e+00 1.556349609374999865e+01 3.431987109375000244e+01 2.366855468749999858e+00 1.347287109374999936e+01 2.061855468749999698e+00 3.432026171875000387e+01 3.765535156249999904e+00 1.555529296874999901e+01
2.744058593749999719e+00 2.769058593750000075e+00 1.345791015624999964e+01 3.771472656250000277e+00 2.766285156249999932e+00 2.183769531249999840e+00 3.781667968750000330e+00 1.557302734374999886e+01 3.431987109375000244e+01 2.366855468749999858e+00 1.347287109374999936e+01 2.061855468749999698e+00 3.432026171875000387e+01 3.765535156249999904e+00 1.555529296874999901e+01
2.744058593749999719e+00 2.769058593750000075e+00 1.345791015624999964e+01 3.771472656250000277e+00 2.766285156249999932e+00 2.183769531249999840e+00 3.781667968750000330e+00 1.556349609374999865e+01 3.434213671875000529e+01 2.366855468749999858e+00 1.347287109374999936e+01 2.061855468749999698e+00 3.432026171875000387e+01 3.765535156249999904e+00 1.555529296874999901e+01
2.744058593749999719e+00 2.769058593750000075e+00 1.345791015624999964e+01 3.771472656250000277e+00 2.766285156249999932e+00 2.183769531249999840e+00 3.781667968750000330e+00 1.556349609374999865e+01 3.431987109375000244e+01 2.392246093749999858e+00 1.347287109374999936e+01 2.061855468749999698e+00 3.432026171875000387e+01 3.765535156249999904e+00 1.555529296874999901e+01
2.744058593749999719e+00 2.769058593750000075e+00 1.345791015624999964e+01 3.771472656250000277e+00 2.766285156249999932e+00 2.183769531249999840e+00 3.781667968750000330e+00 1.556349609374999865e+01 3.431987109375000244e+01 2.366855468749999858e+00 1.347775390624999936e+01 2.061855468749999698e+00 3.432026171875000387e+01 3.765535156249999904e+00 1.555529296874999901e+01
2.744058593749999719e+00 2.769058593750000075e+00 1.345791015624999964e+01 3.771472656250000277e+00 2.766285156249999932e+00 2.183769531249999840e+00 3.781667968750000330e+00 1.556349609374999865e+01 3.431987109375000244e+01 2.366855468749999858e+00 1.347287109374999936e+01 2.045410156250000000e+00 3.432026171875000387e+01 3.765535156249999904e+00 1.555529296874999901e+01
2.744058593749999719e+00 2.769058593750000075e+00 1.345791015624999964e+01 3.771472656250000277e+00 2.766285156249999932e+00 2.183769531249999840e+00 3.781667968750000330e+00 1.556349609374999865e+01 3.431987109375000244e+01 2.366855468749999858e+00 1.347287109374999936e+01 2.061855468749999698e+00 3.432557421874999903e+01 3.765535156249999904e+00 1.555529296874999901e+01
2.744058593749999719e+00 2.769058593750000075e+00 1.345791015624999964e+01 3.771472656250000277e+00 2.766285156249999932e+00 2.183769531249999840e+00 3.781667968750000330e+00 1.556349609374999865e+01 3.431987109375000244e+01 2.366855468749999858e+00 1.347287109374999936e+01 2.061855468749999698e+00 3.432026171875000387e+01 3.784597656250000330e+00 1.555529296874999901e+01
2.744058593749999719e+00 2.769058593750000075e+00 1.345791015624999964e+01 3.771472656250000277e+00 2.766285156249999932e+00 2.183769531249999840e+00 3.781667968750000330e+00 1.556349609374999865e+01 3.431987109375000244e+01 2.366855468749999858e+00 1.347287109374999936e+01 2.061855468749999698e+00 3.432026171875000387e+01 3.765535156249999904e+00 1.557173828124999915e+01
2.744058593749999719e+00 2.778199218749999755e+00 1.345791015624999964e+01 3.763542968749999940e+00 2.767847656249999844e+00 2.170996093749999911e+00 3.776902343750000224e+00 1.557302734374999886e+01 3.434213671875000529e+01 2.392246093749999858e+00 1.347775390624999936e+01 2.045410156250000000e+00 3.432557421874999903e+01 3.784597656250000330e+00 1.557173828124999915e+01
2.778277343750000128e+00 2.769058593750000075e+00 1.345791015624999964e+01 3.763542968749999940e+00 2.767847656249999844e+00 2.170996093749999911e+00 3.776902343750000224e+00 1.557302734374999886e+01 3.434213671875000529e+01 2.392246093749999858e+00 1.347775390624999936e+01 2.045410156250000000e+00 3.432557421874999903e+01 3.784597656250000330e+00 1.557173828124999915e+01
2.778277343750000128e+00 2.778199218749999755e+00 1.345791015624999964e+01 3.763542968749999940e+00 2.767847656249999844e+00 2.170996093749999911e+00 3.776902343750000224e+00 1.557302734374999886e+01 3.434213671875000529e+01 2.392246093749999858e+00 1.347775390624999936e+01 2.045410156250000000e+00 3.432557421874999903e+01 3.784597656250000330e+00 1.557173828124999915e+01
2.778277343750000128e+00 2.778199218749999755e+00 1.345791015624999964e+01 3.771472656250000277e+00 2.767847656249999844e+00 2.170996093749999911e+00 3.776902343750000224e+00 1.557302734374999886e+01 3.434213671875000529e+01 2.392246093749999858e+00 1.347775390624999936e+01 2.045410156250000000e+00 3.432557421874999903e+01 3.784597656250000330e+00 1.557173828124999915e+01
2.778277343750000128e+00 2.778199218749999755e+00 1.345791015624999964e+01 3.763542968749999940e+00 2.766285156249999932e+00 2.170996093749999911e+00 3.776902343750000224e+00 1.557302734374999886e+01 3.434213671875000529e+01 2.392246093749999858e+00 1.347775390624999936e+01 2.045410156250000000e+00 3.432557421874999903e+01 3.784597656250000330e+00 1.557173828124999915e+01
2.778277343750000128e+00 2.778199218749999755e+00 1.345791015624999964e+01 3.763542968749999940e+00 2.767847656249999844e+00 2.183769531249999840e+00 3.776902343750000224e+00 1.557302734374999886e+01 3.434213671875000529e+01 2.392246093749999858e+00 1.347775390624999936e+01 2.045410156250000000e+00 3.432557421874999903e+01 3.784597656250000330e+00 1.557173828124999915e+01
2.778277343750000128e+00 2.778199218749999755e+00 1.345791015624999964e+01 3.763542968749999940e+00 2.767847656249999844e+00 2.170996093749999911e+00 3.781667968750000330e+00 1.557302734374999886e+01 3.434213671875000529e+01 2.392246093749999858e+00 1.347775390624999936e+01 2.045410156250000000e+00 3.432557421874999903e+01 3.784597656250000330e+00 1.557173828124999915e+01
2.778277343750000128e+00 2.778199218749999755e+00 1.345791015624999964e+01 3.763542968749999940e+00 2.767847656249999844e+00 2.170996093749999911e+00 3.776902343750000224e+00 1.556349609374999865e+01 3.434213671875000529e+01 2.392246093749999858e+00 1.347775390624999936e+01 2.045410156250000000e+00 3.432557421874999903e+01 3.784597656250000330e+00 1.557173828124999915e+01
2.778277343750000128e+00 2.778199218749999755e+00 1.345791015624999964e+01 3.763542968749999940e+00 2.767847656249999844e+00 2.170996093749999911e+00 3.776902343750000224e+00 1.557302734374999886e+01 3.431987109375000244e+01 2.392246093749999858e+00 1.347775390624999936e+01 2.045410156250000000e+00 3.432557421874999903e+01 3.784597656250000330e+00 1.557173828124999915e+01
2.778277343750000128e+00 2.778199218749999755e+00 1.345791015624999964e+01 3.763542968749999940e+00 2.767847656249999844e+00 2.170996093749999911e+00 3.776902343750000224e+00 1.557302734374999886e+01 3.434213671875000529e+01 2.366855468749999858e+00 1.347775390624999936e+01 2.045410156250000000e+00 3.432557421874999903e+01 3.784597656250000330e+00 1.557173828124999915e+01
2.778277343750000128e+00 2.778199218749999755e+00 1.345791015624999964e+01 3.763542968749999940e+00 2.767847656249999844e+00 2.170996093749999911e+00 3.776902343750000224e+00 1.557302734374999886e+01 3.434213671875000529e+01 2.392246093749999858e+00 1.347287109374999936e+01 2.045410156250000000e+00 3.432557421874999903e+01 3.784597656250000330e+00 1.557173828124999915e+01
2.778277343750000128e+00 2.778199218749999755e+00 1.345791015624999964e+01 3.763542968749999940e+00 2.767847656249999844e+00 2.170996093749999911e+00 3.776902343750000224e+00 1.557302734374999886e+01 3.434213671875000529e+01 2.392246093749999858e+00 1.347775390624999936e+01 2.061855468749999698e+00 3.432557421874999903e+01 3.784597656250000330e+00 1.557173828124999915e+01
2.778277343750000128e+00 2.778199218749999755e+00 1.345791015624999964e+01 3.763542968749999940e+00 2.767847656249999844e+00 2.170996093749999911e+00 3.776902343750000224e+00 1.557302734374999886e+01 3.434213671875000529e+01 2.392246093749999858e+00 1.347775390624999936e+01 2.045410156250000000e+00 3.432026171875000387e+01 3.784597656250000330e+00 1.557173828124999915e+01
2.778277343750000128e+00 2.778199218749999755e+00 1.345791015624999964e+01 3.763542968749999940e+00 2.767847656249999844e+00 2.170996093749999911e+00 3.776902343750000224e+00 1.557302734374999886e+01 3.434213671875000529e+01 2.392246093749999858e+00 1.347775390624999936e+01 2.045410156250000000e+00 3.432557421874999903e+01 3.765535156249999904e+00 1.557173828124999915e+01
2.778277343750000128e+00 2.778199218749999755e+00 1.345791015624999964e+01 3.763542968749999940e+00 2.767847656249999844e+00 2.170996093749999911e+00 3.776902343750000224e+00 1.557302734374999886e+01 3.434213671875000529e+01 2.392246093749999858e+00 1.347775390624999936e+01 2.045410156250000000e+00 3.432557421874999903e+01 3.784597656250000330e+00 1.555529296874999901e+01
2.778277343750000128e+00 2.778199218749999755e+00 1.345791015624999964e+01 3.763542968749999940e+00 2.767847656249999844e+00 2.170996093749999911e+00 3.776902343750000224e+00 1.557302734374999886e+01 3.434213671875000529e+01 2.392246093749999858e+00 1.347775390624999936e+01 2.045410156250000000e+00 3.432557421874999903e+01 3.784597656250000330e+00 1.557173828124999915e+01
