-1.834203874373383503e-01
-1.834203874373383503e-01
-2.005469309233801067e-01
-1.834203874373383503e-01
-1.834203874373383503e-01
-1.834203874373383503e-01
-1.834203874373383503e-01
-1.876845472440683560e-01
-1.834203874373383503e-01
-1.834203874373383503e-01
-1.834203874373383503e-01
-1.834203874373383503e-01
-1.834203874373383503e-01
-1.834203874373383503e-01
-1.834203874373383503e-01
-1.834203874373383503e-01
-2.048110907301100847e-01
-1.876845472440683560e-01
-2.048110907301100847e-01
-2.048110907301100847e-01
-2.048110907301100847e-01
-2.048110907301100847e-01
-2.005469309233801067e-01
-2.048110907301100847e-01
-2.048110907301100847e-01
-2.048110907301100847e-01
-2.048110907301100847e-01
-2.048110907301100847e-01
-2.048110907301100847e-01
-2.048110907301100847e-01
-2.048110907301100847e-01
-2.048110907301100847e-01
-1.834203874373383503e-01
-1.834203874373383503e-01
-1.647559502505101248e-01
-1.834203874373383503e-01
-1.834203874373383503e-01
-1.834203874373383503e-01
-1.834203874373383503e-01
-1.876845472440683560e-01
-1.834203874373383503e-01
-1.834203874373383503e-01
-1.834203874373383503e-01
-1.834203874373383503e-01
-1.834203874373383503e-01
-1.834203874373383503e-01
-1.834203874373383503e-01
-1.834203874373383503e-01
-1.690201100572400195e-01
-1.876845472440683560e-01
-1.690201100572400195e-01
-1.690201100572400195e-01
-1.690201100572400195e-01
-1.690201100572400195e-01
-1.647559502505101248e-01
-1.690201100572400195e-01
-1.690201100572400195e-01
-1.690201100572400195e-01
-1.690201100572400195e-01
-1.690201100572400195e-01
-1.690201100572400195e-01
-1.690201100572400195e-01
-1.690201100572400195e-01
-1.690201100572400195e-01
-1.655248971009033176e-01
-1.655248971009033176e-01
-1.647559502505101248e-01
-1.655248971009033176e-01
-1.655248971009033176e-01
-1.655248971009033176e-01
-1.655248971009033176e-01
-1.518935665711944050e-01
-1.655248971009033176e-01
-1.655248971009033176e-01
-1.655248971009033176e-01
-1.655248971009033176e-01
-1.655248971009033176e-01
-1.655248971009033176e-01
-1.655248971009033176e-01
-1.655248971009033176e-01
-1.511246197208011011e-01
-1.518935665711944050e-01
-1.511246197208011011e-01
-1.511246197208011011e-01
-1.511246197208011011e-01
-1.511246197208011011e-01
-1.647559502505101248e-01
-1.511246197208011011e-01
-1.511246197208011011e-01
-1.511246197208011011e-01
-1.511246197208011011e-01
-1.511246197208011011e-01
-1.511246197208011011e-01
-1.511246197208011011e-01
-1.511246197208011011e-01
-1.511246197208011011e-01
-1.655248971009033176e-01
-1.655248971009033176e-01
-1.647559502505140105e-01
-1.655248971009033176e-01
-1.655248971009033176e-01
-1.655248971009033176e-01
-1.655248971009033176e-01
-1.876845472440644702e-01
-1.655248971009033176e-01
-1.655248971009033176e-01
-1.655248971009033176e-01
-1.655248971009033176e-01
-1.655248971009033176e-01
-1.655248971009033176e-01
-1.655248971009033176e-01
-1.655248971009033176e-01
-1.869156003936750521e-01
-1.876845472440644702e-01
-1.869156003936750521e-01
-1.869156003936750521e-01
-1.869156003936750521e-01
-1.869156003936750521e-01
-1.647559502505140105e-01
-1.869156003936750521e-01
-1.869156003936750521e-01
-1.869156003936750521e-01
-1.869156003936750521e-01
-1.869156003936750521e-01
-1.869156003936750521e-01
-1.869156003936750521e-01
-1.869156003936750521e-01
-1.869156003936750521e-01
-1.655248971009033176e-01
-1.655248971009033176e-01
-1.915991857551645750e-01
-1.655248971009033176e-01
-1.655248971009033176e-01
-1.655248971009033176e-01
-1.655248971009033176e-01
-1.697890569076333234e-01
-1.655248971009033176e-01
-1.655248971009033176e-01
-1.655248971009033176e-01
-1.655248971009033176e-01
-1.655248971009033176e-01
-1.655248971009033176e-01
-1.655248971009033176e-01
-1.655248971009033176e-01
-1.958633455618944696e-01
-1.697890569076333234e-01
-1.958633455618944696e-01
-1.958633455618944696e-01
-1.958633455618944696e-01
-1.958633455618944696e-01
-1.915991857551645750e-01
-1.958633455618944696e-01
-1.958633455618944696e-01
-1.958633455618944696e-01
-1.958633455618944696e-01
-1.958633455618944696e-01
-1.958633455618944696e-01
-1.958633455618944696e-01
-1.958633455618944696e-01
-1.958633455618944696e-01
-1.655248971009033176e-01
-1.655248971009033176e-01
-1.558082050822944820e-01
-1.655248971009033176e-01
-1.655248971009033176e-01
-1.655248971009033176e-01
-1.655248971009033176e-01
-1.697890569076333234e-01
-1.655248971009033176e-01
-1.655248971009033176e-01
-1.655248971009033176e-01
-1.655248971009033176e-01
-1.655248971009033176e-01
-1.655248971009033176e-01
-1.655248971009033176e-01
-1.655248971009033176e-01
-1.600723648890243767e-01
-1.697890569076333234e-01
-1.600723648890243767e-01
-1.600723648890243767e-01
-1.600723648890243767e-01
-1.600723648890243767e-01
-1.558082050822944820e-01
-1.600723648890243767e-01
-1.600723648890243767e-01
-1.600723648890243767e-01
-1.600723648890243767e-01
-1.600723648890243767e-01
-1.600723648890243767e-01
-1.600723648890243767e-01
-1.600723648890243767e-01
-1.600723648890243767e-01
-1.834203874373383503e-01
-1.834203874373383503e-01
-1.915991857551606892e-01
-1.834203874373383503e-01
-1.834203874373383503e-01
-1.834203874373383503e-01
-1.834203874373383503e-01
-1.518935665711982907e-01
-1.834203874373383503e-01
-1.834203874373383503e-01
-1.834203874373383503e-01
-1.834203874373383503e-01
-1.834203874373383503e-01
-1.834203874373383503e-01
-1.834203874373383503e-01
-1.834203874373383503e-01
-1.600723648890205186e-01
-1.518935665711982907e-01
-1.600723648890205186e-01
-1.600723648890205186e-01
-1.600723648890205186e-01
-1.600723648890205186e-01
-1.915991857551606892e-01
-1.600723648890205186e-01
-1.600723648890205186e-01
-1.600723648890205186e-01
-1.600723648890205186e-01
-1.600723648890205186e-01
-1.600723648890205186e-01
-1.600723648890205186e-01
-1.600723648890205186e-01
-1.600723648890205186e-01
-1.834203874373383503e-01
-1.834203874373383503e-01
-1.915991857551606892e-01
-1.834203874373383503e-01
-1.834203874373383503e-01
-1.834203874373383503e-01
-1.834203874373383503e-01
-1.876845472440683560e-01
-1.834203874373383503e-01
-1.834203874373383503e-01
-1.834203874373383503e-01
-1.834203874373383503e-01
-1.834203874373383503e-01
-1.834203874373383503e-01
-1.834203874373383503e-01
-1.834203874373383503e-01
-1.958633455618905839e-01
-1.876845472440683560e-01
-1.958633455618905839e-01
-1.958633455618905839e-01
-1.958633455618905839e-01
-1.958633455618905839e-01
-1.915991857551606892e-01
-1.958633455618905839e-01
-1.958633455618905839e-01
-1.958633455618905839e-01
-1.958633455618905839e-01
-1.958633455618905839e-01
-1.958633455618905839e-01
-1.958633455618905839e-01
-1.958633455618905839e-01
-1.958633455618905839e-01
