-1.294605031057301237e-01
-1.178426822486083464e-01
-1.294605031057301237e-01
-1.294605031057301237e-01
-1.294605031057301237e-01
-1.294605031057301237e-01
-1.294605031057301237e-01
-1.294605031057301237e-01
-1.294605031057301237e-01
-1.294605031057301237e-01
-1.273340602815872524e-01
-1.294605031057301237e-01
-1.294605031057301237e-01
-1.294605031057301237e-01
-1.294605031057301237e-01
-1.294605031057301237e-01
-1.273340602815872524e-01
-1.156878608938151504e-01
-1.156878608938151504e-01
-1.156878608938151504e-01
-1.156878608938151504e-01
-1.156878608938151504e-01
-1.156878608938151504e-01
-1.156878608938151504e-01
-1.156878608938151504e-01
-1.178426822486083464e-01
-1.156878608938151504e-01
-1.156878608938151504e-01
-1.156878608938151504e-01
-1.156878608938151504e-01
-1.156878608938151504e-01
-1.156878608938151504e-01
-1.306211281057324536e-01
-1.325661678255337927e-01
-1.306211281057324536e-01
-1.306211281057324536e-01
-1.306211281057324536e-01
-1.306211281057324536e-01
-1.306211281057324536e-01
-1.306211281057324536e-01
-1.306211281057324536e-01
-1.306211281057324536e-01
-1.284780987431300148e-01
-1.306211281057324536e-01
-1.306211281057324536e-01
-1.306211281057324536e-01
-1.306211281057324536e-01
-1.306211281057324536e-01
-1.284780987431300148e-01
-1.304279330092034395e-01
-1.304279330092034395e-01
-1.304279330092034395e-01
-1.304279330092034395e-01
-1.304279330092034395e-01
-1.304279330092034395e-01
-1.304279330092034395e-01
-1.304279330092034395e-01
-1.325661678255337927e-01
-1.304279330092034395e-01
-1.304279330092034395e-01
-1.304279330092034395e-01
-1.304279330092034395e-01
-1.304279330092034395e-01
-1.304279330092034395e-01
-1.232658757018892104e-01
-1.252198096524568816e-01
-1.232658757018892104e-01
-1.232658757018892104e-01
-1.232658757018892104e-01
-1.232658757018892104e-01
-1.232658757018892104e-01
-1.232658757018892104e-01
-1.232658757018892104e-01
-1.232658757018892104e-01
-1.211145530700482725e-01
-1.232658757018892104e-01
-1.232658757018892104e-01
-1.232658757018892104e-01
-1.232658757018892104e-01
-1.232658757018892104e-01
-1.211145530700482725e-01
-1.230732815668942881e-01
-1.230732815668942881e-01
-1.230732815668942881e-01
-1.230732815668942881e-01
-1.230732815668942881e-01
-1.230732815668942881e-01
-1.230732815668942881e-01
-1.230732815668942881e-01
-1.252198096524568816e-01
-1.230732815668942881e-01
-1.230732815668942881e-01
-1.230732815668942881e-01
-1.230732815668942881e-01
-1.230732815668942881e-01
-1.230732815668942881e-01
-1.221052507018852429e-01
-1.240769731139949594e-01
-1.221052507018852429e-01
-1.221052507018852429e-01
-1.221052507018852429e-01
-1.221052507018852429e-01
-1.221052507018852429e-01
-1.221052507018852429e-01
-1.221052507018852429e-01
-1.221052507018852429e-01
-1.358108751854322227e-01
-1.221052507018852429e-01
-1.221052507018852429e-01
-1.221052507018852429e-01
-1.221052507018852429e-01
-1.221052507018852429e-01
-1.358108751854322227e-01
-1.377518152207394819e-01
-1.377518152207394819e-01
-1.377518152207394819e-01
-1.377518152207394819e-01
-1.377518152207394819e-01
-1.377518152207394819e-01
-1.377518152207394819e-01
-1.377518152207394819e-01
-1.240769731139949594e-01
-1.377518152207394819e-01
-1.377518152207394819e-01
-1.377518152207394819e-01
-1.377518152207394819e-01
-1.377518152207394819e-01
-1.377518152207394819e-01
-1.342872158461156373e-01
-1.362278084505315623e-01
-1.342872158461156373e-01
-1.342872158461156373e-01
-1.342872158461156373e-01
-1.342872158461156373e-01
-1.342872158461156373e-01
-1.342872158461156373e-01
-1.342872158461156373e-01
-1.342872158461156373e-01
-1.321483331181278198e-01
-1.342872158461156373e-01
-1.342872158461156373e-01
-1.342872158461156373e-01
-1.342872158461156373e-01
-1.342872158461156373e-01
-1.321483331181278198e-01
-1.340937202688188279e-01
-1.340937202688188279e-01
-1.340937202688188279e-01
-1.340937202688188279e-01
-1.340937202688188279e-01
-1.340937202688188279e-01
-1.340937202688188279e-01
-1.340937202688188279e-01
-1.362278084505315623e-01
-1.340937202688188279e-01
-1.340937202688188279e-01
-1.340937202688188279e-01
-1.340937202688188279e-01
-1.340937202688188279e-01
-1.340937202688188279e-01
-1.195767110384228782e-01
-1.215350921043776011e-01
-1.195767110384228782e-01
-1.195767110384228782e-01
-1.195767110384228782e-01
-1.195767110384228782e-01
-1.195767110384228782e-01
-1.195767110384228782e-01
-1.195767110384228782e-01
-1.195767110384228782e-01
-1.174212417719738694e-01
-1.195767110384228782e-01
-1.195767110384228782e-01
-1.195767110384228782e-01
-1.195767110384228782e-01
-1.195767110384228782e-01
-1.174212417719738694e-01
-1.193844173842005252e-01
-1.193844173842005252e-01
-1.193844173842005252e-01
-1.193844173842005252e-01
-1.193844173842005252e-01
-1.193844173842005252e-01
-1.193844173842005252e-01
-1.193844173842005252e-01
-1.215350921043776011e-01
-1.193844173842005252e-01
-1.193844173842005252e-01
-1.193844173842005252e-01
-1.193844173842005252e-01
-1.193844173842005252e-01
-1.193844173842005252e-01
-1.189810139230400021e-01
-1.209482892197610293e-01
-1.189810139230400021e-01
-1.189810139230400021e-01
-1.189810139230400021e-01
-1.189810139230400021e-01
-1.189810139230400021e-01
-1.189810139230400021e-01
-1.189810139230400021e-01
-1.189810139230400021e-01
-1.248001720604358378e-01
-1.189810139230400021e-01
-1.189810139230400021e-01
-1.189810139230400021e-01
-1.189810139230400021e-01
-1.189810139230400021e-01
-1.248001720604358378e-01
-1.267544534418963142e-01
-1.267544534418963142e-01
-1.267544534418963142e-01
-1.267544534418963142e-01
-1.267544534418963142e-01
-1.267544534418963142e-01
-1.267544534418963142e-01
-1.267544534418963142e-01
-1.209482892197610293e-01
-1.267544534418963142e-01
-1.267544534418963142e-01
-1.267544534418963142e-01
-1.267544534418963142e-01
-1.267544534418963142e-01
-1.267544534418963142e-01
-1.336915187307345376e-01
-1.221526642197641316e-01
-1.336915187307345376e-01
-1.336915187307345376e-01
-1.336915187307345376e-01
-1.336915187307345376e-01
-1.336915187307345376e-01
-1.336915187307345376e-01
-1.336915187307345376e-01
-1.336915187307345376e-01
-1.236561335988962118e-01
-1.336915187307345376e-01
-1.336915187307345376e-01
-1.336915187307345376e-01
-1.336915187307345376e-01
-1.336915187307345376e-01
-1.236561335988962118e-01
-1.119836120957381775e-01
-1.119836120957381775e-01
-1.119836120957381775e-01
-1.119836120957381775e-01
-1.119836120957381775e-01
-1.119836120957381775e-01
-1.119836120957381775e-01
-1.119836120957381775e-01
-1.221526642197641316e-01
-1.119836120957381775e-01
-1.119836120957381775e-01
-1.119836120957381775e-01
-1.119836120957381775e-01
-1.119836120957381775e-01
-1.119836120957381775e-01
