-2.493529069518908292e-01
-2.493529069518908292e-01
-2.437819383239605842e-01
-2.493529069518908292e-01
-2.493529069518908292e-01
-2.493529069518908292e-01
-2.493529069518908292e-01
-2.493529069518908292e-01
-2.493529069518908292e-01
-2.493529069518908292e-01
-2.493529069518908292e-01
-2.493529069518908292e-01
-2.519102667353562142e-01
-2.493529069518908292e-01
-2.493529069518908292e-01
-2.493529069518908292e-01
-2.463582776935132335e-01
-2.519102667353562142e-01
-2.463582776935132335e-01
-2.463582776935132335e-01
-2.463582776935132335e-01
-2.463582776935132335e-01
-2.463582776935132335e-01
-2.463582776935132335e-01
-2.463582776935132335e-01
-2.463582776935132335e-01
-2.463582776935132335e-01
-2.437819383239605842e-01
-2.463582776935132335e-01
-2.463582776935132335e-01
-2.463582776935132335e-01
-2.463582776935132335e-01
-2.515289165672739413e-01
-2.515289165672739413e-01
-2.575359527470370002e-01
-2.515289165672739413e-01
-2.515289165672739413e-01
-2.515289165672739413e-01
-2.515289165672739413e-01
-2.515289165672739413e-01
-2.515289165672739413e-01
-2.515289165672739413e-01
-2.515289165672739413e-01
-2.515289165672739413e-01
-2.541061080815097406e-01
-2.515289165672739413e-01
-2.515289165672739413e-01
-2.515289165672739413e-01
-2.600924603858209005e-01
-2.541061080815097406e-01
-2.600924603858209005e-01
-2.600924603858209005e-01
-2.600924603858209005e-01
-2.600924603858209005e-01
-2.600924603858209005e-01
-2.600924603858209005e-01
-2.600924603858209005e-01
-2.600924603858209005e-01
-2.600924603858209005e-01
-2.575359527470370002e-01
-2.600924603858209005e-01
-2.600924603858209005e-01
-2.600924603858209005e-01
-2.600924603858209005e-01
-2.641206473365054763e-01
-2.641206473365054763e-01
-2.643668061124221369e-01
-2.641206473365054763e-01
-2.641206473365054763e-01
-2.641206473365054763e-01
-2.641206473365054763e-01
-2.641206473365054763e-01
-2.641206473365054763e-01
-2.641206473365054763e-01
-2.641206473365054763e-01
-2.641206473365054763e-01
-2.587632955815095670e-01
-2.641206473365054763e-01
-2.641206473365054763e-01
-2.641206473365054763e-01
-2.590112464435135875e-01
-2.587632955815095670e-01
-2.590112464435135875e-01
-2.590112464435135875e-01
-2.590112464435135875e-01
-2.590112464435135875e-01
-2.590112464435135875e-01
-2.590112464435135875e-01
-2.590112464435135875e-01
-2.590112464435135875e-01
-2.590112464435135875e-01
-2.643668061124221369e-01
-2.590112464435135875e-01
-2.590112464435135875e-01
-2.590112464435135875e-01
-2.590112464435135875e-01
-2.504255271441983011e-01
-2.504255271441983011e-01
-2.506743301508821409e-01
-2.504255271441983011e-01
-2.504255271441983011e-01
-2.504255271441983011e-01
-2.504255271441983011e-01
-2.504255271441983011e-01
-2.504255271441983011e-01
-2.504255271441983011e-01
-2.504255271441983011e-01
-2.504255271441983011e-01
-2.609591369276663131e-01
-2.504255271441983011e-01
-2.504255271441983011e-01
-2.504255271441983011e-01
-2.612044435588982139e-01
-2.609591369276663131e-01
-2.612044435588982139e-01
-2.612044435588982139e-01
-2.612044435588982139e-01
-2.612044435588982139e-01
-2.612044435588982139e-01
-2.612044435588982139e-01
-2.612044435588982139e-01
-2.612044435588982139e-01
-2.612044435588982139e-01
-2.506743301508821409e-01
-2.612044435588982139e-01
-2.612044435588982139e-01
-2.612044435588982139e-01
-2.612044435588982139e-01
-2.596357855576588158e-01
-2.596357855576588158e-01
-2.512215176508830750e-01
-2.596357855576588158e-01
-2.596357855576588158e-01
-2.596357855576588158e-01
-2.596357855576588158e-01
-2.596357855576588158e-01
-2.596357855576588158e-01
-2.596357855576588158e-01
-2.596357855576588158e-01
-2.596357855576588158e-01
-2.582335660142015543e-01
-2.596357855576588158e-01
-2.596357855576588158e-01
-2.596357855576588158e-01
-2.498033618281272628e-01
-2.582335660142015543e-01
-2.498033618281272628e-01
-2.498033618281272628e-01
-2.498033618281272628e-01
-2.498033618281272628e-01
-2.498033618281272628e-01
-2.498033618281272628e-01
-2.498033618281272628e-01
-2.498033618281272628e-01
-2.498033618281272628e-01
-2.512215176508830750e-01
-2.498033618281272628e-01
-2.498033618281272628e-01
-2.498033618281272628e-01
-2.498033618281272628e-01
-2.618117951730466464e-01
-2.618117951730466464e-01
-2.649139936124231820e-01
-2.618117951730466464e-01
-2.618117951730466464e-01
-2.618117951730466464e-01
-2.618117951730466464e-01
-2.618117951730466464e-01
-2.618117951730466464e-01
-2.618117951730466464e-01
-2.618117951730466464e-01
-2.618117951730466464e-01
-2.603986381295883556e-01
-2.618117951730466464e-01
-2.618117951730466464e-01
-2.618117951730466464e-01
-2.635067752896667059e-01
-2.603986381295883556e-01
-2.635067752896667059e-01
-2.635067752896667059e-01
-2.635067752896667059e-01
-2.635067752896667059e-01
-2.635067752896667059e-01
-2.635067752896667059e-01
-2.635067752896667059e-01
-2.635067752896667059e-01
-2.635067752896667059e-01
-2.649139936124231820e-01
-2.635067752896667059e-01
-2.635067752896667059e-01
-2.635067752896667059e-01
-2.635067752896667059e-01
-2.607084057499645668e-01
-2.607084057499645668e-01
-2.580831402470363800e-01
-2.607084057499645668e-01
-2.607084057499645668e-01
-2.607084057499645668e-01
-2.607084057499645668e-01
-2.607084057499645668e-01
-2.607084057499645668e-01
-2.607084057499645668e-01
-2.607084057499645668e-01
-2.607084057499645668e-01
-2.513805371680465917e-01
-2.607084057499645668e-01
-2.607084057499645668e-01
-2.607084057499645668e-01
-2.487221478858182844e-01
-2.513805371680465917e-01
-2.487221478858182844e-01
-2.487221478858182844e-01
-2.487221478858182844e-01
-2.487221478858182844e-01
-2.487221478858182844e-01
-2.487221478858182844e-01
-2.487221478858182844e-01
-2.487221478858182844e-01
-2.487221478858182844e-01
-2.580831402470363800e-01
-2.487221478858182844e-01
-2.487221478858182844e-01
-2.487221478858182844e-01
-2.487221478858182844e-01
-2.469825163268906665e-01
-2.469825163268906665e-01
-2.443291258239631281e-01
-2.469825163268906665e-01
-2.469825163268906665e-01
-2.469825163268906665e-01
-2.469825163268906665e-01
-2.469825163268906665e-01
-2.469825163268906665e-01
-2.469825163268906665e-01
-2.469825163268906665e-01
-2.469825163268906665e-01
-2.535456092834335040e-01
-2.469825163268906665e-01
-2.469825163268906665e-01
-2.469825163268906665e-01
-2.509153450012093223e-01
-2.535456092834335040e-01
-2.509153450012093223e-01
-2.509153450012093223e-01
-2.509153450012093223e-01
-2.509153450012093223e-01
-2.509153450012093223e-01
-2.509153450012093223e-01
-2.509153450012093223e-01
-2.509153450012093223e-01
-2.509153450012093223e-01
-2.443291258239631281e-01
-2.509153450012093223e-01
-2.509153450012093223e-01
-2.509153450012093223e-01
-2.509153450012093223e-01
