-1.864262705797972430e-01
-1.864262705797972430e-01
-1.864262705797972430e-01
-1.864262705797972430e-01
-1.864262705797972430e-01
-1.788766105941123619e-01
-1.864262705797972430e-01
-1.864262705797972430e-01
-1.864262705797972430e-01
-1.864262705797972430e-01
-1.864262705797972430e-01
-1.864262705797972430e-01
-1.864262705797972430e-01
-1.864262705797972430e-01
-1.872651216893164716e-01
-1.864262705797972430e-01
-1.797154617036315905e-01
-1.797154617036315905e-01
-1.797154617036315905e-01
-1.797154617036315905e-01
-1.872651216893164716e-01
-1.797154617036315905e-01
-1.797154617036315905e-01
-1.797154617036315905e-01
-1.797154617036315905e-01
-1.797154617036315905e-01
-1.797154617036315905e-01
-1.797154617036315905e-01
-1.797154617036315905e-01
-1.788766105941123619e-01
-1.797154617036315905e-01
-1.797154617036315905e-01
-1.506352899069271778e-01
-1.506352899069271778e-01
-1.506352899069271778e-01
-1.506352899069271778e-01
-1.506352899069271778e-01
-1.788766105941162199e-01
-1.506352899069271778e-01
-1.506352899069271778e-01
-1.506352899069271778e-01
-1.506352899069271778e-01
-1.506352899069271778e-01
-1.506352899069271778e-01
-1.506352899069271778e-01
-1.506352899069271778e-01
-1.514741410164464064e-01
-1.506352899069271778e-01
-1.797154617036354762e-01
-1.797154617036354762e-01
-1.797154617036354762e-01
-1.797154617036354762e-01
-1.514741410164464064e-01
-1.797154617036354762e-01
-1.797154617036354762e-01
-1.797154617036354762e-01
-1.797154617036354762e-01
-1.797154617036354762e-01
-1.797154617036354762e-01
-1.797154617036354762e-01
-1.797154617036354762e-01
-1.788766105941162199e-01
-1.797154617036354762e-01
-1.797154617036354762e-01
-1.864262705798011288e-01
-1.864262705798011288e-01
-1.864262705798011288e-01
-1.864262705798011288e-01
-1.864262705798011288e-01
-1.788766105941162199e-01
-1.864262705798011288e-01
-1.864262705798011288e-01
-1.864262705798011288e-01
-1.864262705798011288e-01
-1.864262705798011288e-01
-1.864262705798011288e-01
-1.864262705798011288e-01
-1.864262705798011288e-01
-1.872651216893203574e-01
-1.864262705798011288e-01
-1.797154617036354762e-01
-1.797154617036354762e-01
-1.797154617036354762e-01
-1.797154617036354762e-01
-1.872651216893203574e-01
-1.797154617036354762e-01
-1.797154617036354762e-01
-1.797154617036354762e-01
-1.797154617036354762e-01
-1.797154617036354762e-01
-1.797154617036354762e-01
-1.797154617036354762e-01
-1.797154617036354762e-01
-1.788766105941162199e-01
-1.797154617036354762e-01
-1.797154617036354762e-01
-1.864262705798011288e-01
-1.864262705798011288e-01
-1.864262705798011288e-01
-1.864262705798011288e-01
-1.864262705798011288e-01
-1.788766105941162199e-01
-1.864262705798011288e-01
-1.864262705798011288e-01
-1.864262705798011288e-01
-1.864262705798011288e-01
-1.864262705798011288e-01
-1.864262705798011288e-01
-1.864262705798011288e-01
-1.864262705798011288e-01
-1.872651216893203574e-01
-1.864262705798011288e-01
-1.797154617036354762e-01
-1.797154617036354762e-01
-1.797154617036354762e-01
-1.797154617036354762e-01
-1.872651216893203574e-01
-1.797154617036354762e-01
-1.797154617036354762e-01
-1.797154617036354762e-01
-1.797154617036354762e-01
-1.797154617036354762e-01
-1.797154617036354762e-01
-1.797154617036354762e-01
-1.797154617036354762e-01
-1.788766105941162199e-01
-1.797154617036354762e-01
-1.797154617036354762e-01
-1.774785254115816002e-01
-1.774785254115816002e-01
-1.774785254115816002e-01
-1.774785254115816002e-01
-1.774785254115816002e-01
-1.609811202576812983e-01
-1.774785254115816002e-01
-1.774785254115816002e-01
-1.774785254115816002e-01
-1.774785254115816002e-01
-1.774785254115816002e-01
-1.774785254115816002e-01
-1.774785254115816002e-01
-1.774785254115816002e-01
-1.962128668575358892e-01
-1.774785254115816002e-01
-1.797154617036354762e-01
-1.797154617036354762e-01
-1.797154617036354762e-01
-1.797154617036354762e-01
-1.962128668575358892e-01
-1.797154617036354762e-01
-1.797154617036354762e-01
-1.797154617036354762e-01
-1.797154617036354762e-01
-1.797154617036354762e-01
-1.797154617036354762e-01
-1.797154617036354762e-01
-1.797154617036354762e-01
-1.609811202576812983e-01
-1.797154617036354762e-01
-1.797154617036354762e-01
-1.774785254115816002e-01
-1.774785254115816002e-01
-1.774785254115816002e-01
-1.774785254115816002e-01
-1.774785254115816002e-01
-1.967721009305512525e-01
-1.774785254115816002e-01
-1.774785254115816002e-01
-1.774785254115816002e-01
-1.774785254115816002e-01
-1.774785254115816002e-01
-1.774785254115816002e-01
-1.774785254115816002e-01
-1.774785254115816002e-01
-1.604218861846658239e-01
-1.774785254115816002e-01
-1.797154617036354762e-01
-1.797154617036354762e-01
-1.797154617036354762e-01
-1.797154617036354762e-01
-1.604218861846658239e-01
-1.797154617036354762e-01
-1.797154617036354762e-01
-1.797154617036354762e-01
-1.797154617036354762e-01
-1.797154617036354762e-01
-1.797154617036354762e-01
-1.797154617036354762e-01
-1.797154617036354762e-01
-1.967721009305512525e-01
-1.797154617036354762e-01
-1.797154617036354762e-01
-1.595830350751427096e-01
-1.595830350751427096e-01
-1.595830350751427096e-01
-1.595830350751427096e-01
-1.595830350751427096e-01
-1.609811202576774125e-01
-1.595830350751427096e-01
-1.595830350751427096e-01
-1.595830350751427096e-01
-1.595830350751427096e-01
-1.595830350751427096e-01
-1.595830350751427096e-01
-1.595830350751427096e-01
-1.595830350751427096e-01
-1.783173765211008566e-01
-1.595830350751427096e-01
-1.797154617036354762e-01
-1.797154617036354762e-01
-1.797154617036354762e-01
-1.797154617036354762e-01
-1.783173765211008566e-01
-1.797154617036354762e-01
-1.797154617036354762e-01
-1.797154617036354762e-01
-1.797154617036354762e-01
-1.797154617036354762e-01
-1.797154617036354762e-01
-1.797154617036354762e-01
-1.797154617036354762e-01
-1.609811202576774125e-01
-1.797154617036354762e-01
-1.797154617036354762e-01
-1.953740157480166606e-01
-1.953740157480166606e-01
-1.953740157480166606e-01
-1.953740157480166606e-01
-1.953740157480166606e-01
-1.967721009305473945e-01
-1.953740157480166606e-01
-1.953740157480166606e-01
-1.953740157480166606e-01
-1.953740157480166606e-01
-1.953740157480166606e-01
-1.953740157480166606e-01
-1.953740157480166606e-01
-1.953740157480166606e-01
-1.783173765211047146e-01
-1.953740157480166606e-01
-1.797154617036354762e-01
-1.797154617036354762e-01
-1.797154617036354762e-01
-1.797154617036354762e-01
-1.783173765211047146e-01
-1.797154617036354762e-01
-1.797154617036354762e-01
-1.797154617036354762e-01
-1.797154617036354762e-01
-1.797154617036354762e-01
-1.797154617036354762e-01
-1.797154617036354762e-01
-1.797154617036354762e-01
-1.967721009305473945e-01
-1.797154617036354762e-01
-1.797154617036354762e-01
