-1.134697897141578177e-01
-1.134697897141578177e-01
-1.134697897141578177e-01
-1.134697897141578177e-01
-1.134697897141578177e-01
-1.134697897141578177e-01
-1.134697897141578177e-01
-1.134697897141578177e-01
-1.134697897141578177e-01
-1.134697897141578177e-01
-1.134697897141578177e-01
-1.134697897141578177e-01
-1.164900861059077614e-01
-1.134697897141578177e-01
-1.134697897141578177e-01
-1.134697897141578177e-01
-1.164900861059077614e-01
-1.164900861059077614e-01
-1.164900861059077614e-01
-1.164900861059077614e-01
-1.164900861059077614e-01
-1.164900861059077614e-01
-1.164900861059077614e-01
-1.164900861059077614e-01
-1.164900861059077614e-01
-1.164900861059077614e-01
-1.164900861059077614e-01
-1.134697897141578177e-01
-1.164900861059077614e-01
-1.164900861059077614e-01
-1.164900861059077614e-01
-1.164900861059077614e-01
-1.228418609418969742e-01
-1.228418609418969742e-01
-1.228418609418969742e-01
-1.228418609418969742e-01
-1.228418609418969742e-01
-1.228418609418969742e-01
-1.228418609418969742e-01
-1.228418609418969742e-01
-1.228418609418969742e-01
-1.228418609418969742e-01
-1.228418609418969742e-01
-1.228418609418969742e-01
-1.258621573336509702e-01
-1.228418609418969742e-01
-1.228418609418969742e-01
-1.228418609418969742e-01
-1.258621573336509702e-01
-1.258621573336509702e-01
-1.258621573336509702e-01
-1.258621573336509702e-01
-1.258621573336509702e-01
-1.258621573336509702e-01
-1.258621573336509702e-01
-1.258621573336509702e-01
-1.258621573336509702e-01
-1.258621573336509702e-01
-1.258621573336509702e-01
-1.228418609418969742e-01
-1.258621573336509702e-01
-1.258621573336509702e-01
-1.258621573336509702e-01
-1.258621573336509702e-01
-1.275278965557666011e-01
-1.275278965557666011e-01
-1.275278965557666011e-01
-1.275278965557666011e-01
-1.275278965557666011e-01
-1.275278965557666011e-01
-1.275278965557666011e-01
-1.275278965557666011e-01
-1.275278965557666011e-01
-1.275278965557666011e-01
-1.275278965557666011e-01
-1.275278965557666011e-01
-1.211761217197772772e-01
-1.275278965557666011e-01
-1.275278965557666011e-01
-1.275278965557666011e-01
-1.211761217197772772e-01
-1.211761217197772772e-01
-1.211761217197772772e-01
-1.211761217197772772e-01
-1.211761217197772772e-01
-1.211761217197772772e-01
-1.211761217197772772e-01
-1.211761217197772772e-01
-1.211761217197772772e-01
-1.211761217197772772e-01
-1.211761217197772772e-01
-1.275278965557666011e-01
-1.211761217197772772e-01
-1.211761217197772772e-01
-1.211761217197772772e-01
-1.211761217197772772e-01
-1.181558253280274584e-01
-1.181558253280274584e-01
-1.181558253280274584e-01
-1.181558253280274584e-01
-1.181558253280274584e-01
-1.181558253280274584e-01
-1.181558253280274584e-01
-1.181558253280274584e-01
-1.181558253280274584e-01
-1.181558253280274584e-01
-1.181558253280274584e-01
-1.181558253280274584e-01
-1.305481929475205971e-01
-1.181558253280274584e-01
-1.181558253280274584e-01
-1.181558253280274584e-01
-1.305481929475205971e-01
-1.305481929475205971e-01
-1.305481929475205971e-01
-1.305481929475205971e-01
-1.305481929475205971e-01
-1.305481929475205971e-01
-1.305481929475205971e-01
-1.305481929475205971e-01
-1.305481929475205971e-01
-1.305481929475205971e-01
-1.305481929475205971e-01
-1.181558253280274584e-01
-1.305481929475205971e-01
-1.305481929475205971e-01
-1.305481929475205971e-01
-1.305481929475205971e-01
-1.204988431349622163e-01
-1.204988431349622163e-01
-1.204988431349622163e-01
-1.204988431349622163e-01
-1.204988431349622163e-01
-1.204988431349622163e-01
-1.204988431349622163e-01
-1.204988431349622163e-01
-1.204988431349622163e-01
-1.204988431349622163e-01
-1.204988431349622163e-01
-1.204988431349622163e-01
-1.188331039128425193e-01
-1.204988431349622163e-01
-1.204988431349622163e-01
-1.204988431349622163e-01
-1.188331039128425193e-01
-1.188331039128425193e-01
-1.188331039128425193e-01
-1.188331039128425193e-01
-1.188331039128425193e-01
-1.188331039128425193e-01
-1.188331039128425193e-01
-1.188331039128425193e-01
-1.188331039128425193e-01
-1.188331039128425193e-01
-1.188331039128425193e-01
-1.204988431349622163e-01
-1.188331039128425193e-01
-1.188331039128425193e-01
-1.188331039128425193e-01
-1.188331039128425193e-01
-1.298709143627054252e-01
-1.298709143627054252e-01
-1.298709143627054252e-01
-1.298709143627054252e-01
-1.298709143627054252e-01
-1.298709143627054252e-01
-1.298709143627054252e-01
-1.298709143627054252e-01
-1.298709143627054252e-01
-1.298709143627054252e-01
-1.298709143627054252e-01
-1.298709143627054252e-01
-1.282051751405858253e-01
-1.298709143627054252e-01
-1.298709143627054252e-01
-1.298709143627054252e-01
-1.282051751405858253e-01
-1.282051751405858253e-01
-1.282051751405858253e-01
-1.282051751405858253e-01
-1.282051751405858253e-01
-1.282051751405858253e-01
-1.282051751405858253e-01
-1.282051751405858253e-01
-1.282051751405858253e-01
-1.282051751405858253e-01
-1.282051751405858253e-01
-1.298709143627054252e-01
-1.282051751405858253e-01
-1.282051751405858253e-01
-1.282051751405858253e-01
-1.282051751405858253e-01
-1.251848787488318571e-01
-1.251848787488318571e-01
-1.251848787488318571e-01
-1.251848787488318571e-01
-1.251848787488318571e-01
-1.251848787488318571e-01
-1.251848787488318571e-01
-1.251848787488318571e-01
-1.251848787488318571e-01
-1.251848787488318571e-01
-1.251848787488318571e-01
-1.251848787488318571e-01
-1.141470682989728924e-01
-1.251848787488318571e-01
-1.251848787488318571e-01
-1.251848787488318571e-01
-1.141470682989728924e-01
-1.141470682989728924e-01
-1.141470682989728924e-01
-1.141470682989728924e-01
-1.141470682989728924e-01
-1.141470682989728924e-01
-1.141470682989728924e-01
-1.141470682989728924e-01
-1.141470682989728924e-01
-1.141470682989728924e-01
-1.141470682989728924e-01
-1.251848787488318571e-01
-1.141470682989728924e-01
-1.141470682989728924e-01
-1.141470682989728924e-01
-1.141470682989728924e-01
-1.158128075210925895e-01
-1.158128075210925895e-01
-1.158128075210925895e-01
-1.158128075210925895e-01
-1.158128075210925895e-01
-1.158128075210925895e-01
-1.158128075210925895e-01
-1.158128075210925895e-01
-1.158128075210925895e-01
-1.158128075210925895e-01
-1.158128075210925895e-01
-1.158128075210925895e-01
-1.235191395267162123e-01
-1.158128075210925895e-01
-1.158128075210925895e-01
-1.158128075210925895e-01
-1.235191395267162123e-01
-1.235191395267162123e-01
-1.235191395267162123e-01
-1.235191395267162123e-01
-1.235191395267162123e-01
-1.235191395267162123e-01
-1.235191395267162123e-01
-1.235191395267162123e-01
-1.235191395267162123e-01
-1.235191395267162123e-01
-1.235191395267162123e-01
-1.158128075210925895e-01
-1.235191395267162123e-01
-1.235191395267162123e-01
-1.235191395267162123e-01
-1.235191395267162123e-01
