-1.612257851646123896e-01
-1.918438506621074069e-01
-1.612257851646123896e-01
-1.612257851646123896e-01
-1.593733222977532504e-01
-1.612257851646123896e-01
-1.612257851646123896e-01
-1.612257851646123896e-01
-1.612257851646123896e-01
-1.612257851646123896e-01
-1.612257851646123896e-01
-1.612257851646123896e-01
-1.612257851646123896e-01
-1.612257851646123896e-01
-1.612257851646123896e-01
-1.612257851646123896e-01
-1.593733222977532504e-01
-1.899913877952481567e-01
-1.899913877952481567e-01
-1.918438506621074069e-01
-1.899913877952481567e-01
-1.899913877952481567e-01
-1.899913877952481567e-01
-1.899913877952481567e-01
-1.899913877952481567e-01
-1.899913877952481567e-01
-1.899913877952481567e-01
-1.899913877952481567e-01
-1.899913877952481567e-01
-1.899913877952481567e-01
-1.899913877952481567e-01
-1.899913877952481567e-01
-1.612257851646085316e-01
-1.560528699892334559e-01
-1.612257851646085316e-01
-1.612257851646085316e-01
-1.951643029706232324e-01
-1.612257851646085316e-01
-1.612257851646085316e-01
-1.612257851646085316e-01
-1.612257851646085316e-01
-1.612257851646085316e-01
-1.612257851646085316e-01
-1.612257851646085316e-01
-1.612257851646085316e-01
-1.612257851646085316e-01
-1.612257851646085316e-01
-1.612257851646085316e-01
-1.951643029706232324e-01
-1.899913877952481567e-01
-1.899913877952481567e-01
-1.560528699892334559e-01
-1.899913877952481567e-01
-1.899913877952481567e-01
-1.899913877952481567e-01
-1.899913877952481567e-01
-1.899913877952481567e-01
-1.899913877952481567e-01
-1.899913877952481567e-01
-1.899913877952481567e-01
-1.899913877952481567e-01
-1.899913877952481567e-01
-1.899913877952481567e-01
-1.899913877952481567e-01
-1.970167658374824826e-01
-1.918438506621074069e-01
-1.970167658374824826e-01
-1.970167658374824826e-01
-1.951643029706270904e-01
-1.970167658374824826e-01
-1.970167658374824826e-01
-1.970167658374824826e-01
-1.970167658374824826e-01
-1.970167658374824826e-01
-1.970167658374824826e-01
-1.970167658374824826e-01
-1.970167658374824826e-01
-1.970167658374824826e-01
-1.970167658374824826e-01
-1.970167658374824826e-01
-1.951643029706270904e-01
-1.899913877952520147e-01
-1.899913877952520147e-01
-1.918438506621074069e-01
-1.899913877952520147e-01
-1.899913877952520147e-01
-1.899913877952520147e-01
-1.899913877952520147e-01
-1.899913877952520147e-01
-1.899913877952520147e-01
-1.899913877952520147e-01
-1.899913877952520147e-01
-1.899913877952520147e-01
-1.899913877952520147e-01
-1.899913877952520147e-01
-1.899913877952520147e-01
-1.612257851646123896e-01
-1.560528699892373139e-01
-1.612257851646123896e-01
-1.612257851646123896e-01
-1.593733222977532504e-01
-1.612257851646123896e-01
-1.612257851646123896e-01
-1.612257851646123896e-01
-1.612257851646123896e-01
-1.612257851646123896e-01
-1.612257851646123896e-01
-1.612257851646123896e-01
-1.612257851646123896e-01
-1.612257851646123896e-01
-1.612257851646123896e-01
-1.612257851646123896e-01
-1.593733222977532504e-01
-1.542004071223780914e-01
-1.542004071223780914e-01
-1.560528699892373139e-01
-1.542004071223780914e-01
-1.542004071223780914e-01
-1.542004071223780914e-01
-1.542004071223780914e-01
-1.542004071223780914e-01
-1.542004071223780914e-01
-1.542004071223780914e-01
-1.542004071223780914e-01
-1.542004071223780914e-01
-1.542004071223780914e-01
-1.542004071223780914e-01
-1.542004071223780914e-01
-1.701735303328280324e-01
-1.650006151574528457e-01
-1.701735303328280324e-01
-1.701735303328280324e-01
-1.772688126341882831e-01
-1.701735303328280324e-01
-1.701735303328280324e-01
-1.701735303328280324e-01
-1.701735303328280324e-01
-1.701735303328280324e-01
-1.701735303328280324e-01
-1.701735303328280324e-01
-1.701735303328280324e-01
-1.701735303328280324e-01
-1.701735303328280324e-01
-1.701735303328280324e-01
-1.772688126341882831e-01
-1.720958974588131241e-01
-1.720958974588131241e-01
-1.650006151574528457e-01
-1.720958974588131241e-01
-1.720958974588131241e-01
-1.720958974588131241e-01
-1.720958974588131241e-01
-1.720958974588131241e-01
-1.720958974588131241e-01
-1.720958974588131241e-01
-1.720958974588131241e-01
-1.720958974588131241e-01
-1.720958974588131241e-01
-1.720958974588131241e-01
-1.720958974588131241e-01
-2.059645110056980144e-01
-2.007915958303229387e-01
-2.059645110056980144e-01
-2.059645110056980144e-01
-1.772688126341882831e-01
-2.059645110056980144e-01
-2.059645110056980144e-01
-2.059645110056980144e-01
-2.059645110056980144e-01
-2.059645110056980144e-01
-2.059645110056980144e-01
-2.059645110056980144e-01
-2.059645110056980144e-01
-2.059645110056980144e-01
-2.059645110056980144e-01
-2.059645110056980144e-01
-1.772688126341882831e-01
-1.720958974588131241e-01
-1.720958974588131241e-01
-2.007915958303229387e-01
-1.720958974588131241e-01
-1.720958974588131241e-01
-1.720958974588131241e-01
-1.720958974588131241e-01
-1.720958974588131241e-01
-1.720958974588131241e-01
-1.720958974588131241e-01
-1.720958974588131241e-01
-1.720958974588131241e-01
-1.720958974588131241e-01
-1.720958974588131241e-01
-1.720958974588131241e-01
-1.701735303328280324e-01
-1.650006151574528457e-01
-1.701735303328280324e-01
-1.701735303328280324e-01
-1.772688126341882831e-01
-1.701735303328280324e-01
-1.701735303328280324e-01
-1.701735303328280324e-01
-1.701735303328280324e-01
-1.701735303328280324e-01
-1.701735303328280324e-01
-1.701735303328280324e-01
-1.701735303328280324e-01
-1.701735303328280324e-01
-1.701735303328280324e-01
-1.701735303328280324e-01
-1.772688126341882831e-01
-1.720958974588131241e-01
-1.720958974588131241e-01
-1.650006151574528457e-01
-1.720958974588131241e-01
-1.720958974588131241e-01
-1.720958974588131241e-01
-1.720958974588131241e-01
-1.720958974588131241e-01
-1.720958974588131241e-01
-1.720958974588131241e-01
-1.720958974588131241e-01
-1.720958974588131241e-01
-1.720958974588131241e-01
-1.720958974588131241e-01
-1.720958974588131241e-01
-1.701735303328280324e-01
-2.007915958303267967e-01
-1.701735303328280324e-01
-1.701735303328280324e-01
-1.772688126341882831e-01
-1.701735303328280324e-01
-1.701735303328280324e-01
-1.701735303328280324e-01
-1.701735303328280324e-01
-1.701735303328280324e-01
-1.701735303328280324e-01
-1.701735303328280324e-01
-1.701735303328280324e-01
-1.701735303328280324e-01
-1.701735303328280324e-01
-1.701735303328280324e-01
-1.772688126341882831e-01
-2.078868781316870751e-01
-2.078868781316870751e-01
-2.007915958303267967e-01
-2.078868781316870751e-01
-2.078868781316870751e-01
-2.078868781316870751e-01
-2.078868781316870751e-01
-2.078868781316870751e-01
-2.078868781316870751e-01
-2.078868781316870751e-01
-2.078868781316870751e-01
-2.078868781316870751e-01
-2.078868781316870751e-01
-2.078868781316870751e-01
-2.078868781316870751e-01
