-1.987411928029986508e-01
-1.987411928029986508e-01
-1.987411928029986508e-01
-1.987411928029986508e-01
-1.987411928029986508e-01
-2.013552205599106193e-01
-2.038236161569285665e-01
-1.987411928029986508e-01
-1.987411928029986508e-01
-1.987411928029986508e-01
-1.987411928029986508e-01
-1.987411928029986508e-01
-1.987411928029986508e-01
-1.987411928029986508e-01
-1.987411928029986508e-01
-1.987411928029986508e-01
-2.064210630093934740e-01
-2.064210630093934740e-01
-2.064210630093934740e-01
-2.064210630093934740e-01
-2.038236161569285665e-01
-2.013552205599106193e-01
-2.064210630093934740e-01
-2.064210630093934740e-01
-2.064210630093934740e-01
-2.064210630093934740e-01
-2.064210630093934740e-01
-2.064210630093934740e-01
-2.064210630093934740e-01
-2.064210630093934740e-01
-2.064210630093934740e-01
-2.064210630093934740e-01
-2.128336687645385472e-01
-2.128336687645385472e-01
-2.128336687645385472e-01
-2.128336687645385472e-01
-2.128336687645385472e-01
-2.031523840214476961e-01
-2.178767892338532297e-01
-2.128336687645385472e-01
-2.128336687645385472e-01
-2.128336687645385472e-01
-2.128336687645385472e-01
-2.128336687645385472e-01
-2.128336687645385472e-01
-2.128336687645385472e-01
-2.128336687645385472e-01
-2.128336687645385472e-01
-2.082575293555490314e-01
-2.082575293555490314e-01
-2.082575293555490314e-01
-2.082575293555490314e-01
-2.178767892338532297e-01
-2.031523840214476961e-01
-2.082575293555490314e-01
-2.082575293555490314e-01
-2.082575293555490314e-01
-2.082575293555490314e-01
-2.082575293555490314e-01
-2.082575293555490314e-01
-2.082575293555490314e-01
-2.082575293555490314e-01
-2.082575293555490314e-01
-2.082575293555490314e-01
-2.137298466491564242e-01
-2.137298466491564242e-01
-2.137298466491564242e-01
-2.137298466491564242e-01
-2.137298466491564242e-01
-2.163049320983722046e-01
-2.029385560607752936e-01
-2.137298466491564242e-01
-2.137298466491564242e-01
-2.137298466491564242e-01
-2.137298466491564242e-01
-2.137298466491564242e-01
-2.137298466491564242e-01
-2.137298466491564242e-01
-2.137298466491564242e-01
-2.137298466491564242e-01
-2.055489836824695160e-01
-2.055489836824695160e-01
-2.055489836824695160e-01
-2.055489836824695160e-01
-2.029385560607752936e-01
-2.163049320983722046e-01
-2.055489836824695160e-01
-2.055489836824695160e-01
-2.055489836824695160e-01
-2.055489836824695160e-01
-2.055489836824695160e-01
-2.055489836824695160e-01
-2.055489836824695160e-01
-2.055489836824695160e-01
-2.055489836824695160e-01
-2.055489836824695160e-01
-1.996373706876181653e-01
-1.996373706876181653e-01
-1.996373706876181653e-01
-1.996373706876181653e-01
-1.996373706876181653e-01
-2.022384176752974327e-01
-2.047394454838533107e-01
-1.996373706876181653e-01
-1.996373706876181653e-01
-1.996373706876181653e-01
-1.996373706876181653e-01
-1.996373706876181653e-01
-1.996373706876181653e-01
-1.996373706876181653e-01
-1.996373706876181653e-01
-1.996373706876181653e-01
-2.073239115670871546e-01
-2.073239115670871546e-01
-2.073239115670871546e-01
-2.073239115670871546e-01
-2.047394454838533107e-01
-2.022384176752974327e-01
-2.073239115670871546e-01
-2.073239115670871546e-01
-2.073239115670871546e-01
-2.073239115670871546e-01
-2.073239115670871546e-01
-2.073239115670871546e-01
-2.073239115670871546e-01
-2.073239115670871546e-01
-2.073239115670871546e-01
-2.073239115670871546e-01
-1.920930437645394506e-01
-1.920930437645394506e-01
-1.920930437645394506e-01
-1.920930437645394506e-01
-1.920930437645394506e-01
-1.978193611849106692e-01
-1.972049442819304166e-01
-1.920930437645394506e-01
-1.920930437645394506e-01
-1.920930437645394506e-01
-1.920930437645394506e-01
-1.920930437645394506e-01
-1.920930437645394506e-01
-1.920930437645394506e-01
-1.920930437645394506e-01
-1.920930437645394506e-01
-2.028950293555445428e-01
-2.028950293555445428e-01
-2.028950293555445428e-01
-2.028950293555445428e-01
-1.972049442819304166e-01
-1.978193611849106692e-01
-2.028950293555445428e-01
-2.028950293555445428e-01
-2.028950293555445428e-01
-2.028950293555445428e-01
-2.028950293555445428e-01
-2.028950293555445428e-01
-2.028950293555445428e-01
-2.028950293555445428e-01
-2.028950293555445428e-01
-2.028950293555445428e-01
-2.062470581876174047e-01
-2.062470581876174047e-01
-2.062470581876174047e-01
-2.062470581876174047e-01
-2.062470581876174047e-01
-1.996165246464494947e-01
-2.113196558203931374e-01
-2.062470581876174047e-01
-2.062470581876174047e-01
-2.062470581876174047e-01
-2.062470581876174047e-01
-2.062470581876174047e-01
-2.062470581876174047e-01
-2.062470581876174047e-01
-2.062470581876174047e-01
-2.062470581876174047e-01
-2.047314957017018766e-01
-2.047314957017018766e-01
-2.047314957017018766e-01
-2.047314957017018766e-01
-2.113196558203931374e-01
-1.996165246464494947e-01
-2.047314957017018766e-01
-2.047314957017018766e-01
-2.047314957017018766e-01
-2.047314957017018766e-01
-2.047314957017018766e-01
-2.047314957017018766e-01
-2.047314957017018766e-01
-2.047314957017018766e-01
-2.047314957017018766e-01
-2.047314957017018766e-01
-2.132779115530016867e-01
-2.132779115530016867e-01
-2.132779115530016867e-01
-2.132779115530016867e-01
-2.132779115530016867e-01
-2.127998419541422270e-01
-2.025075644742377334e-01
-2.132779115530016867e-01
-2.132779115530016867e-01
-2.132779115530016867e-01
-2.132779115530016867e-01
-2.132779115530016867e-01
-2.132779115530016867e-01
-2.132779115530016867e-01
-2.132779115530016867e-01
-2.132779115530016867e-01
-2.020229500286238600e-01
-2.020229500286238600e-01
-2.020229500286238600e-01
-2.020229500286238600e-01
-2.025075644742377334e-01
-2.127998419541422270e-01
-2.020229500286238600e-01
-2.020229500286238600e-01
-2.020229500286238600e-01
-2.020229500286238600e-01
-2.020229500286238600e-01
-2.020229500286238600e-01
-2.020229500286238600e-01
-2.020229500286238600e-01
-2.020229500286238600e-01
-2.020229500286238600e-01
-1.991854355914601526e-01
-1.991854355914601526e-01
-1.991854355914601526e-01
-1.991854355914601526e-01
-1.991854355914601526e-01
-1.987025583002976215e-01
-2.042776846665409485e-01
-1.991854355914601526e-01
-1.991854355914601526e-01
-1.991854355914601526e-01
-1.991854355914601526e-01
-1.991854355914601526e-01
-1.991854355914601526e-01
-1.991854355914601526e-01
-1.991854355914601526e-01
-1.991854355914601526e-01
-2.037978779132382234e-01
-2.037978779132382234e-01
-2.037978779132382234e-01
-2.037978779132382234e-01
-2.042776846665409485e-01
-1.987025583002976215e-01
-2.037978779132382234e-01
-2.037978779132382234e-01
-2.037978779132382234e-01
-2.037978779132382234e-01
-2.037978779132382234e-01
-2.037978779132382234e-01
-2.037978779132382234e-01
-2.037978779132382234e-01
-2.037978779132382234e-01
-2.037978779132382234e-01
