-5.634042584348931959e-02
-5.634042584348931959e-02
-5.634042584348931959e-02
-5.634042584348931959e-02
-5.634042584348931959e-02
-5.634042584348931959e-02
-6.232610414714481045e-02
-5.634042584348931959e-02
-5.634042584348931959e-02
-5.634042584348931959e-02
-5.634042584348931959e-02
-5.634042584348931959e-02
-5.634042584348931959e-02
-5.634042584348931959e-02
-5.634042584348931959e-02
-5.634042584348931959e-02
-6.232610414714481045e-02
-6.232610414714481045e-02
-6.232610414714481045e-02
-6.232610414714481045e-02
-6.232610414714481045e-02
-5.634042584348931959e-02
-6.232610414714481045e-02
-6.232610414714481045e-02
-6.232610414714481045e-02
-6.232610414714481045e-02
-6.232610414714481045e-02
-6.232610414714481045e-02
-6.232610414714481045e-02
-6.232610414714481045e-02
-6.232610414714481045e-02
-6.232610414714481045e-02
-6.571249707123252848e-02
-6.571249707123252848e-02
-6.571249707123252848e-02
-6.571249707123252848e-02
-6.571249707123252848e-02
-6.571249707123252848e-02
-7.169817537488802628e-02
-6.571249707123252848e-02
-6.571249707123252848e-02
-6.571249707123252848e-02
-6.571249707123252848e-02
-6.571249707123252848e-02
-6.571249707123252848e-02
-6.571249707123252848e-02
-6.571249707123252848e-02
-6.571249707123252848e-02
-7.169817537488802628e-02
-7.169817537488802628e-02
-7.169817537488802628e-02
-7.169817537488802628e-02
-7.169817537488802628e-02
-6.571249707123252848e-02
-7.169817537488802628e-02
-7.169817537488802628e-02
-7.169817537488802628e-02
-7.169817537488802628e-02
-7.169817537488802628e-02
-7.169817537488802628e-02
-7.169817537488802628e-02
-7.169817537488802628e-02
-7.169817537488802628e-02
-7.169817537488802628e-02
-7.039853268510215534e-02
-7.039853268510215534e-02
-7.039853268510215534e-02
-7.039853268510215534e-02
-7.039853268510215534e-02
-7.039853268510215534e-02
-5.764006853327507951e-02
-7.039853268510215534e-02
-7.039853268510215534e-02
-7.039853268510215534e-02
-7.039853268510215534e-02
-7.039853268510215534e-02
-7.039853268510215534e-02
-7.039853268510215534e-02
-7.039853268510215534e-02
-7.039853268510215534e-02
-5.764006853327507951e-02
-5.764006853327507951e-02
-5.764006853327507951e-02
-5.764006853327507951e-02
-5.764006853327507951e-02
-7.039853268510215534e-02
-5.764006853327507951e-02
-5.764006853327507951e-02
-5.764006853327507951e-02
-5.764006853327507951e-02
-5.764006853327507951e-02
-5.764006853327507951e-02
-5.764006853327507951e-02
-5.764006853327507951e-02
-5.764006853327507951e-02
-5.764006853327507951e-02
-6.102646145736300570e-02
-6.102646145736300570e-02
-6.102646145736300570e-02
-6.102646145736300570e-02
-6.102646145736300570e-02
-6.102646145736300570e-02
-6.701213976101839942e-02
-6.102646145736300570e-02
-6.102646145736300570e-02
-6.102646145736300570e-02
-6.102646145736300570e-02
-6.102646145736300570e-02
-6.102646145736300570e-02
-6.102646145736300570e-02
-6.102646145736300570e-02
-6.102646145736300570e-02
-6.701213976101839942e-02
-6.701213976101839942e-02
-6.701213976101839942e-02
-6.701213976101839942e-02
-6.701213976101839942e-02
-6.102646145736300570e-02
-6.701213976101839942e-02
-6.701213976101839942e-02
-6.701213976101839942e-02
-6.701213976101839942e-02
-6.701213976101839942e-02
-6.701213976101839942e-02
-6.701213976101839942e-02
-6.701213976101839942e-02
-6.701213976101839942e-02
-6.701213976101839942e-02
-5.399740803655445065e-02
-5.399740803655445065e-02
-5.399740803655445065e-02
-5.399740803655445065e-02
-5.399740803655445065e-02
-5.399740803655445065e-02
-5.998308634020994151e-02
-5.399740803655445065e-02
-5.399740803655445065e-02
-5.399740803655445065e-02
-5.399740803655445065e-02
-5.399740803655445065e-02
-5.399740803655445065e-02
-5.399740803655445065e-02
-5.399740803655445065e-02
-5.399740803655445065e-02
-5.998308634020994151e-02
-5.998308634020994151e-02
-5.998308634020994151e-02
-5.998308634020994151e-02
-5.998308634020994151e-02
-5.399740803655445065e-02
-5.998308634020994151e-02
-5.998308634020994151e-02
-5.998308634020994151e-02
-5.998308634020994151e-02
-5.998308634020994151e-02
-5.998308634020994151e-02
-5.998308634020994151e-02
-5.998308634020994151e-02
-5.998308634020994151e-02
-5.998308634020994151e-02
-6.336947926429777056e-02
-6.336947926429777056e-02
-6.336947926429777056e-02
-6.336947926429777056e-02
-6.336947926429777056e-02
-6.336947926429777056e-02
-6.935515756795325448e-02
-6.336947926429777056e-02
-6.336947926429777056e-02
-6.336947926429777056e-02
-6.336947926429777056e-02
-6.336947926429777056e-02
-6.336947926429777056e-02
-6.336947926429777056e-02
-6.336947926429777056e-02
-6.336947926429777056e-02
-6.935515756795325448e-02
-6.935515756795325448e-02
-6.935515756795325448e-02
-6.935515756795325448e-02
-6.935515756795325448e-02
-6.336947926429777056e-02
-6.935515756795325448e-02
-6.935515756795325448e-02
-6.935515756795325448e-02
-6.935515756795325448e-02
-6.935515756795325448e-02
-6.935515756795325448e-02
-6.935515756795325448e-02
-6.935515756795325448e-02
-6.935515756795325448e-02
-6.935515756795325448e-02
-6.805551487816739742e-02
-6.805551487816739742e-02
-6.805551487816739742e-02
-6.805551487816739742e-02
-6.805551487816739742e-02
-6.805551487816739742e-02
-5.529705072634041874e-02
-6.805551487816739742e-02
-6.805551487816739742e-02
-6.805551487816739742e-02
-6.805551487816739742e-02
-6.805551487816739742e-02
-6.805551487816739742e-02
-6.805551487816739742e-02
-6.805551487816739742e-02
-6.805551487816739742e-02
-5.529705072634041874e-02
-5.529705072634041874e-02
-5.529705072634041874e-02
-5.529705072634041874e-02
-5.529705072634041874e-02
-6.805551487816739742e-02
-5.529705072634041874e-02
-5.529705072634041874e-02
-5.529705072634041874e-02
-5.529705072634041874e-02
-5.529705072634041874e-02
-5.529705072634041874e-02
-5.529705072634041874e-02
-5.529705072634041874e-02
-5.529705072634041874e-02
-5.529705072634041874e-02
-5.868344365042814370e-02
-5.868344365042814370e-02
-5.868344365042814370e-02
-5.868344365042814370e-02
-5.868344365042814370e-02
-5.868344365042814370e-02
-6.466912195407957531e-02
-5.868344365042814370e-02
-5.868344365042814370e-02
-5.868344365042814370e-02
-5.868344365042814370e-02
-5.868344365042814370e-02
-5.868344365042814370e-02
-5.868344365042814370e-02
-5.868344365042814370e-02
-5.868344365042814370e-02
-6.466912195407957531e-02
-6.466912195407957531e-02
-6.466912195407957531e-02
-6.466912195407957531e-02
-6.466912195407957531e-02
-5.868344365042814370e-02
-6.466912195407957531e-02
-6.466912195407957531e-02
-6.466912195407957531e-02
-6.466912195407957531e-02
-6.466912195407957531e-02
-6.466912195407957531e-02
-6.466912195407957531e-02
-6.466912195407957531e-02
-6.466912195407957531e-02
-6.466912195407957531e-02
