-1.250699698203592766e-02
-1.250699698203592766e-02
-1.250699698203592766e-02
-7.538185755493032048e-03
-1.250699698203592766e-02
-1.250699698203592766e-02
-1.250699698203592766e-02
-1.250699698203592766e-02
-1.250699698203592766e-02
-1.250699698203592766e-02
-1.250699698203592766e-02
-1.250699698203592766e-02
-1.250699698203592766e-02
-1.413130024225071543e-02
-1.250699698203592766e-02
-1.427325409771831692e-02
-1.093401393487825925e-02
-1.093401393487825925e-02
-1.589465208449630448e-02
-1.093401393487825925e-02
-1.093401393487825925e-02
-1.093401393487825925e-02
-1.093401393487825925e-02
-1.093401393487825925e-02
-1.093401393487825925e-02
-1.093401393487825925e-02
-1.093401393487825925e-02
-1.093401393487825925e-02
-9.304442871175421306e-03
-1.093401393487825925e-02
-9.170662092632671930e-03
-1.093401393487825925e-02
-6.391972943569830881e-03
-6.391972943569830881e-03
-6.391972943569830881e-03
-1.392392486262012318e-03
-6.391972943569830881e-03
-6.391972943569830881e-03
-6.391972943569830881e-03
-6.391972943569830881e-03
-6.391972943569830881e-03
-6.391972943569830881e-03
-6.391972943569830881e-03
-6.391972943569830881e-03
-6.391972943569830881e-03
-8.016276203784755694e-03
-6.391972943569830881e-03
-8.169167559254940716e-03
-4.799158165649823268e-03
-4.799158165649823268e-03
-9.790565546032926544e-03
-4.799158165649823268e-03
-4.799158165649823268e-03
-4.799158165649823268e-03
-4.799158165649823268e-03
-4.799158165649823268e-03
-4.799158165649823268e-03
-4.799158165649823268e-03
-4.799158165649823268e-03
-4.799158165649823268e-03
-3.169587101946984460e-03
-4.799158165649823268e-03
-3.024868823401651551e-03
-4.799158165649823268e-03
4.249197443353016322e-03
4.249197443353016322e-03
4.249197443353016322e-03
-7.042291678048903268e-04
4.249197443353016322e-03
4.249197443353016322e-03
4.249197443353016322e-03
4.249197443353016322e-03
4.249197443353016322e-03
4.249197443353016322e-03
4.249197443353016322e-03
4.249197443353016322e-03
4.249197443353016322e-03
1.506840379852046261e-02
4.249197443353016322e-03
2.488409077667068543e-03
8.281853710502837598e-03
8.281853710502837598e-03
1.328864570627257165e-02
8.281853710502837598e-03
8.281853710502837598e-03
8.281853710502837598e-03
8.281853710502837598e-03
8.281853710502837598e-03
8.281853710502837598e-03
8.281853710502837598e-03
8.281853710502837598e-03
8.281853710502837598e-03
-2.465017533490837780e-03
8.281853710502837598e-03
1.006161180275072856e-02
8.281853710502837598e-03
-9.449484962806091112e-03
-9.449484962806091112e-03
-9.449484962806091112e-03
-1.443368080472741746e-02
-9.449484962806091112e-03
-9.449484962806091112e-03
-9.449484962806091112e-03
-9.449484962806091112e-03
-9.449484962806091112e-03
-9.449484962806091112e-03
-9.449484962806091112e-03
-9.449484962806091112e-03
-9.449484962806091112e-03
-1.107378822302101593e-02
-9.449484962806091112e-03
-1.122121082848820048e-02
-1.781863158026443864e-02
-1.781863158026443864e-02
-1.284260881526632335e-02
-1.781863158026443864e-02
-1.781863158026443864e-02
-1.781863158026443864e-02
-1.781863158026443864e-02
-1.781863158026443864e-02
-1.781863158026443864e-02
-1.781863158026443864e-02
-1.781863158026443864e-02
-1.781863158026443864e-02
-1.620540667040952509e-02
-1.781863158026443864e-02
-1.604981098801926825e-02
-1.781863158026443864e-02
-1.899687191049714841e-02
-1.899687191049714841e-02
-1.899687191049714841e-02
-1.899687191049714841e-02
-1.899687191049714841e-02
-1.899687191049714841e-02
-1.899687191049714841e-02
-1.899687191049714841e-02
-1.899687191049714841e-02
-1.899687191049714841e-02
-1.899687191049714841e-02
-1.899687191049714841e-02
-1.899687191049714841e-02
-1.452874728609766276e-02
-1.899687191049714841e-02
-2.076039465117796717e-02
-1.630030225334112154e-02
-1.630030225334112154e-02
-1.630030225334112154e-02
-1.630030225334112154e-02
-1.630030225334112154e-02
-1.630030225334112154e-02
-1.630030225334112154e-02
-1.630030225334112154e-02
-1.630030225334112154e-02
-1.630030225334112154e-02
-1.630030225334112154e-02
-1.630030225334112154e-02
-2.076039465117796717e-02
-1.630030225334112154e-02
-1.452874728609766276e-02
-1.630030225334112154e-02
7.054935495662179729e-03
7.054935495662179729e-03
7.054935495662179729e-03
7.054935495662179729e-03
7.054935495662179729e-03
7.054935495662179729e-03
7.054935495662179729e-03
7.054935495662179729e-03
7.054935495662179729e-03
7.054935495662179729e-03
7.054935495662179729e-03
7.054935495662179729e-03
7.054935495662179729e-03
-8.012187260959535706e-04
7.054935495662179729e-03
5.280475254976999336e-03
-2.561836193343252927e-03
-2.561836193343252927e-03
-2.561836193343252927e-03
-2.561836193343252927e-03
-2.561836193343252927e-03
-2.561836193343252927e-03
-2.561836193343252927e-03
-2.561836193343252927e-03
-2.561836193343252927e-03
-2.561836193343252927e-03
-2.561836193343252927e-03
-2.561836193343252927e-03
5.280475254976999336e-03
-2.561836193343252927e-03
-8.012187260959535706e-04
-2.561836193343252927e-03
-6.001737438192997556e-03
-6.001737438192997556e-03
-6.001737438192997556e-03
-6.001737438192997556e-03
-6.001737438192997556e-03
-6.001737438192997556e-03
-6.001737438192997556e-03
-6.001737438192997556e-03
-6.001737438192997556e-03
-6.001737438192997556e-03
-6.001737438192997556e-03
-6.001737438192997556e-03
-6.001737438192997556e-03
-7.634213775327717763e-03
-6.001737438192997556e-03
2.182278139587268129e-03
5.363609220415591463e-04
5.363609220415591463e-04
5.363609220415591463e-04
5.363609220415591463e-04
5.363609220415591463e-04
5.363609220415591463e-04
5.363609220415591463e-04
5.363609220415591463e-04
5.363609220415591463e-04
5.363609220415591463e-04
5.363609220415591463e-04
5.363609220415591463e-04
2.182278139587268129e-03
5.363609220415591463e-04
-7.634213775327717763e-03
5.363609220415591463e-04
1.440558310445812164e-04
1.440558310445812164e-04
1.440558310445812164e-04
1.440558310445812164e-04
1.440558310445812164e-04
1.440558310445812164e-04
1.440558310445812164e-04
1.440558310445812164e-04
1.440558310445812164e-04
1.440558310445812164e-04
1.440558310445812164e-04
1.440558310445812164e-04
1.440558310445812164e-04
-1.488420506093418106e-03
1.440558310445812164e-04
8.378672370360171553e-03
6.732755152812959325e-03
6.732755152812959325e-03
6.732755152812959325e-03
6.732755152812959325e-03
6.732755152812959325e-03
6.732755152812959325e-03
6.732755152812959325e-03
6.732755152812959325e-03
6.732755152812959325e-03
6.732755152812959325e-03
6.732755152812959325e-03
6.732755152812959325e-03
8.378672370360171553e-03
6.732755152812959325e-03
-1.488420506093418106e-03
6.732755152812959325e-03
