9.608666666666666245e+00 2.490000000000000213e+00 2.683333333333333126e+00 4.471666666666666679e+00 4.991666666666666252e+00 7.050333333333333563e+00 8.665666666666666629e+00 2.959000000000000075e+00 3.576999999999999957e+00
9.608666666666666245e+00 2.490000000000000213e+00 2.683333333333333126e+00 4.471666666666666679e+00 4.724999999999999645e+00 7.050333333333333563e+00 8.665666666666666629e+00 2.959000000000000075e+00 3.576999999999999957e+00
9.608666666666666245e+00 2.490000000000000213e+00 2.683333333333333126e+00 4.471666666666666679e+00 4.724999999999999645e+00 7.050333333333333563e+00 8.399000000000000909e+00 2.959000000000000075e+00 3.576999999999999957e+00
9.608666666666666245e+00 2.490000000000000213e+00 2.683333333333333126e+00 4.205000000000000071e+00 4.724999999999999645e+00 7.050333333333333563e+00 8.399000000000000909e+00 2.959000000000000075e+00 3.576999999999999957e+00
9.608666666666666245e+00 2.490000000000000213e+00 2.950000000000000178e+00 4.205000000000000071e+00 4.724999999999999645e+00 7.050333333333333563e+00 8.399000000000000909e+00 2.959000000000000075e+00 3.576999999999999957e+00
9.342000000000000526e+00 2.490000000000000213e+00 2.950000000000000178e+00 4.205000000000000071e+00 4.724999999999999645e+00 7.050333333333333563e+00 8.399000000000000909e+00 2.959000000000000075e+00 3.576999999999999957e+00
9.342000000000000526e+00 2.490000000000000213e+00 2.950000000000000178e+00 4.205000000000000071e+00 4.724999999999999645e+00 7.050333333333333563e+00 8.399000000000000909e+00 2.959000000000000075e+00 3.843666666666667009e+00
9.342000000000000526e+00 2.223333333333333162e+00 2.950000000000000178e+00 4.205000000000000071e+00 4.724999999999999645e+00 7.050333333333333563e+00 8.399000000000000909e+00 2.959000000000000075e+00 3.843666666666667009e+00
9.342000000000000526e+00 2.223333333333333162e+00 2.950000000000000178e+00 4.205000000000000071e+00 4.724999999999999645e+00 7.317000000000000171e+00 8.399000000000000909e+00 2.959000000000000075e+00 3.843666666666667009e+00
9.342000000000000526e+00 2.223333333333333162e+00 2.950000000000000178e+00 4.205000000000000071e+00 4.724999999999999645e+00 7.317000000000000171e+00 8.399000000000000909e+00 2.692333333333333023e+00 3.843666666666667009e+00
9.342000000000000526e+00 2.223333333333333162e+00 2.549999999999999822e+00 4.338333333333333819e+00 5.125000000000000000e+00 7.050333333333333563e+00 8.798999999999999488e+00 2.825666666666666771e+00 3.843666666666667009e+00
9.342000000000000526e+00 2.223333333333333162e+00 2.549999999999999822e+00 4.338333333333333819e+00 5.125000000000000000e+00 7.317000000000000171e+00 8.798999999999999488e+00 2.825666666666666771e+00 3.843666666666667009e+00
9.342000000000000526e+00 2.223333333333333162e+00 2.549999999999999822e+00 4.338333333333333819e+00 5.125000000000000000e+00 7.317000000000000171e+00 8.798999999999999488e+00 2.558999999999999719e+00 3.843666666666667009e+00
9.608666666666666245e+00 2.223333333333333162e+00 2.549999999999999822e+00 4.338333333333333819e+00 5.125000000000000000e+00 7.317000000000000171e+00 8.798999999999999488e+00 2.558999999999999719e+00 3.843666666666667009e+00
9.608666666666666245e+00 2.223333333333333162e+00 2.549999999999999822e+00 4.605000000000000426e+00 5.125000000000000000e+00 7.317000000000000171e+00 8.798999999999999488e+00 2.558999999999999719e+00 3.843666666666667009e+00
9.608666666666666245e+00 2.223333333333333162e+00 2.816666666666666874e+00 4.605000000000000426e+00 5.125000000000000000e+00 7.317000000000000171e+00 8.798999999999999488e+00 2.558999999999999719e+00 3.843666666666667009e+00
9.608666666666666245e+00 2.490000000000000213e+00 2.816666666666666874e+00 4.605000000000000426e+00 5.125000000000000000e+00 7.317000000000000171e+00 8.798999999999999488e+00 2.558999999999999719e+00 3.843666666666667009e+00
9.608666666666666245e+00 2.490000000000000213e+00 2.816666666666666874e+00 4.605000000000000426e+00 5.125000000000000000e+00 7.317000000000000171e+00 8.798999999999999488e+00 2.558999999999999719e+00 3.576999999999999957e+00
9.608666666666666245e+00 2.490000000000000213e+00 2.816666666666666874e+00 4.605000000000000426e+00 5.125000000000000000e+00 7.317000000000000171e+00 8.532333333333333769e+00 2.558999999999999719e+00 3.576999999999999957e+00
9.608666666666666245e+00 2.490000000000000213e+00 2.816666666666666874e+00 4.605000000000000426e+00 4.858333333333333393e+00 7.317000000000000171e+00 8.532333333333333769e+00 2.558999999999999719e+00 3.576999999999999957e+00
