9.575333333333333030e+00 2.390000000000000124e+00 2.716666666666666785e+00 4.438333333333333464e+00 4.958333333333333037e+00 7.083666666666666778e+00 8.632333333333333414e+00 2.858999999999999986e+00 3.677000000000000046e+00
9.575333333333333030e+00 2.390000000000000124e+00 2.716666666666666785e+00 4.438333333333333464e+00 4.825000000000000178e+00 7.083666666666666778e+00 8.632333333333333414e+00 2.858999999999999986e+00 3.677000000000000046e+00
9.575333333333333030e+00 2.390000000000000124e+00 2.716666666666666785e+00 4.438333333333333464e+00 4.825000000000000178e+00 7.083666666666666778e+00 8.499000000000000554e+00 2.858999999999999986e+00 3.677000000000000046e+00
9.575333333333333030e+00 2.390000000000000124e+00 2.716666666666666785e+00 4.305000000000000604e+00 4.825000000000000178e+00 7.083666666666666778e+00 8.499000000000000554e+00 2.858999999999999986e+00 3.677000000000000046e+00
9.575333333333333030e+00 2.390000000000000124e+00 2.850000000000000089e+00 4.305000000000000604e+00 4.825000000000000178e+00 7.083666666666666778e+00 8.499000000000000554e+00 2.858999999999999986e+00 3.677000000000000046e+00
9.442000000000000171e+00 2.390000000000000124e+00 2.850000000000000089e+00 4.305000000000000604e+00 4.825000000000000178e+00 7.083666666666666778e+00 8.499000000000000554e+00 2.858999999999999986e+00 3.677000000000000046e+00
9.442000000000000171e+00 2.390000000000000124e+00 2.850000000000000089e+00 4.305000000000000604e+00 4.825000000000000178e+00 7.083666666666666778e+00 8.499000000000000554e+00 2.858999999999999986e+00 3.810333333333333350e+00
9.442000000000000171e+00 2.256666666666666821e+00 2.850000000000000089e+00 4.305000000000000604e+00 4.825000000000000178e+00 7.083666666666666778e+00 8.499000000000000554e+00 2.858999999999999986e+00 3.810333333333333350e+00
9.442000000000000171e+00 2.256666666666666821e+00 2.850000000000000089e+00 4.305000000000000604e+00 4.825000000000000178e+00 7.216999999999999638e+00 8.499000000000000554e+00 2.858999999999999986e+00 3.810333333333333350e+00
9.442000000000000171e+00 2.256666666666666821e+00 2.850000000000000089e+00 4.305000000000000604e+00 4.825000000000000178e+00 7.216999999999999638e+00 8.499000000000000554e+00 2.725666666666666682e+00 3.810333333333333350e+00
9.442000000000000171e+00 2.256666666666666821e+00 2.649999999999999911e+00 4.371666666666667034e+00 5.024999999999999467e+00 7.083666666666666778e+00 8.698999999999999844e+00 2.792333333333333112e+00 3.810333333333333350e+00
9.442000000000000171e+00 2.256666666666666821e+00 2.649999999999999911e+00 4.371666666666667034e+00 5.024999999999999467e+00 7.216999999999999638e+00 8.698999999999999844e+00 2.792333333333333112e+00 3.810333333333333350e+00
9.442000000000000171e+00 2.256666666666666821e+00 2.649999999999999911e+00 4.371666666666667034e+00 5.024999999999999467e+00 7.216999999999999638e+00 8.698999999999999844e+00 2.658999999999999808e+00 3.810333333333333350e+00
9.575333333333333030e+00 2.256666666666666821e+00 2.649999999999999911e+00 4.371666666666667034e+00 5.024999999999999467e+00 7.216999999999999638e+00 8.698999999999999844e+00 2.658999999999999808e+00 3.810333333333333350e+00
9.575333333333333030e+00 2.256666666666666821e+00 2.649999999999999911e+00 4.504999999999999893e+00 5.024999999999999467e+00 7.216999999999999638e+00 8.698999999999999844e+00 2.658999999999999808e+00 3.810333333333333350e+00
9.575333333333333030e+00 2.256666666666666821e+00 2.783333333333333215e+00 4.504999999999999893e+00 5.024999999999999467e+00 7.216999999999999638e+00 8.698999999999999844e+00 2.658999999999999808e+00 3.810333333333333350e+00
9.575333333333333030e+00 2.390000000000000124e+00 2.783333333333333215e+00 4.504999999999999893e+00 5.024999999999999467e+00 7.216999999999999638e+00 8.698999999999999844e+00 2.658999999999999808e+00 3.810333333333333350e+00
9.575333333333333030e+00 2.390000000000000124e+00 2.783333333333333215e+00 4.504999999999999893e+00 5.024999999999999467e+00 7.216999999999999638e+00 8.698999999999999844e+00 2.658999999999999808e+00 3.677000000000000046e+00
9.575333333333333030e+00 2.390000000000000124e+00 2.783333333333333215e+00 4.504999999999999893e+00 5.024999999999999467e+00 7.216999999999999638e+00 8.565666666666666984e+00 2.658999999999999808e+00 3.677000000000000046e+00
9.575333333333333030e+00 2.390000000000000124e+00 2.783333333333333215e+00 4.504999999999999893e+00 4.891666666666666607e+00 7.216999999999999638e+00 8.565666666666666984e+00 2.658999999999999808e+00 3.677000000000000046e+00
