3.592627303975022383e-03
-5.888784754763196766e-02
-5.888784754763196766e-02
-5.888784754763196766e-02
-1.213683223992387400e-01
-1.213683223992387400e-01
-1.213683223992387400e-01
-1.213683223992387400e-01
-1.213683223992387400e-01
-1.213683223992387400e-01
6.607310215558576116e-02
6.607310215558576116e-02
6.607310215558576116e-02
6.607310215558576116e-02
6.607310215558576116e-02
3.592627303978976252e-03
3.592627303978976252e-03
3.592627303978976252e-03
3.592627303978976252e-03
-5.888784754762780432e-02
