-1.156564102563858026e-01
-1.707128205127960152e-01
-1.707128205127960152e-01
-1.707128205127960152e-01
-2.257692307692063527e-01
-2.257692307692063527e-01
-2.257692307692063527e-01
-2.257692307692063527e-01
-2.257692307692063527e-01
-2.642307692307462874e-01
-8.393333333330670054e-02
-8.393333333330670054e-02
-1.305999999999738204e-01
-1.305999999999738204e-01
-1.305999999999738204e-01
-1.815538461538196979e-01
-1.815538461538196979e-01
-1.815538461538196979e-01
-1.815538461538196979e-01
-2.325076923076670743e-01
