-3.575518969219588783e-01
-3.575518969219588783e-01
-3.575518969219588783e-01
-3.575518969219588783e-01
-3.575518969219588783e-01
-3.575518969219588783e-01
-2.382486280123906619e-01
-2.382486280123906619e-01
-2.382486280123906619e-01
-1.189453591028225565e-01
-1.785969935576085799e-01
-1.785969935576085799e-01
-5.929372464804048837e-02
-5.929372464804048837e-02
-5.929372464804048837e-02
-5.929372464804048837e-02
-5.929372464804048837e-02
-1.785969935576085799e-01
-1.785969935576085799e-01
-1.785969935576085799e-01
