9.625333333333333741e+00 2.540000000000000036e+00 2.666666666666666519e+00 4.488333333333333286e+00 5.008333333333332860e+00 7.033666666666666956e+00 8.682333333333334124e+00 3.008999999999999897e+00 3.527000000000000135e+00
9.625333333333333741e+00 2.540000000000000036e+00 2.666666666666666519e+00 4.488333333333333286e+00 4.674999999999999822e+00 7.033666666666666956e+00 8.682333333333334124e+00 3.008999999999999897e+00 3.527000000000000135e+00
9.625333333333333741e+00 2.540000000000000036e+00 2.666666666666666519e+00 4.488333333333333286e+00 4.674999999999999822e+00 7.033666666666666956e+00 8.349000000000000199e+00 3.008999999999999897e+00 3.527000000000000135e+00
9.625333333333333741e+00 2.540000000000000036e+00 2.666666666666666519e+00 4.155000000000000249e+00 4.674999999999999822e+00 7.033666666666666956e+00 8.349000000000000199e+00 3.008999999999999897e+00 3.527000000000000135e+00
9.625333333333333741e+00 2.540000000000000036e+00 3.000000000000000000e+00 4.155000000000000249e+00 4.674999999999999822e+00 7.033666666666666956e+00 8.349000000000000199e+00 3.008999999999999897e+00 3.527000000000000135e+00
9.291999999999999815e+00 2.540000000000000036e+00 3.000000000000000000e+00 4.155000000000000249e+00 4.674999999999999822e+00 7.033666666666666956e+00 8.349000000000000199e+00 3.008999999999999897e+00 3.527000000000000135e+00
9.291999999999999815e+00 2.540000000000000036e+00 3.000000000000000000e+00 4.155000000000000249e+00 4.674999999999999822e+00 7.033666666666666956e+00 8.349000000000000199e+00 3.008999999999999897e+00 3.860333333333333616e+00
9.291999999999999815e+00 2.206666666666666554e+00 3.000000000000000000e+00 4.155000000000000249e+00 4.674999999999999822e+00 7.033666666666666956e+00 8.349000000000000199e+00 3.008999999999999897e+00 3.860333333333333616e+00
9.291999999999999815e+00 2.206666666666666554e+00 3.000000000000000000e+00 4.155000000000000249e+00 4.674999999999999822e+00 7.366999999999999993e+00 8.349000000000000199e+00 3.008999999999999897e+00 3.860333333333333616e+00
9.291999999999999815e+00 2.206666666666666554e+00 3.000000000000000000e+00 4.155000000000000249e+00 4.674999999999999822e+00 7.366999999999999993e+00 8.349000000000000199e+00 2.675666666666666416e+00 3.860333333333333616e+00
9.291999999999999815e+00 2.206666666666666554e+00 2.500000000000000000e+00 4.321666666666667211e+00 5.174999999999999822e+00 7.033666666666666956e+00 8.849000000000000199e+00 2.842333333333333378e+00 3.860333333333333616e+00
9.291999999999999815e+00 2.206666666666666554e+00 2.500000000000000000e+00 4.321666666666667211e+00 5.174999999999999822e+00 7.366999999999999993e+00 8.849000000000000199e+00 2.842333333333333378e+00 3.860333333333333616e+00
9.291999999999999815e+00 2.206666666666666554e+00 2.500000000000000000e+00 4.321666666666667211e+00 5.174999999999999822e+00 7.366999999999999993e+00 8.849000000000000199e+00 2.508999999999999897e+00 3.860333333333333616e+00
9.625333333333333741e+00 2.206666666666666554e+00 2.500000000000000000e+00 4.321666666666667211e+00 5.174999999999999822e+00 7.366999999999999993e+00 8.849000000000000199e+00 2.508999999999999897e+00 3.860333333333333616e+00
9.625333333333333741e+00 2.206666666666666554e+00 2.500000000000000000e+00 4.655000000000000249e+00 5.174999999999999822e+00 7.366999999999999993e+00 8.849000000000000199e+00 2.508999999999999897e+00 3.860333333333333616e+00
9.625333333333333741e+00 2.206666666666666554e+00 2.833333333333333481e+00 4.655000000000000249e+00 5.174999999999999822e+00 7.366999999999999993e+00 8.849000000000000199e+00 2.508999999999999897e+00 3.860333333333333616e+00
9.625333333333333741e+00 2.540000000000000036e+00 2.833333333333333481e+00 4.655000000000000249e+00 5.174999999999999822e+00 7.366999999999999993e+00 8.849000000000000199e+00 2.508999999999999897e+00 3.860333333333333616e+00
9.625333333333333741e+00 2.540000000000000036e+00 2.833333333333333481e+00 4.655000000000000249e+00 5.174999999999999822e+00 7.366999999999999993e+00 8.849000000000000199e+00 2.508999999999999897e+00 3.527000000000000135e+00
9.625333333333333741e+00 2.540000000000000036e+00 2.833333333333333481e+00 4.655000000000000249e+00 5.174999999999999822e+00 7.366999999999999993e+00 8.515666666666666273e+00 2.508999999999999897e+00 3.527000000000000135e+00
9.625333333333333741e+00 2.540000000000000036e+00 2.833333333333333481e+00 4.655000000000000249e+00 4.841666666666666785e+00 7.366999999999999993e+00 8.515666666666666273e+00 2.508999999999999897e+00 3.527000000000000135e+00
