-4.840861538460766167e-01
-4.840861538460766167e-01
-4.840861538460766167e-01
-4.943169230768706957e-01
-4.395415384615163901e-01
-4.395415384615163901e-01
-4.395415384615163901e-01
-3.512030769230526372e-01
-2.047661538461273689e-01
-1.778861538461004865e-01
-4.152092307691784834e-01
-2.820646153845622339e-01
-2.631384615383808856e-01
-3.911692307691826964e-01
-3.911692307691826964e-01
-3.911692307691826964e-01
-3.911692307691826964e-01
-3.911692307691826964e-01
-4.819076923072256047e-02
-3.024061538461056964e-01
-2.187569230768401374e-01
-2.187569230768400264e-01
-2.187569230768400264e-01
-2.187569230768400264e-01
-2.187569230768400264e-01
-3.519015384614594399e-01
-3.519015384614594399e-01
-3.217569230769002919e-01
-3.217569230769002919e-01
-3.217569230769002919e-01
-3.217569230769002919e-01
-1.686738461538188072e-01
-1.686738461538188072e-01
-4.406646153845365510e-01
-4.406646153845365510e-01
-4.406646153845380498e-01
-2.923107692307429506e-01
-2.923107692307429506e-01
-1.325815384615118830e-01
-4.553538461532601056e-02
-4.553538461532601056e-02
-4.553538461532601056e-02
-4.553538461532601056e-02
-4.553538461532601056e-02
-3.129107692306934418e-01
-1.244738461537936436e-01
-2.642646153845676915e-01
-2.642646153845676915e-01
-2.642646153845676915e-01
-2.642646153845676915e-01
-2.609538461535853421e-02
-1.858246153845894422e-01
-1.858246153845894422e-01
-1.858246153845894422e-01
-4.840861538460732305e-01
-4.840861538460732305e-01
-4.714769230768761643e-01
-4.714769230768761643e-01
-2.305538461537987027e-01
-3.023907692307474804e-01
-3.023907692307474804e-01
-3.023907692307474804e-01
-1.559538461538206022e-01
-4.406646153845381053e-01
-5.039723076922555389e-01
-5.039723076922570932e-01
-5.039723076922570932e-01
-5.039723076922570932e-01
-3.708276923076376796e-01
-2.707292307692064082e-01
-2.707292307692064082e-01
-2.707292307692064082e-01
1.336338461538758016e-01
1.336338461538758016e-01
1.336338461538758016e-01
-2.609538461535853421e-02
-9.877846153840685872e-02
-9.877846153840685872e-02
-9.877846153840685872e-02
-3.361015384614831625e-01
-3.361015384614832735e-01
-1.686738461538204448e-01
-1.778861538460955738e-01
-5.740307692299768949e-02
-5.740307692299753684e-02
-5.740307692299753684e-02
-5.740307692299753684e-02
-5.740307692299753684e-02
-5.740307692299753684e-02
-4.406646153845382718e-01
-3.806492307692050381e-01
-3.806492307692050381e-01
-3.806492307692050381e-01
-3.806492307692050381e-01
-2.923107692307429506e-01
-1.325815384615118830e-01
-1.325815384615118830e-01
2.714769230772066944e-02
7.707692307751545097e-03
-5.684184615383842676e-01
-5.684184615383842676e-01
-5.684184615383827133e-01
-5.684184615383827133e-01
-5.684184615383827133e-01
-3.512030769230542471e-01
-3.512030769230542471e-01
-3.512030769230542471e-01
-3.512030769230542471e-01
5.386461538466669891e-02
-2.631384615383777770e-01
-3.962830769229971906e-01
-3.962830769229986894e-01
-3.962830769229986894e-01
-3.962830769229988004e-01
-3.962830769229988004e-01
-3.962830769229988004e-01
-3.962830769229988004e-01
7.707692307748259530e-03
-1.520215384614811427e-01
-1.520215384614811427e-01
-1.520215384614811427e-01
-3.826984615384045885e-01
-3.826984615384061983e-01
-3.826984615384061983e-01
-3.826984615384061983e-01
-3.340523076922836121e-01
-1.858246153845894422e-01
-1.858246153845894422e-01
-1.858246153845894422e-01
-2.874553846153574121e-01
-3.361015384614799983e-01
-3.361015384614799983e-01
-3.361015384614799983e-01
-2.197169230768442338e-01
-3.108615384614923927e-01
-4.395415384615163901e-01
-4.395415384615163901e-01
-4.395415384615163901e-01
-4.943169230768706957e-01
-4.943169230768706957e-01
-4.943169230768706957e-01
-4.943169230768706957e-01
-2.569938461537893404e-01
-1.105569230768674027e-01
-2.081815384614825737e-01
-2.081815384614825737e-01
-1.363446153845370712e-01
-1.363446153845370712e-01
-5.262523076922304144e-01
-5.262523076922304144e-01
-3.997538461537653576e-01
-3.997538461537653576e-01
-3.997538461537653576e-01
-3.806492307692050381e-01
-2.642646153845676915e-01
-2.642646153845676915e-01
-2.642646153845676915e-01
-1.244738461537985702e-01
-1.244738461537985702e-01
-1.244738461537985702e-01
2.714769230772066944e-02
2.714769230772066944e-02
-5.262523076922255294e-01
-5.262523076922255294e-01
-5.262523076922271947e-01
-5.262523076922271947e-01
-4.714769230768761643e-01
-4.714769230768761643e-01
-4.714769230768761643e-01
-3.997538461537639143e-01
-2.047661538461290065e-01
-4.406646153845380498e-01
-4.406646153845380498e-01
-4.406646153845382718e-01
-4.406646153845382718e-01
-4.406646153845382718e-01
-3.075199999999219669e-01
-3.075199999999219669e-01
9.568000000008053396e-02
-2.480307692302078509e-02
-2.197015384615126909e-01
-2.197015384615126909e-01
-3.727846153845940647e-01
-3.727846153845940647e-01
-2.197015384615143285e-01
-2.197015384615143285e-01
-2.197015384615143285e-01
-3.911692307691825854e-01
-3.962830769229971906e-01
4.465230769238679592e-02
4.465230769238679592e-02
-7.583076923071452313e-02
-1.559076923074237744e-02
-2.187569230768400264e-01
-2.187569230768400264e-01
-2.187569230768400264e-01
-3.024061538461023657e-01
-3.024061538461023657e-01
1.336338461538758016e-01
1.336338461538758016e-01
-2.609538461535525211e-02
-2.609538461535525211e-02
-2.609538461535525211e-02
-2.609538461535525211e-02
-2.609538461535525211e-02
-1.858246153845910797e-01
-3.361015384614832735e-01
-2.535784615384374385e-01
-4.840861538460733415e-01
-4.943169230768673650e-01
-4.943169230768673650e-01
-4.943169230768673650e-01
-4.943169230768673650e-01
-4.943169230768673650e-01
-3.678184615384024192e-01
-3.678184615384024192e-01
-2.390676923076670013e-01
-2.390676923076670013e-01
-7.933846153843596150e-02
-7.933846153843596150e-02
8.039076923079659098e-02
6.095076923082747011e-02
6.095076923082747011e-02
-3.129107692306933863e-01
-3.129107692306933863e-01
-1.559538461538206022e-01
-1.559538461538206022e-01
-3.575876923076099501e-01
-4.714769230768762198e-01
-4.714769230768761643e-01
-4.840861538460732305e-01
-4.840861538460732305e-01
-4.840861538460732305e-01
-4.840861538460732305e-01
-3.455538461538237849e-01
-3.455538461538237849e-01
-3.455538461538237849e-01
-1.858246153845894422e-01
-3.108615384614923927e-01
-3.108615384614923927e-01
-3.108615384614923927e-01
-1.710707692307216476e-01
-1.710707692307216476e-01
-3.108615384614923927e-01
-3.108615384614923927e-01
-3.108615384614923927e-01
-3.108615384614923927e-01
-4.272461538461330144e-01
-3.455538461538237849e-01
-1.858246153845894422e-01
-1.858246153845894422e-01
-1.858246153845894422e-01
-3.361015384614799983e-01
-3.361015384614799983e-01
-3.361015384614799983e-01
-3.361015384614799983e-01
-2.874553846153574121e-01
-4.272461538461330144e-01
-4.272461538461330144e-01
-3.455538461538237849e-01
-1.858246153845894422e-01
-4.714769230768761643e-01
-4.714769230768761643e-01
-5.262523076922271947e-01
-5.262523076922271947e-01
-5.262523076922271947e-01
-5.262523076922271947e-01
-5.262523076922271947e-01
-1.363446153845387088e-01
-2.081815384614825737e-01
2.714769230771903186e-02
2.714769230771903186e-02
2.714769230771903186e-02
2.714769230771903186e-02
-1.325815384615103842e-01
-3.108615384614906718e-01
-3.108615384614906718e-01
-3.806492307692083132e-01
-3.806492307692083132e-01
-4.521507692307135118e-01
-4.521507692307151216e-01
-4.521507692307151216e-01
-4.419199999999210426e-01
-6.174461538455898457e-02
-6.174461538455898457e-02
-2.081815384614842390e-01
-2.081815384614842390e-01
-2.081815384614842390e-01
-2.569938461537910057e-01
-2.569938461537926155e-01
-2.569938461537926155e-01
-2.569938461537926155e-01
-5.262523076922287490e-01
-5.262523076922287490e-01
-3.997538461537636922e-01
-3.997538461537653576e-01
-3.997538461537653576e-01
-2.289138461537910951e-01
-2.707292307692080735e-01
-2.707292307692080735e-01
-4.595907692307178438e-01
-4.595907692307178438e-01
-4.406646153845366065e-01
-4.406646153845366065e-01
-3.467876923076434470e-01
-3.467876923076434470e-01
-4.419199999999193218e-01
-4.419199999999193218e-01
-3.871999999991861119e-02
-1.817415384614902707e-01
-1.851569230768438379e-01
-2.569938461537910057e-01
-2.569938461537910057e-01
-2.569938461537910057e-01
-2.569938461537910057e-01
-1.176461538461283513e-01
-1.176461538461283513e-01
2.836923076971316349e-03
2.836923076971316349e-03
2.836923076971316349e-03
-3.075199999999203015e-01
-4.406646153845397151e-01
-4.406646153845397151e-01
-4.406646153845365510e-01
2.714769230771903186e-02
1.868769230769517231e-01
-7.992615384607008877e-02
-7.992615384607008877e-02
-1.031169230768630707e-01
-2.429076923076370909e-01
-2.429076923076370909e-01
-2.429076923076370909e-01
-2.429076923076370909e-01
-3.075199999999186362e-01
-4.406646153845380498e-01
-4.406646153845380498e-01
-4.406646153845365510e-01
-4.406646153845365510e-01
-1.686738461538188072e-01
-1.686738461538188072e-01
-3.217569230769002919e-01
-3.217569230769002919e-01
-4.714769230768762753e-01
-4.714769230768762753e-01
-4.714769230768762753e-01
-5.262523076922273058e-01
-2.535784615384374385e-01
-2.535784615384374385e-01
-1.593692307691741694e-01
-3.058061538460977724e-01
-3.058061538460977724e-01
-5.262523076922287490e-01
-5.262523076922287490e-01
-5.262523076922304144e-01
-1.363446153845403741e-01
-1.363446153845403741e-01
-1.363446153845403741e-01
1.009230769238651793e-02
1.009230769238651793e-02
-1.329292307691851416e-01
-3.997538461537655241e-01
-4.714769230768762753e-01
-4.714769230768762753e-01
-4.817076923076702988e-01
-4.817076923076702988e-01
-4.000153846153642889e-01
-4.000153846153642889e-01
-4.000153846153642889e-01
-4.000153846153642889e-01
-4.000153846153642889e-01
-4.000153846153642889e-01
-4.000153846153642889e-01
-4.943169230768673650e-01
-4.817076923076702988e-01
-3.678184615384024192e-01
-3.575876923076115599e-01
-3.575876923076115599e-01
-3.575876923076115599e-01
-3.708276923076392895e-01
-3.708276923076392895e-01
-2.707292307692080735e-01
-2.707292307692080735e-01
-1.268584615384051317e-01
-1.176461538461283513e-01
-1.176461538461283513e-01
-1.176461538461283513e-01
3.543692307694822075e-02
-2.197169230768440951e-01
8.039076923079822856e-02
-7.933846153843446269e-02
-7.933846153843446269e-02
-7.933846153843446269e-02
-7.933846153843446269e-02
-2.390676923076686389e-01
-2.390676923076686389e-01
-2.390676923076686389e-01
-2.390676923076670013e-01
-2.390676923076670013e-01
-7.933846153843446269e-02
-7.933846153843446269e-02
8.039076923079659098e-02
8.039076923079659098e-02
8.039076923079659098e-02
8.039076923079659098e-02
-2.663138461537686852e-01
1.674369230769809647e-01
1.674369230769809647e-01
1.674369230769809647e-01
-2.197169230768441228e-01
-2.429076923076370909e-01
-1.031169230768630707e-01
-1.031169230768630707e-01
-2.408584615384375960e-01
-2.408584615384375960e-01
-4.419199999999210426e-01
-4.419199999999209316e-01
-4.419199999999209316e-01
-4.521507692307151216e-01
-4.521507692307151216e-01
-5.786492307691786241e-01
-5.786492307691786241e-01
-5.786492307691786241e-01
-3.546184615384061489e-01
1.868769230769517231e-01
1.868769230769517231e-01
1.868769230769517231e-01
-1.731199999999193939e-01
-1.731199999999193939e-01
-3.129107692306934418e-01
-3.361015384614864376e-01
-3.361015384614847723e-01
-3.361015384614847723e-01
-2.390676923076670013e-01
-2.390676923076670013e-01
-7.933846153843446269e-02
-3.108615384614890065e-01
-3.108615384614890065e-01
-3.108615384614890065e-01
-1.710707692307215089e-01
-2.197169230768440951e-01
-2.197169230768440951e-01
-4.293107692307222001e-01
-4.293107692307222001e-01
-4.293107692307206458e-01
-4.293107692307206458e-01
-4.293107692307206458e-01
-3.997538461537639143e-01
-3.997538461537639143e-01
-1.559538461538206022e-01
-2.569938461537910057e-01
-2.923107692307429506e-01
-1.325815384615118830e-01
-1.325815384615118830e-01
-1.325815384615118830e-01
-1.325815384615118830e-01
2.714769230772066944e-02
2.714769230772066944e-02
2.714769230772066944e-02
-2.197169230768457604e-01
-3.361015384614831625e-01
-1.963107692307123897e-01
-1.963107692307123897e-01
-1.963107692307123897e-01
-1.963107692307123897e-01
-2.609538461535853421e-02
-2.609538461535853421e-02
-1.858246153845910797e-01
-2.609538461535525211e-02
8.039076923079822856e-02
8.039076923079822856e-02
8.039076923079822856e-02
8.039076923079822856e-02
8.039076923079822856e-02
-7.933846153843446269e-02
-7.933846153843446269e-02
-1.942615384615128671e-01
-3.340523076922836121e-01
-3.871999999991861119e-02
-1.851569230768438379e-01
-5.684184615383858219e-01
-5.684184615383858219e-01
-5.684184615383858219e-01
-5.684184615383842676e-01
-5.684184615383842676e-01
-5.684184615383842676e-01
-5.684184615383827133e-01
-1.858246153845894422e-01
-1.858246153845894422e-01
-3.455538461538237849e-01
-3.455538461538237849e-01
-3.455538461538237849e-01
-3.455538461538237849e-01
-1.858246153845894422e-01
-1.858246153845894422e-01
-3.108615384614923927e-01
-2.047661538461273689e-01
-2.047661538461273689e-01
-4.099846153845597141e-01
-4.099846153845597141e-01
-4.099846153845597141e-01
-5.364830769230246599e-01
-5.364830769230229945e-01
-5.364830769230229945e-01
-5.262523076922288601e-01
-3.962830769229988004e-01
-4.595907692307162895e-01
-2.289138461537910951e-01
-2.289138461537910951e-01
-2.289138461537910951e-01
-2.289138461537910951e-01
-2.707292307692064082e-01
-2.707292307692064082e-01
-2.707292307692064082e-01
-2.408584615384375960e-01
-2.895046153845601822e-01
-2.895046153845601822e-01
-2.895046153845600712e-01
-2.663138461537670754e-01
-2.663138461537670754e-01
-2.663138461537670754e-01
1.141938461539033917e-01
1.141938461539033917e-01
2.714769230772066944e-02
2.714769230772066944e-02
2.714769230772066944e-02
2.714769230772066944e-02
-1.325815384615118830e-01
-2.923107692307429506e-01
-2.923107692307429506e-01
-2.923107692307429506e-01
-3.806492307692050381e-01
-1.363446153845403463e-01
-1.363446153845403463e-01
-1.363446153845403463e-01
-1.363446153845403463e-01
-1.363446153845403463e-01
-5.262523076922288601e-01
-3.997538461537639143e-01
-4.293107692307222001e-01
-4.293107692307206458e-01
-7.933846153843596150e-02
8.039076923079659098e-02
8.039076923079659098e-02
8.039076923079659098e-02
-7.933846153843446269e-02
-7.933846153843446269e-02
-7.933846153843446269e-02
-3.129107692306868915e-01
-3.129107692306868915e-01
7.725230769236683670e-02
-7.583076923071123410e-02
-7.583076923071123410e-02
-7.583076923071123410e-02
-2.289138461537925939e-01
-2.289138461537925939e-01
-2.289138461537925939e-01
-4.595907692307178438e-01
-4.595907692307178438e-01
-1.851569230768471130e-01
-8.411692307687673731e-02
-4.419199999999178230e-01
-4.419199999999178230e-01
-4.419199999999194883e-01
-4.714769230768762198e-01
-4.714769230768762198e-01
-4.714769230768762198e-01
-4.714769230768762198e-01
-1.176461538461267137e-01
-1.176461538461267137e-01
-1.176461538461267137e-01
-3.264461538461000401e-01
-3.264461538461000401e-01
-3.264461538461000401e-01
-3.657138461538246843e-01
-3.024061538461056964e-01
-3.962830769229971906e-01
