1.428383465267255836e+01
1.428383465267255836e+01
1.428383465267255836e+01
1.422760222530611429e+01
1.422760222530611429e+01
1.423422400458419013e+01
1.423422400458419013e+01
1.449160910301568883e+01
1.454784153038213645e+01
1.455781765801638095e+01
1.435807079763550043e+01
1.436962968548305675e+01
1.442445630216533026e+01
1.436822387479888441e+01
1.437484565407695847e+01
1.437484565407695847e+01
1.437484565407695847e+01
1.437484565407695847e+01
1.459551927223544432e+01
1.439436660117039501e+01
1.440826850682488747e+01
1.441451655431005285e+01
1.441451655431005285e+01
1.441451655431005285e+01
1.444146756103634921e+01
1.441116453073330916e+01
1.441116453073330916e+01
1.456937654586393727e+01
1.453907351556089900e+01
1.453907351556089900e+01
1.453907351556089900e+01
1.453907351556089900e+01
1.453907351556089900e+01
1.436822387479888441e+01
1.437484565407695847e+01
1.440077505114036605e+01
1.463226713228742959e+01
1.457603470492098019e+01
1.457603470492097841e+01
1.457603470492098019e+01
1.457603470492098019e+01
1.457603470492098019e+01
1.457603470492098019e+01
1.460298571164727832e+01
1.445806546794866954e+01
1.452101454636168398e+01
1.446962435579622763e+01
1.446962435579622763e+01
1.446962435579622763e+01
1.446962435579622763e+01
1.464047399655824222e+01
1.464047399655824222e+01
1.464047399655824222e+01
1.461352298983194409e+01
1.429881109481317658e+01
1.429881109481317658e+01
1.429881109481317658e+01
1.429881109481317658e+01
1.449996376587822944e+01
1.449996376587822944e+01
1.451208612905563733e+01
1.451208612905563733e+01
1.456831855642208495e+01
1.436062714475053781e+01
1.430923695418508146e+01
1.430923695418508146e+01
1.430923695418508146e+01
1.430923695418508146e+01
1.432079584203263778e+01
1.456662205261658549e+01
1.456662205261658549e+01
1.459357305934288185e+01
1.467796228146920612e+01
1.467796228146920612e+01
1.465101127474290799e+01
1.465101127474290799e+01
1.459477884737646036e+01
1.459477884737646036e+01
1.459477884737646036e+01
1.441377612945106534e+01
1.441377612945106712e+01
1.460506641647406489e+01
1.454883398910761372e+01
1.454883398910761549e+01
1.454883398910761549e+01
1.454883398910761549e+01
1.454883398910761549e+01
1.453671162593020938e+01
1.453671162593020938e+01
1.434946086051964720e+01
1.440581407020519045e+01
1.440581407020519045e+01
1.439919229092711284e+01
1.439919229092711284e+01
1.465517157867444098e+01
1.465517157867443920e+01
1.465517157867443920e+01
1.466235683328236483e+01
1.460612440591591898e+01
1.433028773466853600e+01
1.433028773466853600e+01
1.427889754410307965e+01
1.423422400458418657e+01
1.422760222530611429e+01
1.447342843589005668e+01
1.447342843589005668e+01
1.448498732373761300e+01
1.448498732373761300e+01
1.460270452684337528e+01
1.440826850682488747e+01
1.437796547652184564e+01
1.436546938155152731e+01
1.436546938155152731e+01
1.433953998448811973e+01
1.433953998448811973e+01
1.433953998448811973e+01
1.436649099121441786e+01
1.462172985410275849e+01
1.462172985410276027e+01
1.462172985410276027e+01
1.462172985410275849e+01
1.442198299372187797e+01
1.442198299372188153e+01
1.442198299372188153e+01
1.439503198699558517e+01
1.440659087484314149e+01
1.466975541719839349e+01
1.466975541719839349e+01
1.466975541719839349e+01
1.442533501729862344e+01
1.441377612945106712e+01
1.444072713617736525e+01
1.444072713617736525e+01
1.449555375285963699e+01
1.445088021334074568e+01
1.421625666676665922e+01
1.421625666676665922e+01
1.424320767349295558e+01
1.424320767349295558e+01
1.424320767349295558e+01
1.424320767349295558e+01
1.429944010085940143e+01
1.450777802653238346e+01
1.454386050075917147e+01
1.450951091011684646e+01
1.450951091011684646e+01
1.450951091011684468e+01
1.450466867331585696e+01
1.430351600225080233e+01
1.430351600225080233e+01
1.433381903255384238e+01
1.433381903255384238e+01
1.434044081183191643e+01
1.438784673238765954e+01
1.444267334906992950e+01
1.444267334906992950e+01
1.444267334906992950e+01
1.449890577643637535e+01
1.452585678316267348e+01
1.452585678316267348e+01
1.469670642392468984e+01
1.469670642392468984e+01
1.428147276304187052e+01
1.428147276304186875e+01
1.422524033567542290e+01
1.422524033567542290e+01
1.422524033567542290e+01
1.423736269885282901e+01
1.423736269885282901e+01
1.429359512621927486e+01
1.455098022465077712e+01
1.440975872004913505e+01
1.438280771332283869e+01
1.434047719161088175e+01
1.434047719161088175e+01
1.434047719161088175e+01
1.439670961897732759e+01
1.439670961897732759e+01
1.458396038438789333e+01
1.458396038438789155e+01
1.459671175361152251e+01
1.459671175361152251e+01
1.455203821409263298e+01
1.455865999337070882e+01
1.457599832514201488e+01
1.457599832514201488e+01
1.457599832514201488e+01
1.435750732230565241e+01
1.435750732230565063e+01
1.457656180047186467e+01
1.457656180047186467e+01
1.457656180047186290e+01
1.463279422783831052e+01
1.442586211284950792e+01
1.443248389212758376e+01
1.443248389212758376e+01
1.437625146476113436e+01
1.437625146476113436e+01
1.466897861256044244e+01
1.466235683328236483e+01
1.466235683328236483e+01
1.460612440591591898e+01
1.460612440591591898e+01
1.460612440591591898e+01
1.460612440591591898e+01
1.460612440591591898e+01
1.442512168799052041e+01
1.451793110369576389e+01
1.428069595840391770e+01
1.422446353103747185e+01
1.422446353103747363e+01
1.419751252431117727e+01
1.419751252431117727e+01
1.425374495167762312e+01
1.425374495167762312e+01
1.425374495167762312e+01
1.464304921549703487e+01
1.463642743621895725e+01
1.464361269082687933e+01
1.464361269082687933e+01
1.464361269082688288e+01
1.458738026346043704e+01
1.458738026346043704e+01
1.444246001976182647e+01
1.444246001976182647e+01
1.456517986215344251e+01
1.456517986215344251e+01
1.430920057440611792e+01
1.425296814703966852e+01
1.430779476372194203e+01
1.430779476372194203e+01
1.430117298444386620e+01
1.430117298444386620e+01
1.430117298444386620e+01
1.460612440591591898e+01
1.460612440591591898e+01
1.461274618519399304e+01
1.461274618519399304e+01
1.444189654443197846e+01
1.444189654443197846e+01
1.444189654443197846e+01
1.449812897179842786e+01
1.449812897179842786e+01
1.442392920661444755e+01
1.442392920661444755e+01
1.442392920661444577e+01
1.442392920661444577e+01
1.436910258993217404e+01
1.462508187767950396e+01
1.466975541719839349e+01
1.466975541719839349e+01
1.469670642392468984e+01
1.443174346726859802e+01
1.443174346726859802e+01
1.442512168799052574e+01
1.442512168799052574e+01
1.443668057583808029e+01
1.438044814847162911e+01
1.438044814847162911e+01
1.463642743621895903e+01
1.463642743621895725e+01
1.431677843263070748e+01
1.428982742590441113e+01
1.428982742590441113e+01
1.432247347401438731e+01
1.432247347401438731e+01
1.432247347401438731e+01
1.432247347401438731e+01
1.449816535157739139e+01
1.449816535157739139e+01
1.466897861256043889e+01
1.466897861256043889e+01
1.466235683328236483e+01
1.466235683328236483e+01
1.463642743621895725e+01
1.443527476515390440e+01
1.443527476515390084e+01
1.439919229092711284e+01
1.439919229092711284e+01
1.424634636776159446e+01
1.430257879512804209e+01
1.430920057440611792e+01
1.434184662251609232e+01
1.455362097430588619e+01
1.455362097430588619e+01
1.449738854693943857e+01
1.449738854693943857e+01
1.449738854693943857e+01
1.449879435762361446e+01
1.449879435762361446e+01
1.449879435762361446e+01
1.449217257834553862e+01
1.429101990728048577e+01
1.429101990728048577e+01
1.432132293758352581e+01
1.433522484323801649e+01
1.433522484323801649e+01
1.452772795702144215e+01
1.452772795702144215e+01
1.452772795702144215e+01
1.432079584203263778e+01
1.432079584203263778e+01
1.437562245871490951e+01
1.440257346544120765e+01
1.440257346544120765e+01
1.440257346544120765e+01
1.434942448074068544e+01
1.434942448074068544e+01
1.456260464321465342e+01
1.453667524615124584e+01
1.450637221584820757e+01
1.450637221584820402e+01
1.447942120912190767e+01
1.447942120912190767e+01
1.447942120912190767e+01
1.461091139111418613e+01
1.461091139111418613e+01
1.461091139111418791e+01
1.461091139111419146e+01
1.458396038438789333e+01
1.440826850682488391e+01
1.437796547652184564e+01
1.437796547652184564e+01
1.435687831625942756e+01
1.468367619467664120e+01
1.469086144928456328e+01
1.451516957172156275e+01
1.451516957172155919e+01
1.452141761920672458e+01
1.447237044644820259e+01
1.446024808327079647e+01
1.446024808327079647e+01
1.446024808327079647e+01
1.441311074362587696e+01
1.438280771332283869e+01
1.438280771332283869e+01
1.435687831625942756e+01
1.435687831625942756e+01
1.452772795702144215e+01
1.452772795702144215e+01
1.452772795702144215e+01
1.455467896374773851e+01
1.428069595840391948e+01
1.425374495167762312e+01
1.425374495167762312e+01
1.425374495167762312e+01
1.449098009696946576e+01
1.449098009696946576e+01
1.449816535157739317e+01
1.446208287735060338e+01
1.446208287735060338e+01
1.430662535546732705e+01
1.430662535546732705e+01
1.432052726112181773e+01
1.452511635830368597e+01
1.449816535157738961e+01
1.449816535157738961e+01
1.455439777894383724e+01
1.455439777894383724e+01
1.452846838188042966e+01
1.433108341113024231e+01
1.427485098376379291e+01
1.427485098376379291e+01
1.421861855639734706e+01
1.420649619321994095e+01
1.446388129165143965e+01
1.446388129165144143e+01
1.446388129165144143e+01
1.446388129165144143e+01
1.446624318128213105e+01
1.446624318128213105e+01
1.446624318128213105e+01
1.420885808285063057e+01
1.420885808285063057e+01
1.426509051021707819e+01
1.432132293758352404e+01
1.432132293758352404e+01
1.432794471686159987e+01
1.432079584203263778e+01
1.432079584203263778e+01
1.456521624193240960e+01
1.456521624193240960e+01
1.456521624193240960e+01
1.462144866929885545e+01
1.462144866929885545e+01
1.464839967602515181e+01
1.464839967602515003e+01
1.447994830467279392e+01
1.462486854837140093e+01
1.462486854837140093e+01
1.465517157867444098e+01
1.465517157867444098e+01
1.466179335795251681e+01
1.466179335795251681e+01
1.466179335795251681e+01
1.466179335795251681e+01
1.463642743621895725e+01
1.460612440591591898e+01
1.460612440591591898e+01
1.460612440591591898e+01
1.460612440591591543e+01
1.461274618519399304e+01
1.461274618519399304e+01
1.461274618519399304e+01
1.446782594149538603e+01
1.461352298983194409e+01
1.461352298983194409e+01
1.464047399655824222e+01
1.447196737360316376e+01
1.447821542108832915e+01
1.452726259384685115e+01
1.452726259384685115e+01
1.447103016648040352e+01
1.447103016648040352e+01
1.428383465267256014e+01
1.433522484323801827e+01
1.433522484323801827e+01
1.428383465267256192e+01
1.428383465267256192e+01
1.425353162236952187e+01
1.425353162236952187e+01
1.426015340164759770e+01
1.446130607271265056e+01
1.465023447010495694e+01
1.465023447010495694e+01
1.465023447010495694e+01
1.448172784714987849e+01
1.447510606787180620e+01
1.441887364050535503e+01
1.442512168799052041e+01
1.442512168799052041e+01
1.442512168799052041e+01
1.463642743621895903e+01
1.463642743621895903e+01
1.463642743621895903e+01
1.443527476515390440e+01
1.443527476515390440e+01
1.443527476515390440e+01
1.449150719252035024e+01
1.447994830467279392e+01
1.448657008395087153e+01
1.431818424331488337e+01
1.431818424331488337e+01
1.426195181594843575e+01
1.426195181594843575e+01
1.423500080922213762e+01
1.429123323658858702e+01
1.429123323658858702e+01
1.453705944717253118e+01
1.448082701980608533e+01
1.467077702686128227e+01
1.467077702686128227e+01
1.467077702686128227e+01
1.467077702686128227e+01
1.464382602013498591e+01
1.466975541719839349e+01
1.461352298983194409e+01
1.461352298983194409e+01
1.446860274613333708e+01
1.443488216153723691e+01
1.449111458890368453e+01
1.449111458890368453e+01
1.449111458890368631e+01
1.449111458890368631e+01
1.467211730682908133e+01
1.465999494365167344e+01
1.465999494365167521e+01
1.465999494365167521e+01
1.464047399655824222e+01
1.461352298983194409e+01
1.461352298983194409e+01
1.461352298983194409e+01
1.466975541719839349e+01
1.466975541719839349e+01
1.466975541719839349e+01
1.446282330220958556e+01
1.440659087484314149e+01
1.454215695822682086e+01
1.448592453086037501e+01
1.428477185979532038e+01
1.428477185979532038e+01
1.428477185979532038e+01
1.433381903255384238e+01
1.434044081183191643e+01
1.434044081183191643e+01
1.429045643195063597e+01
1.461274618519399304e+01
1.460612440591591543e+01
1.460612440591591898e+01
1.463642743621895725e+01
1.463642743621895725e+01
1.463642743621895725e+01
1.463642743621895725e+01
1.463642743621895725e+01
1.443527476515390440e+01
1.453942133680322080e+01
1.452729897362581291e+01
1.428147276304186875e+01
1.428147276304187052e+01
1.428147276304187052e+01
1.426991387519431420e+01
1.422524033567542290e+01
1.422524033567542290e+01
1.428147276304186875e+01
1.437937128720601976e+01
1.432798109664056341e+01
1.452913376770561804e+01
1.452913376770561804e+01
1.452913376770561804e+01
1.452913376770561804e+01
1.452913376770562159e+01
1.457818094046414181e+01
1.460513194719043817e+01
1.444407915975410539e+01
1.443252027190654907e+01
1.443252027190654907e+01
1.443252027190654907e+01
1.442627222442138191e+01
1.442627222442138191e+01
1.442627222442138191e+01
1.459477884737646036e+01
1.462172985410275849e+01
1.463149032764947322e+01
1.462486854837140093e+01
1.462486854837140093e+01
1.468110097573784678e+01
1.465517157867443920e+01
1.465517157867444098e+01
1.465517157867444098e+01
1.465517157867444098e+01
1.439919229092711284e+01
1.449816535157738961e+01
1.449816535157738961e+01
1.449816535157738961e+01
1.449816535157738961e+01
1.452511635830368597e+01
1.433927140357730146e+01
1.435083029142485778e+01
1.431818424331488337e+01
1.426195181594843575e+01
1.465337316437359938e+01
1.465337316437359938e+01
1.464125080119619327e+01
1.464125080119619327e+01
1.463406554658826941e+01
1.463406554658826764e+01
1.458501837382974564e+01
1.443291287552321478e+01
1.443291287552321478e+01
1.459294405329665700e+01
1.453671162593020938e+01
1.454883398910761549e+01
1.454883398910761549e+01
1.454883398910761549e+01
1.454883398910761549e+01
1.454883398910761549e+01
1.434908712872673675e+01
1.434908712872673675e+01
1.449076676766136273e+01
1.454699919502780858e+01
1.433381903255384238e+01
1.433381903255384238e+01
1.430257879512804209e+01
1.424634636776159446e+01
1.424634636776159446e+01
1.425296814703966852e+01
1.425296814703966852e+01
1.461231720179836735e+01
1.461231720179836735e+01
1.458536619507206922e+01
1.437702826939908540e+01
1.437702826939908540e+01
1.437702826939908540e+01
1.432079584203263778e+01
1.437702826939908540e+01
1.437702826939908540e+01
