7.017490128854286802e+00
7.017490128854286802e+00
7.017490128854286802e+00
6.959552573282707044e+00
6.968681804051932716e+00
7.025679164700277646e+00
7.025679164700277646e+00
7.115408319829797712e+00
7.196046901042399746e+00
7.133933003513785565e+00
7.048192198178806045e+00
7.076162411333353219e+00
7.134846292332075457e+00
7.057275403427162530e+00
7.114272764075505684e+00
7.114272764075505684e+00
7.114272764075505684e+00
7.114272764075505684e+00
7.291993373424614511e+00
7.202734278132164825e+00
7.230577722248201944e+00
7.226750793163536635e+00
7.226750793163536635e+00
7.226750793163536635e+00
7.186539825517379576e+00
7.149197541135090539e+00
7.149197541135090539e+00
7.087617772215874190e+00
7.072466257064353279e+00
7.072466257064353279e+00
7.072466257064353279e+00
7.126096316901424643e+00
7.126096316901424643e+00
7.049026172657938183e+00
7.106023533306281337e+00
7.147104445521208049e+00
7.195552719081052651e+00
7.167436505397827951e+00
7.222174257542590681e+00
7.261361737416675233e+00
7.261361737416675233e+00
7.261361737416675233e+00
7.261361737416675233e+00
7.221150769770517286e+00
7.157814554827958808e+00
7.240454698052441351e+00
7.165766045948520180e+00
7.165766045948520180e+00
7.165766045948520180e+00
7.165766045948520180e+00
7.237199267115091317e+00
7.182461514970328587e+00
7.182461514970327698e+00
7.222672482616485645e+00
7.105932382498077793e+00
7.105932382498077793e+00
7.108033920959610619e+00
7.108033920959610619e+00
7.195077631636678461e+00
7.154988597440628872e+00
7.107363308020026693e+00
7.107363308020026693e+00
7.188001889232627839e+00
7.156963928481833825e+00
7.095022455865090727e+00
7.079714739526443701e+00
7.079714739526443701e+00
7.079714739526443701e+00
7.107684952680990875e+00
7.193594663886731411e+00
7.193594663886731411e+00
7.153383696240573464e+00
7.310681161715334220e+00
7.310681161715334220e+00
7.350892129361493055e+00
7.296154377216730325e+00
7.252487891262828335e+00
7.252487891262828335e+00
7.252487891262828335e+00
7.176119157155590678e+00
7.151439369589202677e+00
7.176988257694442375e+00
7.147336659395837621e+00
7.195533385899579137e+00
7.210841102238224387e+00
7.210841102238224387e+00
7.210841102238224387e+00
7.258466391658827455e+00
7.258466391658827455e+00
7.133485296029952849e+00
7.085498601453291911e+00
7.085498601453291911e+00
7.028501240804948758e+00
7.028501240804948758e+00
7.117527490592382655e+00
7.172265242737144497e+00
7.172265242737144497e+00
7.230595622185869153e+00
7.199239408502649873e+00
7.106042851528925119e+00
7.106042851528925119e+00
7.054652660963468769e+00
7.004199677520799305e+00
6.947202316872456151e+00
7.052631515257676398e+00
7.052631515257676398e+00
7.058410959181453670e+00
7.058410959181453670e+00
7.331339373953293936e+00
7.223180799171278643e+00
7.185838514788987830e+00
7.163267443248841460e+00
7.163267443248841460e+00
7.122186531033913859e+00
7.122186531033913859e+00
7.122186531033913859e+00
7.081975563387755024e+00
7.248768758379845245e+00
7.194031006235085179e+00
7.194031006235085179e+00
7.194031006235083403e+00
7.109397893207797914e+00
7.084718105641408137e+00
7.084718105641408137e+00
7.124929073287566972e+00
7.138816209519032618e+00
7.250788696299710345e+00
7.250788696299710345e+00
7.250788696299710345e+00
7.165326505820670100e+00
7.151439369589204453e+00
7.111228401943047395e+00
7.111228401943047395e+00
7.186155359864844883e+00
7.120511607191400749e+00
7.052486476464381759e+00
7.052486476464381759e+00
7.012275508818224701e+00
7.003146278048998141e+00
7.003146278048998141e+00
7.003146278048998141e+00
7.059378705415444877e+00
7.149415043396476932e+00
7.219978648039249158e+00
7.122625889131223964e+00
7.122625889131223964e+00
7.162714923327271777e+00
7.182552474092669392e+00
7.042561780501607416e+00
7.042561780501607416e+00
7.082232798693041786e+00
7.082232798693041786e+00
7.139230159341384940e+00
7.112305913217397801e+00
7.187232871139197066e+00
7.187232871139197066e+00
7.187232871139197066e+00
7.266763760044104181e+00
7.226552792397946234e+00
7.226552792397946234e+00
7.283561398179901225e+00
7.283561398179901225e+00
7.080863453076990943e+00
7.080863453076990943e+00
7.024631025710543319e+00
7.024631025710543319e+00
7.033760256479768991e+00
6.986134967059165923e+00
6.986134967059165923e+00
7.054321240579465524e+00
7.161825267503849624e+00
7.133700789639155992e+00
7.173911757285313939e+00
7.146888951912004906e+00
7.146888951912004906e+00
7.146888951912004906e+00
7.210004432170575406e+00
7.210004432170575406e+00
7.338308604722527662e+00
7.290111878218787034e+00
7.137038749314380759e+00
7.137038749314380759e+00
7.061071919717864631e+00
7.118069280366207785e+00
7.180368506088932179e+00
7.180368506088932179e+00
7.180368506088932179e+00
7.096231526962110792e+00
7.095379219269807969e+00
7.236627245697722088e+00
7.236627245697722088e+00
7.188430519193981461e+00
7.226586732877200880e+00
7.142946120751088479e+00
7.199943481399432521e+00
7.199943481399432521e+00
7.129769515571442007e+00
7.129769515571442007e+00
7.324084817597388053e+00
7.267087456949044899e+00
7.212349704804282169e+00
7.184233491121059245e+00
7.184233491121059245e+00
7.184233491121059245e+00
7.184233491121059245e+00
7.129495738976295627e+00
7.067634697176754521e+00
7.145688741519651721e+00
7.042339691165095950e+00
6.984402135593516192e+00
6.984402135593517080e+00
7.024613103239674139e+00
7.024613103239674139e+00
7.080845530606121763e+00
7.101928607529199411e+00
7.101928607529199411e+00
7.183398697394571819e+00
7.126401336746227777e+00
7.184731716194952433e+00
7.184731716194952433e+00
7.239469468339714275e+00
7.208113254656495883e+00
7.208113254656495883e+00
7.127029347406245385e+00
7.127029347406245385e+00
7.222223522771177961e+00
7.222223522771177961e+00
7.114314708881189553e+00
7.039100743053197995e+00
7.094630265077558562e+00
7.092528726616026624e+00
7.035531365967681694e+00
7.035531365967681694e+00
7.035531365967681694e+00
7.074757986831532897e+00
7.074757986831532897e+00
7.131755347479877827e+00
7.186493099624638781e+00
7.133915263073453694e+00
7.133915263073454582e+00
7.133915263073454582e+00
7.213446151978363474e+00
7.213446151978363474e+00
7.160722574837559584e+00
7.160722574837559584e+00
7.160722574837559584e+00
7.160722574837559584e+00
7.085795616915760320e+00
7.173714174395502852e+00
7.250788696299710345e+00
7.250788696299710345e+00
7.210577728653551510e+00
7.124632057825099452e+00
7.124632057825099452e+00
7.067634697176756298e+00
7.067634697176756298e+00
7.081521833408221056e+00
7.001990944503311276e+00
7.001990944503311276e+00
7.089909501983053808e+00
7.144647254127815650e+00
7.081226609195506505e+00
7.121437576841663564e+00
7.112308346072438781e+00
7.144954394182413182e+00
7.144954394182413182e+00
7.144954394182413182e+00
7.144954394182413182e+00
7.255891666967460907e+00
7.215802632771413982e+00
7.287592982834212307e+00
7.287592982834212307e+00
7.230595622185869153e+00
7.230595622185869153e+00
7.162893171509403523e+00
7.086289973652853291e+00
7.086289973652852403e+00
7.028501240804946981e+00
7.028501240804946981e+00
6.985324408045883615e+00
7.041556835412329463e+00
7.098554196060672616e+00
7.132905372375780040e+00
7.260261830992168264e+00
7.260261830992168264e+00
7.194930966118213256e+00
7.194930966118213256e+00
7.194930966118213256e+00
7.153446628050787126e+00
7.178126415617174239e+00
7.178126415617174239e+00
7.121129054968830197e+00
7.029362780189202908e+00
7.029362780189202908e+00
7.069033798380636391e+00
7.082935704035128843e+00
7.082935704035128843e+00
7.205796634424782354e+00
7.174147616089160628e+00
7.174147616089160628e+00
7.092891106527145162e+00
7.092891106527145162e+00
7.151574987525869176e+00
7.111364019879711229e+00
7.127010173725859765e+00
7.127010173725859765e+00
7.118798811151640926e+00
7.118798811151640926e+00
7.260067682235296083e+00
7.195149846943440508e+00
7.179429101022695825e+00
7.139340066826648012e+00
7.179551034472805071e+00
7.179551034472805071e+00
7.179551034472805071e+00
7.215682921963295193e+00
7.215682921963295193e+00
7.263879648467036709e+00
7.263879648467036709e+00
7.304090616113193768e+00
7.215783876094353566e+00
7.178441591712065417e+00
7.178441591712065417e+00
7.142202916298127313e+00
7.259150793219441233e+00
7.317481172668166778e+00
7.227061335780565088e+00
7.227061335780564200e+00
7.209997207263026731e+00
7.162175159345302689e+00
7.209800448765904868e+00
7.209800448765904868e+00
7.209800448765904868e+00
7.211254041667603865e+00
7.173911757285313939e+00
7.173911757285313939e+00
7.132830845070386339e+00
7.132830845070386339e+00
7.209900989313873687e+00
7.209900989313873687e+00
7.156270929476803211e+00
7.116059961830644376e+00
7.044441229626628775e+00
7.084652197272785834e+00
7.084652197272785834e+00
7.075522966503560163e+00
7.185899709165809668e+00
7.185899709165809668e+00
7.233310088614540057e+00
7.162746483971768718e+00
7.162746483971768718e+00
7.072956484955494894e+00
7.072956484955494894e+00
7.086858390609986458e+00
7.221616344432207235e+00
7.261827312078364294e+00
7.261827312078364294e+00
7.317786105724579215e+00
7.317786105724579215e+00
7.252868270432723641e+00
7.091809525490429422e+00
7.023623251970131598e+00
7.023623251970131598e+00
6.965685696398551841e+00
7.013310985819153132e+00
7.101932448640982720e+00
7.101932448640982720e+00
7.101932448640982720e+00
7.101932448640982720e+00
7.031531432110587509e+00
7.031531432110587509e+00
7.031531432110587509e+00
6.940808430827225095e+00
6.942909969288758809e+00
7.018123935116750367e+00
7.076061490688328348e+00
7.076061490688328348e+00
7.133058851336671502e+00
7.107684952680990875e+00
7.107684952680990875e+00
7.192891758544642578e+00
7.192891758544642578e+00
7.244986433766333001e+00
7.274638032064935977e+00
7.274638032064935977e+00
7.234427064418778919e+00
7.288057124255847619e+00
7.161305797554036623e+00
7.230097397111973301e+00
7.175359644967212347e+00
7.190511160118731482e+00
7.190511160118731482e+00
7.247508520767076412e+00
7.192770768622312794e+00
7.192770768622312794e+00
7.192770768622312794e+00
7.126401336746227777e+00
7.111249821594708642e+00
7.165987573739471372e+00
7.165987573739471372e+00
7.220725325884232326e+00
7.277722686532576368e+00
7.277722686532576368e+00
7.277722686532576368e+00
7.201164933128485046e+00
7.347153904287601733e+00
7.347153904287601733e+00
7.306942936641444675e+00
7.200057265519338223e+00
7.182993137001800754e+00
7.230815184919523908e+00
7.230815184919523908e+00
7.151625834476146970e+00
7.151625834476146970e+00
7.024517821161978759e+00
7.075908011727435998e+00
7.075908011727435998e+00
7.022812692956847513e+00
7.022812692956847513e+00
6.983141674765414031e+00
6.983141674765414031e+00
7.040139035413758073e+00
7.124367361475440141e+00
7.332958663751234063e+00
7.332958663751234063e+00
7.332958663751234063e+00
7.230599146475287675e+00
7.173601785826943633e+00
7.109378613260679991e+00
7.092314484743141634e+00
7.077006768404495496e+00
7.077006768404495496e+00
7.126401336746229553e+00
7.126401336746229553e+00
7.181139088890991395e+00
7.095662044880594266e+00
7.095662044880594266e+00
7.095662044880594266e+00
7.175192933785502269e+00
7.161305797554036623e+00
7.218303158202380665e+00
7.088957206845285519e+00
7.088957206845285519e+00
7.032724779478839672e+00
7.032724779478839672e+00
7.072935747124996730e+00
7.134094328337603486e+00
7.134094328337603486e+00
7.243954295953592748e+00
7.198998082270374965e+00
7.161121195358673752e+00
7.215858947503435594e+00
7.215858947503435594e+00
7.215858947503435594e+00
7.256069915149592653e+00
7.323772365826059172e+00
7.295656152142835360e+00
7.295656152142835360e+00
7.235738398738743804e+00
7.115090211852934665e+00
7.169941313191457333e+00
7.169941313191457333e+00
7.169941313191458221e+00
7.169941313191458221e+00
7.235125431914075200e+00
7.282750721334676491e+00
7.228012969189914649e+00
7.282750721334679156e+00
7.273691101878266174e+00
7.313902069524423233e+00
7.313902069524423233e+00
7.313902069524423233e+00
7.342018283207647045e+00
7.287280531062884315e+00
7.287280531062884315e+00
7.218347098423940622e+00
7.138816209519032618e+00
7.221003811895758240e+00
7.155672947021802344e+00
7.016789945738433509e+00
7.016789945738433509e+00
7.016789945738433509e+00
7.054122029462273069e+00
7.111119390110616223e+00
7.111119390110616223e+00
7.060432104887245153e+00
7.186493099624638781e+00
7.129495738976295627e+00
7.074757986831532897e+00
7.089909501983053808e+00
7.089909501983053808e+00
7.089909501983053808e+00
7.144647254127815650e+00
7.144647254127815650e+00
7.076917902425111428e+00
7.156045823580072351e+00
7.203671113000673643e+00
7.100241401794935570e+00
7.100241401794936458e+00
7.100241401794936458e+00
7.073378880948079761e+00
7.022925897505412074e+00
7.022925897505412074e+00
7.080863453076990943e+00
7.183104994014239075e+00
7.121163521397495089e+00
7.206499539766870299e+00
7.206499539766870299e+00
7.206499539766870299e+00
7.206499539766870299e+00
7.174850521431248573e+00
7.199374107810509571e+00
7.159163140164352512e+00
7.191836802122305805e+00
7.177949665890840159e+00
7.177949665890840159e+00
7.202629453457227271e+00
7.219693581974765628e+00
7.219693581974765628e+00
7.219693581974765628e+00
7.325471560789178049e+00
7.285260593143020991e+00
7.268848840378730358e+00
7.211851479730385428e+00
7.211851479730385428e+00
7.239967693413610128e+00
7.172265242737144497e+00
7.117527490592382655e+00
7.117527490592382655e+00
7.117527490592382655e+00
7.028501240804948758e+00
7.255891666967460019e+00
7.255891666967460019e+00
7.255891666967460019e+00
7.255891666967460019e+00
7.215680699321302960e+00
7.099666887954565020e+00
7.126529408801420828e+00
7.088957206845285519e+00
7.032724779478839672e+00
7.207507443304746353e+00
7.262245195449509083e+00
7.309870484870110374e+00
7.309870484870110374e+00
7.251540105421386606e+00
7.251540105421386606e+00
7.227016519042124720e+00
7.165721522949456634e+00
7.165721522949456634e+00
7.312461595561448036e+00
7.246023038379799885e+00
7.198397748959197706e+00
7.198397748959198594e+00
7.144767689122127230e+00
7.144767689122127230e+00
7.144767689122127230e+00
7.060134576094839964e+00
7.044826859756194715e+00
7.154579538711885789e+00
7.199535752395104460e+00
7.075205106385350717e+00
7.075205106385350717e+00
7.043261963617461596e+00
6.982103382404854841e+00
6.982103382404854841e+00
7.039100743053197995e+00
7.039100743053197995e+00
7.216385827305384915e+00
7.216385827305384915e+00
7.256596794951541973e+00
7.171314303124361800e+00
7.171314303124361800e+00
7.171314303124361800e+00
7.108537260373293698e+00
7.175320969791027181e+00
7.159674815944878645e+00
