-2.488543949639863972e-01
-2.488543949639863972e-01
-2.488543949639863972e-01
-3.084970787406984272e-01
-2.902386172022470290e-01
-1.828656751836355288e-01
-1.828656751836355288e-01
-2.607924633560924077e-01
-1.557477282973366295e-01
-2.899516509888091509e-01
-2.616864012778903903e-01
-2.173048628163516405e-01
-1.547637175011771227e-01
-2.536730679445584613e-01
-1.463001259259469888e-01
-1.463001259259469888e-01
-1.463001259259469888e-01
-1.463001259259469888e-01
-1.153252538621631074e-02
1.110195509393411585e-02
5.288693767151531056e-02
3.898503201702267079e-02
3.898503201702267079e-02
3.898503201702267079e-02
-6.838791000159005762e-02
-1.127694484631298621e-01
-1.127694484631298621e-01
-3.941410014321897748e-01
-3.941410014321897748e-01
-3.941410014321897748e-01
-3.941410014321897748e-01
-2.868808817580486004e-01
-2.868808817580486004e-01
-2.701715294830097647e-01
-1.627985874643982644e-01
-1.065661600979513901e-01
-2.411616941253225121e-01
-2.411616941253225121e-01
-1.316861898357981342e-01
-5.331123008762813503e-02
-5.331123008762813503e-02
-5.331123008762813503e-02
-5.331123008762813503e-02
-1.606841721062408912e-01
-1.424363582927519190e-01
-4.010515025680344570e-02
-1.380922638991864682e-01
-1.380922638991864682e-01
-1.380922638991864682e-01
-1.380922638991864682e-01
-1.660754623280615017e-01
-2.755509666175858796e-01
-2.755509666175858796e-01
-1.681780245989731026e-01
-8.694632981702117569e-02
-8.694632981702117569e-02
-8.274325289395549621e-02
-8.274325289395549621e-02
-1.098085026048744722e-01
-1.899865709969714711e-01
-2.973595130155829991e-01
-2.973595130155829991e-01
-1.923147779568266103e-01
-4.669928778687245513e-02
-1.191920424549024887e-01
-1.498074751321953058e-01
-1.498074751321953058e-01
-1.498074751321953058e-01
-1.054259366706554873e-01
-1.794327248431231980e-01
-1.794327248431231980e-01
-2.868056668617359750e-01
-5.659995803853599267e-02
-5.659995803853599267e-02
5.077298398007675656e-02
-5.870252030944877325e-02
-8.980306485080420675e-02
-8.980306485080420675e-02
-8.980306485080420675e-02
-6.153781513988484941e-02
-1.108973902726595462e-01
-2.510899010851790902e-01
-2.541606703159374203e-01
-1.577672173084574692e-01
-1.271517846311650823e-01
-1.271517846311650823e-01
-1.271517846311650823e-01
-1.977884261255366538e-02
-1.977884261255366538e-02
-8.249026845974384570e-02
-2.348168672986064853e-01
-2.348168672986064853e-01
-3.421898093172179856e-01
-3.421898093172179856e-01
-4.201165974896753919e-01
-3.106410932001509861e-01
-3.106410932001509861e-01
-2.011655889106261086e-01
-2.076455889106157970e-01
-1.182020316106865282e-01
-1.182020316106865282e-01
-1.695922221761435866e-01
-2.258246495425909606e-01
-3.331975915612024330e-01
-3.681654053747043798e-01
-3.681654053747043798e-01
-3.681654053747043798e-01
-3.681654053747043798e-01
5.997422106321170787e-02
3.809309151766943069e-02
-6.288446943870373840e-03
-3.893449505384601744e-02
-3.893449505384601744e-02
-9.516692242029339832e-02
-9.516692242029339832e-02
-9.516692242029339832e-02
-2.025398644389061198e-01
-1.241923373430669914e-01
-2.336678416325908003e-01
-2.336678416325908003e-01
-2.336678416325908003e-01
-2.031872073062871709e-01
-2.525467824390624227e-01
-2.525467824390624227e-01
-1.451738404204496735e-01
-1.289584558050754781e-01
-1.681780245989731026e-01
-1.681780245989731026e-01
-1.681780245989731026e-01
-9.468200565728428220e-02
-1.108973902726584776e-01
-2.182703322912712129e-01
-2.182703322912712129e-01
-1.232430331299452925e-01
-2.098569989579420481e-01
-1.112837138378941076e-01
-1.112837138378941076e-01
-2.186566558565068430e-01
-2.369151173949582967e-01
-2.369151173949582967e-01
-2.369151173949582967e-01
-1.806826900285109228e-01
-2.089479397394286286e-01
-1.039032046806739329e-01
-2.642591318543998091e-01
-2.642591318543998091e-01
-1.840810634623039344e-01
-1.395637251305182902e-01
-2.183924412475860555e-01
-2.183924412475860555e-01
-1.693534351677583594e-01
-1.693534351677583594e-01
-6.198049314914688690e-02
-1.632349059528650781e-01
-6.820760679153858863e-02
-6.820760679153858863e-02
-6.820760679153858863e-02
3.462174365183183500e-02
-7.275119836678094198e-02
-7.275119836678094198e-02
-1.295836275648859781e-01
-1.295836275648859781e-01
-1.197458568878877888e-01
-1.197458568878877888e-01
-1.759782842543357317e-01
-1.759782842543357317e-01
-1.577198227158853883e-01
-2.650927647344968885e-01
-2.650927647344968885e-01
-1.849526450603453942e-01
-2.273296896430786196e-01
-1.423571407708227321e-01
-3.498419875221000369e-02
-4.669928778687251064e-02
-4.669928778687251064e-02
-4.669928778687251064e-02
2.329924536382136854e-02
2.329924536382136854e-02
9.265682505716547890e-02
-3.736627950315719090e-03
-3.226342549827623252e-01
-3.226342549827623252e-01
-4.298943746569034996e-01
-3.225214326382920271e-01
-2.152613129641514078e-01
-2.152613129641514078e-01
-2.152613129641514078e-01
-1.650442683814294098e-01
-1.667488837660342504e-01
-1.033073090764185936e-01
-1.033073090764185936e-01
-1.997007620838997799e-01
-1.796207620839090913e-01
-1.399698713473301603e-01
-3.259692932871872256e-02
-3.259692932871872256e-02
-1.167124336182535499e-01
-1.167124336182535499e-01
-2.080897736566466108e-02
-1.281819193842761162e-01
-2.376574236738005219e-01
-2.376574236738005219e-01
-2.376574236738005219e-01
-2.376574236738005219e-01
-2.376574236738005219e-01
-3.471329279633264542e-01
-2.898522936370124259e-01
-2.265536206564604249e-01
-1.960165760737275775e-01
-2.556592598504396352e-01
-2.556592598504396352e-01
-1.482863178318268860e-01
-1.482863178318268860e-01
-9.205389046537949815e-02
-4.988773661922452085e-02
-4.988773661922452085e-02
-2.762518207078895061e-01
-3.836247627265009785e-01
-2.741492584369765173e-01
-2.741492584369765173e-01
-1.646737541474516675e-01
-1.711537541474413837e-01
-1.711537541474413837e-01
-1.884013249493368403e-01
-1.884013249493368403e-01
-1.207328166110851891e-01
-1.207328166110851891e-01
-8.057115664373683261e-02
-1.747666609332730048e-01
-1.185342335668255753e-01
-1.227373104898912687e-01
-2.301102525085027273e-01
-2.301102525085027273e-01
-2.301102525085027273e-01
-4.566084322528514150e-01
-4.566084322528514150e-01
-3.492354902342400536e-01
-2.397599859447145099e-01
-1.740660182850706506e-01
-1.740660182850706506e-01
-1.740660182850706506e-01
-7.123666784169972732e-02
-7.123666784169972732e-02
-1.024840569393292711e-01
-1.024840569393292711e-01
-1.024840569393292711e-01
-1.024840569393292711e-01
-1.975113561006568430e-01
-2.776535288884985908e-01
-1.681780245989731026e-01
-1.681780245989731026e-01
-2.755509666175858796e-01
-1.824793516183998709e-01
-1.824793516183998709e-01
-2.898522936370113712e-01
-2.898522936370113712e-01
-2.736369090216371203e-01
-3.764662594650097227e-01
-3.764662594650097227e-01
-4.566084322528514150e-01
-3.471329279633259546e-01
-1.543252142396968896e-01
-4.695227222108414727e-02
-6.521073375953449769e-02
-3.256468564955942308e-02
-3.256468564955942308e-02
-3.256468564955942308e-02
-3.256468564955942308e-02
1.361798235753085805e-02
-6.656008603456443906e-02
-9.379264689201520511e-02
-9.379264689201520511e-02
-2.011655889106266359e-01
-2.011655889106266359e-01
-3.106410932001504865e-01
-2.626948178481991469e-01
-2.626948178481991469e-01
-3.421898093172190403e-01
-3.421898093172190403e-01
-2.756975516698302320e-01
-2.194651243033833854e-01
-1.120921822847718990e-01
-7.603587776453211988e-02
-3.309731232155064401e-02
-3.309731232155064401e-02
-1.075266147030141672e-01
-1.075266147030141672e-01
-1.075266147030141672e-01
-1.919011015220402905e-01
-1.425415263892661211e-01
-1.425415263892661211e-01
-2.499144684078775658e-01
-2.322943469020781748e-01
-2.322943469020781748e-01
-1.832553408222504787e-01
-1.693534351677583594e-01
-1.693534351677583594e-01
-1.161346881718767071e-01
-1.794327248431237809e-01
-1.794327248431237809e-01
-1.350136289783488708e-01
-1.350136289783488708e-01
-7.247248366317439461e-02
-1.798454256817871022e-01
-1.485531179894894194e-01
-1.485531179894894194e-01
-1.118268584374028651e-01
-1.118268584374028651e-01
-4.246927874405938969e-02
-1.463755522643640228e-01
-1.475140138028152026e-01
-2.276920821949116325e-01
-1.203191401762988694e-01
-1.203191401762988694e-01
-1.203191401762988694e-01
-1.795455471875958553e-01
-1.795455471875958553e-01
-8.315209418011527964e-02
-8.315209418011527964e-02
2.422084783849745571e-02
2.329924536382192365e-02
-2.108229309771788088e-02
-2.108229309771788088e-02
-7.247248366317436685e-02
-1.653746082377565985e-01
-5.589910394823161682e-02
-6.104690016043229361e-02
-6.104690016043229361e-02
-1.014232046806724935e-01
-1.480201277575971530e-01
-4.064718573898567361e-02
-4.064718573898567361e-02
-4.064718573898567361e-02
9.397339709329802573e-03
-3.498419875221000369e-02
-3.498419875221000369e-02
-9.121662611865688497e-02
-9.121662611865688497e-02
-1.079259783936957762e-01
-1.079259783936957762e-01
-2.151860980678369784e-01
-3.225590400864496998e-01
-1.918134991506618980e-01
-8.444055713204913494e-02
-8.444055713204913494e-02
-1.026990186704994784e-01
-1.191806786378476896e-01
-1.191806786378476896e-01
-3.154517434831257544e-02
-1.365899094070678055e-01
-1.365899094070678055e-01
-1.607123855563380443e-01
-1.607123855563380443e-01
-1.468104799018459250e-01
-8.188366943927265218e-02
2.548927257934007276e-02
2.548927257934007276e-02
8.117443250532173360e-02
8.117443250532173360e-02
-2.273184101498289603e-02
-1.474643601493810241e-01
-2.276044798235319355e-01
-2.276044798235319355e-01
-2.872471636002439932e-01
-1.798742215816325485e-01
-2.600163943694753232e-01
-2.600163943694753232e-01
-2.600163943694753232e-01
-2.600163943694753232e-01
-4.031803170609568610e-01
-4.031803170609568610e-01
-4.031803170609568610e-01
-3.272412211961797657e-01
-3.230381442731141139e-01
-2.288426399835773728e-01
-1.691999562068664531e-01
-1.691999562068664531e-01
-6.182701418825497369e-02
-1.054259366706560286e-01
-1.054259366706560286e-01
-1.794327248431237809e-01
-1.794327248431237809e-01
-7.524337439974203290e-02
-7.217260516898310607e-02
-7.217260516898310607e-02
-1.795455471875958553e-01
-7.228542751345630457e-02
-1.573367095647204283e-01
-1.646737541474511124e-01
-2.741492584369760177e-01
-2.741492584369760177e-01
-2.741492584369760177e-01
-1.667763164183645452e-01
-2.762518207078900612e-01
-2.762518207078900612e-01
-2.762518207078900612e-01
-3.836247627265009785e-01
-3.836247627265009785e-01
-2.741492584369760177e-01
-2.741492584369760177e-01
-1.646737541474516675e-01
-5.730081212884019504e-02
-5.730081212884019504e-02
-5.730081212884019504e-02
-6.549607523841714796e-02
8.078481874326094714e-02
8.078481874326094714e-02
-2.658812327535178821e-02
-7.185284256448694340e-02
-1.122291470847271017e-01
-6.563222400780244215e-02
-6.563222400780244215e-02
-1.677784975281080004e-01
-1.677784975281080004e-01
-2.347990103486011781e-01
-1.834088197831435230e-01
-1.834088197831435230e-01
-2.382092667588658619e-01
-2.382092667588658619e-01
-2.872482728386930861e-01
-2.872482728386930861e-01
-1.798753308200815859e-01
-2.125713497617688630e-01
1.568285739750978694e-02
1.568285739750978694e-02
1.568285739750978694e-02
-2.052955419930732953e-02
-1.279024962179188263e-01
-2.001164139839985978e-01
-2.404927185042387838e-01
-2.711081511815305323e-01
-2.711081511815305323e-01
-3.836247627265009785e-01
-3.836247627265009785e-01
-2.741492584369760177e-01
-2.439506753927160876e-01
-2.439506753927160876e-01
-2.439506753927160876e-01
-1.411213249493462329e-01
-1.573367095647204283e-01
-4.996376754610894894e-02
-1.402698296243122533e-01
-1.402698296243122533e-01
-1.965022569907591554e-01
-1.965022569907591554e-01
-8.912931497214639232e-02
-2.304457991338006509e-02
-2.304457991338006509e-02
-4.915085526534378885e-02
-8.283085526533391640e-02
-3.485346361439352614e-01
-2.390591318544108557e-01
-2.390591318544108557e-01
-2.390591318544108557e-01
-1.316861898357981342e-01
-2.221068554627322889e-02
-2.221068554627322889e-02
-2.221068554627322889e-02
2.874051344149438410e-03
-2.047017378313676639e-01
-1.512319625207713958e-01
-1.512319625207713958e-01
-1.512319625207713958e-01
-1.512319625207713958e-01
-2.018664430009315947e-01
-9.449350098232010831e-02
-2.039690052718449442e-01
-9.449350098231901196e-02
-9.309179280171098192e-02
1.428114921690176210e-02
1.428114921690176210e-02
1.428114921690176210e-02
1.428114921690176210e-02
-9.519435507262315188e-02
-9.519435507262315188e-02
-2.612910536170447509e-02
-1.289584558050754781e-01
-1.001493344353061171e-01
-1.745786368167696612e-01
-2.511919683184536400e-01
-2.511919683184536400e-01
-2.511919683184536400e-01
-2.255749736292980145e-01
-1.182020316106865282e-01
-1.182020316106865282e-01
-1.695922221761435866e-01
-2.397599859447145099e-01
-3.471329279633259546e-01
-4.566084322528514150e-01
-4.566084322528514150e-01
-4.566084322528514150e-01
-4.566084322528514150e-01
-3.471329279633259546e-01
-3.471329279633259546e-01
-2.814389603036821508e-01
-2.273296896430780645e-01
-1.199567476244665504e-01
-8.098995945199918833e-02
-8.098995945199918833e-02
-8.098995945199918833e-02
-1.231561132981541656e-01
-1.793885406646009706e-01
-1.793885406646009706e-01
-1.197458568878888990e-01
-1.316129917754358704e-02
-8.565405384557363277e-02
-1.161346881718767071e-01
-1.161346881718767071e-01
-1.161346881718767071e-01
-1.161346881718767071e-01
-1.794327248431231980e-01
-1.794327248431231980e-01
-2.868056668617359750e-01
-6.040555550949522345e-02
-7.662094012486941885e-02
-7.662094012486941885e-02
-2.726136499209468392e-02
1.311493952814550036e-02
1.311493952814550036e-02
1.311493952814550036e-02
5.616427420189575720e-02
-5.120866781671699203e-02
-9.379264689201465000e-02
-2.011655889106261086e-01
-2.011655889106261086e-01
-2.011655889106261086e-01
-3.106410932001509861e-01
-4.201165974896753919e-01
-4.201165974896753919e-01
-4.201165974896753919e-01
-3.421898093172179856e-01
1.361798235753031161e-02
1.361798235753031161e-02
1.361798235753031161e-02
1.361798235753031161e-02
-9.375495966108242374e-02
-1.399376276681727205e-01
-9.777147382201772929e-02
-1.402698296243122533e-01
-1.965022569907591554e-01
-2.383582777641064521e-01
-1.288827734745816300e-01
-2.150983145597011592e-02
-2.150983145597011592e-02
-1.309853357454944522e-01
-1.309853357454944522e-01
-1.309853357454944522e-01
-1.014698296243004699e-01
-1.014698296243004699e-01
3.197913782624043494e-02
-4.466554917060736735e-02
-1.520384911892188329e-01
-1.520384911892188329e-01
-2.592986108633600351e-01
-2.592986108633600351e-01
-2.592986108633600351e-01
-2.288179765370569607e-01
-2.594334092143492088e-01
-1.816076902375914626e-01
-1.479276902376013558e-01
-1.834088197831424960e-01
-1.834088197831424960e-01
-2.160548678931181465e-01
-2.821396029518845050e-01
-2.821396029518845050e-01
-1.747666609332730048e-01
-1.747666609332730048e-01
-1.795455471875953002e-01
-1.795455471875953002e-01
-7.217260516898256484e-02
-3.439966315036219885e-02
-3.439966315036219885e-02
-3.439966315036219885e-02
-1.037213212860511602e-01
-2.638632981703075212e-02
-5.767863750932791800e-02
