5.665533162136988210e+00
5.665533162136988210e+00
5.665533162136988210e+00
5.496835880037647115e+00
5.496835880037647115e+00
5.462846417994536630e+00
5.462846417994536630e+00
5.715892341143551825e+00
5.884589623242894696e+00
5.899132037488405089e+00
5.732543471415324277e+00
5.749881803186658757e+00
5.916470369259738682e+00
5.747773087160396699e+00
5.713783625117286213e+00
5.713783625117286213e+00
5.713783625117286213e+00
5.713783625117286213e+00
5.966829548266301408e+00
5.798132266166956761e+00
5.839837983130435006e+00
5.828357195876442631e+00
5.828357195876442631e+00
5.828357195876442631e+00
5.912705836926114955e+00
5.867251291471556662e+00
5.867251291471556662e+00
5.832121728210069023e+00
5.786667182755509842e+00
5.786667182755509842e+00
5.786667182755509842e+00
5.871015823805182166e+00
5.871015823805182166e+00
5.747773087160396699e+00
5.713783625117286213e+00
5.837026361762069904e+00
5.808910148078846980e+00
5.724561507029176433e+00
5.808910148078848756e+00
5.882949510778010094e+00
5.882949510778010094e+00
5.882949510778010094e+00
5.882949510778010094e+00
5.967298151827682418e+00
5.882949510778010982e+00
6.036651478913006130e+00
5.882480907216631749e+00
5.882480907216631749e+00
5.882480907216631749e+00
5.882480907216631749e+00
6.005723643861415439e+00
5.921375002811744004e+00
5.921375002811744004e+00
5.837026361762071680e+00
5.657551197750838590e+00
5.657551197750838590e+00
5.657551197750838590e+00
5.657551197750838590e+00
5.826248479850182349e+00
5.741899838800510913e+00
5.804005514526845211e+00
5.804005514526845211e+00
5.972702796626187194e+00
5.729950447985182826e+00
5.575779876288810222e+00
5.529856727272871808e+00
5.529856727272871808e+00
5.529856727272871808e+00
5.547195059044206289e+00
5.782902650421887891e+00
5.782902650421887891e+00
5.867251291471560215e+00
6.146304712277533611e+00
6.146304712277533611e+00
6.061956071227861287e+00
5.977607430178189851e+00
5.882949510778009206e+00
5.882949510778009206e+00
5.882949510778009206e+00
5.744477158388153093e+00
5.670437795688992644e+00
5.955364464854852713e+00
5.871015823805181277e+00
5.955364464854852713e+00
6.001287613870791127e+00
6.001287613870791127e+00
6.001287613870791127e+00
5.939181938144456829e+00
5.939181938144456829e+00
5.727841731958920768e+00
5.631543700093880389e+00
5.631543700093880389e+00
5.665533162136991763e+00
5.665533162136991763e+00
5.916470369259742235e+00
6.000819010309414558e+00
6.000819010309414558e+00
6.095945533270972660e+00
6.011596892221301225e+00
5.768375940018915848e+00
5.768375940018915848e+00
5.614205368322543244e+00
5.462846417994534853e+00
5.496835880037645339e+00
5.732543471415326053e+00
5.732543471415326053e+00
5.749881803186661422e+00
5.749881803186661422e+00
6.033839857544636587e+00
5.839837983130435006e+00
5.794383437675876714e+00
5.726670223055436715e+00
5.726670223055436715e+00
5.603427486410653025e+00
5.603427486410653025e+00
5.603427486410653025e+00
5.687776127460325348e+00
6.023530579194130041e+00
5.939181938144457717e+00
5.939181938144457717e+00
5.939181938144457717e+00
5.772593372071379569e+00
5.698554009372217344e+00
5.698554009372217344e+00
5.614205368322545020e+00
5.631543700093880389e+00
5.921375002811742227e+00
5.921375002811742227e+00
5.921375002811742227e+00
5.687776127460328013e+00
5.670437795688992644e+00
5.754786436738664968e+00
5.754786436738664968e+00
5.921375002811744004e+00
5.770016052483736502e+00
5.406613990628089006e+00
5.406613990628089006e+00
5.490962631677761330e+00
5.490962631677761330e+00
5.490962631677761330e+00
5.490962631677761330e+00
5.659659913777104201e+00
5.839135077788336403e+00
5.977607430178190739e+00
5.871015823805181277e+00
5.871015823805181277e+00
5.955364464854852713e+00
6.014877117151046448e+00
5.761831194002031253e+00
5.761831194002031253e+00
5.817595017807098756e+00
5.817595017807098756e+00
5.783605555763988271e+00
5.575311272727432765e+00
5.741899838800511802e+00
5.741899838800511802e+00
5.741899838800511802e+00
5.910597120899854673e+00
5.994945761949526997e+00
5.994945761949526997e+00
6.118188498594310687e+00
6.118188498594310687e+00
5.603427486410653913e+00
5.603427486410653913e+00
5.434730204311311041e+00
5.434730204311311041e+00
5.434730204311311041e+00
5.496835880037645339e+00
5.496835880037645339e+00
5.665533162136988210e+00
5.918579085286004293e+00
5.865142575445294604e+00
5.780793934395622280e+00
5.699725518275696956e+00
5.699725518275696956e+00
5.699725518275696956e+00
5.822499651359100525e+00
5.822499651359100525e+00
6.033839857544636587e+00
5.949491216494965151e+00
5.929356967197893624e+00
5.929356967197893624e+00
5.777998016869887010e+00
5.744008554826776525e+00
5.854364693533407049e+00
5.854364693533407049e+00
5.854364693533407049e+00
5.659659913777100648e+00
5.659659913777100648e+00
6.095945533270970884e+00
6.095945533270970884e+00
6.011596892221299449e+00
6.095945533270970884e+00
5.918579085286000740e+00
5.884589623242890255e+00
5.884589623242890255e+00
5.715892341143548272e+00
5.715892341143548272e+00
6.118188498594308911e+00
6.152177960637419396e+00
6.067829319587747960e+00
5.983480678538077413e+00
5.983480678538077413e+00
5.983480678538077413e+00
5.983480678538077413e+00
5.899132037488405977e+00
5.760659685098549865e+00
5.826248479850184125e+00
5.603427486410654801e+00
5.434730204311314594e+00
5.434730204311314594e+00
5.350381563261642270e+00
5.350381563261642270e+00
5.519078845360984253e+00
5.519078845360984253e+00
5.519078845360984253e+00
5.882480907216631749e+00
5.916470369259742235e+00
6.011596892221300337e+00
6.011596892221300337e+00
6.095945533270972660e+00
6.011596892221301225e+00
6.011596892221301225e+00
5.927248251171628901e+00
5.927248251171628901e+00
5.938713334583076708e+00
5.938713334583076708e+00
5.687776127460324460e+00
5.519078845360982477e+00
5.685667411434062402e+00
5.685667411434062402e+00
5.719656873477172887e+00
5.719656873477172887e+00
5.719656873477172887e+00
5.814783396438735430e+00
5.814783396438735430e+00
5.780793934395624945e+00
5.865142575445296380e+00
5.741899838800511802e+00
5.741899838800511802e+00
5.741899838800511802e+00
5.910597120899854673e+00
5.910597120899854673e+00
5.685667411434064178e+00
5.685667411434064178e+00
5.685667411434064178e+00
5.685667411434064178e+00
5.519078845360986918e+00
5.770016052483737390e+00
5.921375002811742227e+00
5.921375002811742227e+00
6.005723643861414551e+00
5.726670223055440268e+00
5.726670223055440268e+00
5.760659685098551641e+00
5.760659685098551641e+00
5.777998016869887010e+00
5.609300734770544139e+00
5.609300734770544139e+00
5.860237941893295499e+00
5.944586582942966935e+00
5.713783625117287102e+00
5.629434984067614778e+00
5.629434984067614778e+00
5.727373128397540647e+00
5.727373128397540647e+00
5.727373128397540647e+00
5.727373128397540647e+00
5.893258789128518416e+00
5.808910148078846092e+00
6.061956071227862175e+00
6.061956071227862175e+00
6.095945533270972660e+00
6.095945533270972660e+00
5.972702796626190747e+00
5.804005514526846099e+00
5.804005514526846099e+00
5.665533162136989986e+00
5.665533162136989986e+00
5.553068307404094739e+00
5.721765589503436722e+00
5.687776127460326236e+00
5.785714271790250329e+00
6.005723643861413663e+00
6.005723643861413663e+00
5.882949510778010094e+00
5.882949510778010094e+00
5.882949510778010094e+00
5.782902650421887003e+00
5.856942013121048340e+00
5.856942013121048340e+00
5.890931475164158826e+00
5.722234193064815067e+00
5.722234193064815067e+00
5.777998016869882569e+00
5.819703733833360815e+00
5.819703733833360815e+00
5.798600869728336882e+00
5.724561507029175544e+00
5.724561507029175544e+00
5.547195059044205401e+00
5.547195059044205401e+00
5.713783625117285325e+00
5.798132266166957649e+00
5.798132266166957649e+00
5.798132266166957649e+00
5.811721769447212971e+00
5.811721769447212971e+00
6.061956071227861287e+00
5.938713334583078485e+00
5.893258789128519304e+00
5.808910148078847868e+00
5.724561507029175544e+00
5.724561507029175544e+00
5.724561507029175544e+00
5.977607430178189851e+00
5.977607430178189851e+00
6.061956071227862175e+00
6.061956071227862175e+00
5.977607430178189851e+00
5.839837983130435006e+00
5.794383437675876714e+00
5.794383437675876714e+00
5.685667411434061513e+00
6.113283865042308918e+00
6.208410388003867020e+00
6.042524727272892804e+00
6.042524727272892804e+00
6.002927726335675729e+00
5.929356967197892736e+00
5.867251291471558439e+00
5.867251291471558439e+00
5.867251291471558439e+00
5.826248479850180573e+00
5.780793934395622280e+00
5.780793934395622280e+00
5.657551197750838590e+00
5.657551197750838590e+00
5.780793934395624056e+00
5.780793934395624056e+00
5.696445293345951733e+00
5.780793934395624056e+00
5.603427486410654801e+00
5.519078845360982477e+00
5.519078845360982477e+00
5.519078845360982477e+00
5.741899838800511802e+00
5.741899838800511802e+00
5.837026361762070792e+00
5.698554009372216456e+00
5.698554009372216456e+00
5.716360944704929281e+00
5.716360944704929281e+00
5.758066661668407527e+00
5.995414365510904453e+00
5.911065724461232129e+00
5.911065724461232129e+00
6.005723643861412775e+00
6.005723643861412775e+00
5.882480907216629973e+00
5.777998016869882569e+00
5.609300734770540586e+00
5.609300734770540586e+00
5.440603452671200380e+00
5.378497776944866082e+00
5.631543700093881277e+00
5.631543700093881277e+00
5.631543700093881277e+00
5.631543700093881277e+00
5.693649375820215575e+00
5.693649375820215575e+00
5.693649375820215575e+00
5.440603452671200380e+00
5.440603452671200380e+00
5.609300734770542363e+00
5.777998016869882569e+00
5.777998016869882569e+00
5.744008554826772084e+00
5.547195059044205401e+00
5.547195059044205401e+00
5.780793934395623168e+00
5.780793934395623168e+00
5.865142575445293716e+00
5.949491216494965151e+00
5.949491216494965151e+00
6.033839857544637475e+00
6.118188498594309799e+00
5.983480678538077413e+00
6.067829319587748849e+00
5.983480678538077413e+00
6.028935223992637482e+00
6.028935223992637482e+00
5.994945761949526997e+00
5.910597120899855561e+00
5.910597120899855561e+00
5.910597120899855561e+00
5.916470369259742235e+00
5.871015823805182166e+00
5.955364464854853601e+00
5.955364464854853601e+00
6.039713105904525037e+00
6.005723643861414551e+00
6.005723643861414551e+00
6.005723643861414551e+00
5.921375002811743116e+00
6.033839857544637475e+00
6.033839857544637475e+00
6.118188498594309799e+00
5.963080719775223137e+00
5.923483718838006062e+00
5.997054477975789055e+00
5.997054477975789055e+00
5.828357195876447960e+00
5.828357195876447960e+00
5.665533162136988210e+00
5.819703733833360815e+00
5.819703733833360815e+00
5.665533162136989986e+00
5.665533162136989986e+00
5.609769338331922484e+00
5.609769338331922484e+00
5.575779876288811998e+00
5.744477158388154869e+00
6.118188498594308911e+00
6.118188498594308911e+00
6.118188498594308911e+00
5.963080719775222249e+00
5.997070181818333623e+00
5.874296048734930054e+00
5.834699047797712979e+00
5.788775898781773677e+00
5.788775898781773677e+00
5.916470369259742235e+00
5.916470369259742235e+00
6.000819010309413670e+00
5.832121728210069023e+00
5.832121728210069023e+00
5.832121728210069023e+00
6.000819010309411894e+00
5.983480678538076525e+00
5.949491216494966928e+00
5.715892341143549160e+00
5.715892341143549160e+00
5.547195059044207177e+00
5.547195059044207177e+00
5.462846417994534853e+00
5.631543700093876836e+00
5.631543700093876836e+00
5.867251291471557550e+00
5.782902650421886115e+00
5.910597120899856449e+00
5.994945761949528773e+00
5.994945761949528773e+00
5.994945761949528773e+00
5.910597120899856449e+00
6.033839857544638363e+00
5.949491216494966928e+00
5.949491216494966928e+00
5.865142575445295492e+00
5.834699047797712090e+00
5.929356967197892736e+00
5.929356967197892736e+00
5.929356967197892736e+00
5.929356967197892736e+00
6.067829319587747960e+00
6.005723643861413663e+00
5.921375002811742227e+00
6.005723643861413663e+00
6.061956071227863063e+00
5.977607430178190739e+00
5.977607430178190739e+00
5.977607430178190739e+00
6.061956071227862175e+00
5.977607430178189851e+00
5.977607430178189851e+00
5.800240982193221484e+00
5.631543700093880389e+00
6.081418822868003282e+00
5.958644689784599713e+00
5.705598766635584518e+00
5.705598766635584518e+00
5.705598766635584518e+00
5.817595017807098756e+00
5.783605555763988271e+00
5.783605555763988271e+00
5.631543700093877725e+00
5.865142575445295492e+00
5.899132037488405977e+00
5.814783396438735430e+00
5.860237941893295499e+00
5.860237941893295499e+00
5.860237941893295499e+00
5.944586582942966935e+00
5.944586582942966935e+00
5.775889300843623175e+00
5.901240753514669812e+00
5.839135077788335515e+00
5.603427486410655689e+00
5.603427486410655689e+00
5.603427486410655689e+00
5.586089154639321208e+00
5.434730204311312818e+00
5.434730204311312818e+00
5.603427486410653913e+00
5.786182875351629562e+00
5.632012303655256957e+00
5.800709585754601605e+00
5.800709585754601605e+00
5.800709585754601605e+00
5.800709585754601605e+00
5.726670223055440268e+00
5.800240982193223260e+00
5.884589623242895584e+00
5.744008554826775637e+00
5.726670223055440268e+00
5.726670223055440268e+00
5.800709585754600717e+00
5.840306586691817792e+00
5.840306586691817792e+00
5.840306586691817792e+00
5.995414365510904453e+00
6.079763006560576777e+00
6.005723643861414551e+00
6.039713105904525037e+00
6.039713105904525037e+00
6.124061746954196472e+00
6.000819010309414558e+00
5.916470369259742235e+00
5.916470369259742235e+00
5.916470369259742235e+00
5.665533162136991763e+00
5.893258789128518416e+00
5.893258789128518416e+00
5.893258789128518416e+00
5.893258789128518416e+00
5.977607430178190739e+00
5.796492153702140548e+00
5.813830485473475029e+00
5.715892341143549160e+00
5.547195059044207177e+00
6.011596892221300337e+00
6.095945533270972660e+00
6.033839857544638363e+00
6.033839857544638363e+00
5.938713334583079373e+00
5.938713334583079373e+00
5.865142575445295492e+00
5.770016052483734725e+00
5.770016052483734725e+00
6.033839857544636587e+00
5.911065724461233017e+00
5.973171400187567315e+00
5.973171400187567315e+00
5.888822759137895879e+00
5.888822759137895879e+00
5.888822759137895879e+00
5.722234193064815067e+00
5.676311044048876653e+00
5.955364464854852713e+00
6.039713105904524149e+00
5.817595017807098756e+00
5.817595017807098756e+00
5.721765589503434946e+00
5.553068307404092963e+00
5.553068307404092963e+00
5.519078845360982477e+00
5.519078845360982477e+00
5.979716146204454574e+00
5.979716146204454574e+00
5.895367505154782251e+00
5.715892341143548272e+00
5.715892341143548272e+00
5.715892341143548272e+00
5.547195059044206289e+00
5.715892341143547384e+00
5.715892341143547384e+00
