2.954335185538202424e+01
2.954335185538202424e+01
2.954335185538202424e+01
2.954335185538202424e+01
2.954335185538202779e+01
2.930907729124664129e+01
2.930907729124664129e+01
2.989725956629894199e+01
2.989725956629894554e+01
3.032759488878510012e+01
2.973941261373278877e+01
2.973941261373278877e+01
2.973941261373278877e+01
2.973941261373279232e+01
2.950513804959740582e+01
2.950513804959740582e+01
2.950513804959740582e+01
2.950513804959740582e+01
2.993713728189278811e+01
2.934895500684048741e+01
2.934895500684048741e+01
2.934895500684048741e+01
2.934895500684048741e+01
2.934895500684048741e+01
2.958322957097587391e+01
2.958322957097587036e+01
2.958322957097587036e+01
3.032759488878510012e+01
3.032759488878510012e+01
3.032759488878510012e+01
3.032759488878510012e+01
3.032759488878510012e+01
3.032759488878510012e+01
2.973941261373279232e+01
2.950513804959740582e+01
2.950513804959740582e+01
3.013319804024357040e+01
3.013319804024357040e+01
3.013319804024356330e+01
3.013319804024356685e+01
3.013319804024356685e+01
3.013319804024356685e+01
3.013319804024356685e+01
3.036747260437895335e+01
2.977929032932663844e+01
2.977929032932664200e+01
2.977929032932664555e+01
2.977929032932664555e+01
2.977929032932664555e+01
2.977929032932664555e+01
3.036747260437895335e+01
3.036747260437895690e+01
3.036747260437895335e+01
3.013319804024357040e+01
2.923098576986818031e+01
2.923098576986818031e+01
2.923098576986818031e+01
2.923098576986818031e+01
2.981916804492048811e+01
2.981916804492048811e+01
3.005344260905587106e+01
3.005344260905587106e+01
3.005344260905587106e+01
2.934895500684048386e+01
2.934895500684048386e+01
2.934895500684048386e+01
2.934895500684048386e+01
2.934895500684048386e+01
2.934895500684048386e+01
2.993713728189279522e+01
2.993713728189279522e+01
3.017141184602817816e+01
3.036747260437894980e+01
3.036747260437894980e+01
3.013319804024356685e+01
3.013319804024356330e+01
3.013319804024356330e+01
3.013319804024356330e+01
3.013319804024356330e+01
2.954501576519125550e+01
2.954501576519125905e+01
3.024950336740664270e+01
3.024950336740663914e+01
3.024950336740663914e+01
3.024950336740664270e+01
3.024950336740664270e+01
3.024950336740664625e+01
3.001522880327125975e+01
3.001522880327125975e+01
2.942704652821894840e+01
2.970119880794818101e+01
2.970119880794818101e+01
2.993547337208356751e+01
2.993547337208356751e+01
3.052365564713587887e+01
3.052365564713587176e+01
3.052365564713587176e+01
3.052365564713587531e+01
3.052365564713587531e+01
2.930907729124663774e+01
2.930907729124663774e+01
2.930907729124664485e+01
2.930907729124664129e+01
2.954335185538202779e+01
3.013153413043433559e+01
3.013153413043433559e+01
3.013153413043433204e+01
3.013153413043433204e+01
2.993713728189279877e+01
2.934895500684048741e+01
2.934895500684048386e+01
2.934895500684048031e+01
2.934895500684048031e+01
2.934895500684048031e+01
2.934895500684048031e+01
2.934895500684048031e+01
2.958322957097586681e+01
3.036747260437894624e+01
3.036747260437895335e+01
3.036747260437895335e+01
3.036747260437894980e+01
2.977929032932663844e+01
2.977929032932664200e+01
2.977929032932664200e+01
2.954501576519125905e+01
2.954501576519125905e+01
3.013319804024357040e+01
3.013319804024357040e+01
3.013319804024357040e+01
2.954501576519125905e+01
2.954501576519126260e+01
2.977929032932664910e+01
2.977929032932664910e+01
2.977929032932664555e+01
2.977929032932664555e+01
2.915289424848971933e+01
2.915289424848971933e+01
2.938716881262510583e+01
2.938716881262510228e+01
2.938716881262510228e+01
2.938716881262510228e+01
2.938716881262510228e+01
2.997535108767741718e+01
2.997535108767741363e+01
3.013153413043433559e+01
3.013153413043433559e+01
3.013153413043433204e+01
3.013153413043433559e+01
2.954335185538202069e+01
2.954335185538202069e+01
2.954335185538202424e+01
2.954335185538202424e+01
2.930907729124663774e+01
2.954501576519125905e+01
2.954501576519125905e+01
2.954501576519125905e+01
2.954501576519125905e+01
2.954501576519125194e+01
2.977929032932663844e+01
2.977929032932663844e+01
3.036747260437894980e+01
3.036747260437894980e+01
2.923098576986818387e+01
2.923098576986818031e+01
2.923098576986818031e+01
2.923098576986818031e+01
2.923098576986818031e+01
2.946526033400356681e+01
2.946526033400356681e+01
2.946526033400356681e+01
3.005344260905587106e+01
2.958322957097587036e+01
2.934895500684048741e+01
2.934895500684048386e+01
2.934895500684048386e+01
2.934895500684048386e+01
2.934895500684048031e+01
2.934895500684048031e+01
2.993713728189279877e+01
2.993713728189279522e+01
3.032759488878510012e+01
3.032759488878510012e+01
3.032759488878510368e+01
3.009332032464971718e+01
3.009332032464971718e+01
3.009332032464971718e+01
3.009332032464971718e+01
2.950513804959740938e+01
2.950513804959740582e+01
3.032759488878510368e+01
3.032759488878510368e+01
3.032759488878510012e+01
3.032759488878510012e+01
2.973941261373279588e+01
2.950513804959740938e+01
2.950513804959740938e+01
2.950513804959740938e+01
2.950513804959740938e+01
3.028938108300048881e+01
3.052365564713587531e+01
3.052365564713587531e+01
3.052365564713587887e+01
3.052365564713587887e+01
3.052365564713587887e+01
3.052365564713587887e+01
3.052365564713587887e+01
2.993547337208356751e+01
2.997535108767741008e+01
2.938716881262510228e+01
2.938716881262510228e+01
2.938716881262510583e+01
2.915289424848971933e+01
2.915289424848971933e+01
2.915289424848971933e+01
2.915289424848971933e+01
2.915289424848971933e+01
3.028938108300048881e+01
3.052365564713587531e+01
3.052365564713587176e+01
3.052365564713587176e+01
3.052365564713587176e+01
3.052365564713587531e+01
3.052365564713587531e+01
2.993547337208356041e+01
2.993547337208356041e+01
2.989725956629894554e+01
2.989725956629894554e+01
2.930907729124663774e+01
2.930907729124663774e+01
2.930907729124663774e+01
2.930907729124663774e+01
2.954335185538202424e+01
2.954335185538202424e+01
2.954335185538202424e+01
3.052365564713587887e+01
3.052365564713587887e+01
3.028938108300049237e+01
3.028938108300048881e+01
2.970119880794817746e+01
2.970119880794818101e+01
2.970119880794818101e+01
2.970119880794818101e+01
2.970119880794818101e+01
2.954501576519125905e+01
2.954501576519125905e+01
2.954501576519125550e+01
2.954501576519125550e+01
2.954501576519125194e+01
3.013319804024357040e+01
3.013319804024357040e+01
3.013319804024357040e+01
3.036747260437895690e+01
2.970119880794818457e+01
2.970119880794818457e+01
2.993547337208357106e+01
2.993547337208357106e+01
2.993547337208356751e+01
2.993547337208356041e+01
2.993547337208356041e+01
3.052365564713587887e+01
3.052365564713587531e+01
2.938716881262510228e+01
2.915289424848971578e+01
2.915289424848971578e+01
2.915289424848971578e+01
2.915289424848971578e+01
2.915289424848971578e+01
2.915289424848971578e+01
2.974107652354202713e+01
2.974107652354203069e+01
3.028938108300048526e+01
3.028938108300048526e+01
3.052365564713587176e+01
3.052365564713587176e+01
3.052365564713587531e+01
2.993547337208356751e+01
2.993547337208356396e+01
2.993547337208356396e+01
2.993547337208356396e+01
2.954335185538202424e+01
2.954335185538202424e+01
2.930907729124663774e+01
2.930907729124663774e+01
2.989725956629894554e+01
2.989725956629894554e+01
2.989725956629894554e+01
2.989725956629894554e+01
2.989725956629894554e+01
2.989725956629894554e+01
2.989725956629894554e+01
2.989725956629894554e+01
3.013153413043433204e+01
2.954335185538202424e+01
2.954335185538202424e+01
2.954335185538202779e+01
2.954335185538202424e+01
2.954335185538202424e+01
2.993713728189279166e+01
2.993713728189279166e+01
2.993713728189279166e+01
2.934895500684048386e+01
2.934895500684048386e+01
2.934895500684048386e+01
2.958322957097587036e+01
2.958322957097587036e+01
2.958322957097587036e+01
2.938716881262510228e+01
2.938716881262510228e+01
2.997535108767741008e+01
2.997535108767741008e+01
2.997535108767741008e+01
2.997535108767741008e+01
2.974107652354202358e+01
2.974107652354202358e+01
2.974107652354202358e+01
3.017141184602817461e+01
3.017141184602817461e+01
3.017141184602817816e+01
3.017141184602818171e+01
2.993713728189279522e+01
2.934895500684048031e+01
2.934895500684048031e+01
2.934895500684048031e+01
2.934895500684048386e+01
3.044556412575741433e+01
3.044556412575741433e+01
2.985738185070510653e+01
2.985738185070510298e+01
2.985738185070510298e+01
2.985738185070510298e+01
2.962310728656971648e+01
2.962310728656971648e+01
2.962310728656971648e+01
2.934895500684048386e+01
2.934895500684048386e+01
2.934895500684048386e+01
2.934895500684048386e+01
2.934895500684048386e+01
2.993713728189279166e+01
2.993713728189279166e+01
2.993713728189279166e+01
3.017141184602817461e+01
2.938716881262510583e+01
2.915289424848971933e+01
2.915289424848971933e+01
2.915289424848971933e+01
2.974107652354202713e+01
2.974107652354202713e+01
2.974107652354203069e+01
2.974107652354203069e+01
2.974107652354203069e+01
2.938716881262510228e+01
2.938716881262510228e+01
2.938716881262509872e+01
2.997535108767741008e+01
2.974107652354202358e+01
2.974107652354202358e+01
2.974107652354202358e+01
2.974107652354202358e+01
2.974107652354202358e+01
2.946526033400356681e+01
2.946526033400357036e+01
2.946526033400356681e+01
2.946526033400356681e+01
2.923098576986818031e+01
2.981916804492048101e+01
2.981916804492048456e+01
2.981916804492048456e+01
2.981916804492048456e+01
3.013153413043433204e+01
3.013153413043433204e+01
3.013153413043433204e+01
2.954335185538202779e+01
2.954335185538202779e+01
2.954335185538202779e+01
2.954335185538202424e+01
2.954335185538202424e+01
2.930907729124663774e+01
2.934895500684048386e+01
2.934895500684048386e+01
2.993713728189279166e+01
2.993713728189279166e+01
2.993713728189279522e+01
2.993713728189279166e+01
2.993713728189279166e+01
3.017141184602817816e+01
3.017141184602817106e+01
2.993547337208356396e+01
3.052365564713587531e+01
3.052365564713587887e+01
3.052365564713587531e+01
3.052365564713587531e+01
3.028938108300048881e+01
3.028938108300048881e+01
3.028938108300048881e+01
3.028938108300048881e+01
3.052365564713587531e+01
3.052365564713587887e+01
3.052365564713587887e+01
3.052365564713587887e+01
3.052365564713587176e+01
3.028938108300048526e+01
3.028938108300048526e+01
3.028938108300048526e+01
2.970119880794817746e+01
3.013319804024356330e+01
3.013319804024356330e+01
3.036747260437894980e+01
2.977929032932664200e+01
2.977929032932664200e+01
2.977929032932664200e+01
2.977929032932664200e+01
2.977929032932664200e+01
2.977929032932664200e+01
2.954335185538202779e+01
2.954335185538202779e+01
2.954335185538202779e+01
2.954335185538202779e+01
2.954335185538202779e+01
2.954335185538202779e+01
2.954335185538202779e+01
2.930907729124664129e+01
2.989725956629894910e+01
3.028938108300048526e+01
3.028938108300048526e+01
3.028938108300048526e+01
2.970119880794818101e+01
2.993547337208356751e+01
2.993547337208356041e+01
2.993547337208356041e+01
2.993547337208356396e+01
2.993547337208356396e+01
3.052365564713587887e+01
3.052365564713587887e+01
3.052365564713587887e+01
2.993547337208356751e+01
2.993547337208356751e+01
2.993547337208356751e+01
2.993547337208356396e+01
2.993547337208356751e+01
2.970119880794818101e+01
2.938716881262510228e+01
2.938716881262510228e+01
2.938716881262510228e+01
2.938716881262510228e+01
2.915289424848971578e+01
2.915289424848971578e+01
2.915289424848971578e+01
2.974107652354202358e+01
2.974107652354202713e+01
3.036747260437895690e+01
3.036747260437894980e+01
3.036747260437894980e+01
3.036747260437894980e+01
3.013319804024356330e+01
3.013319804024356330e+01
3.013319804024356330e+01
3.013319804024356330e+01
2.954501576519125550e+01
2.985738185070510298e+01
2.985738185070510298e+01
2.985738185070510298e+01
2.985738185070510653e+01
2.985738185070510653e+01
3.044556412575741433e+01
3.021128956162202783e+01
3.021128956162203139e+01
3.021128956162203139e+01
3.036747260437895335e+01
3.013319804024356685e+01
3.013319804024356685e+01
3.013319804024356685e+01
3.013319804024356685e+01
3.013319804024356685e+01
3.013319804024356685e+01
2.954501576519125194e+01
2.954501576519125905e+01
3.013153413043433559e+01
3.013153413043433559e+01
2.954335185538202424e+01
2.954335185538202424e+01
2.954335185538202424e+01
2.954335185538202424e+01
2.930907729124663774e+01
2.930907729124663774e+01
2.930907729124663774e+01
3.028938108300048881e+01
3.052365564713587531e+01
3.052365564713587887e+01
3.052365564713587531e+01
3.052365564713587531e+01
3.052365564713587531e+01
3.052365564713587176e+01
3.052365564713587176e+01
2.993547337208356751e+01
3.005344260905587461e+01
2.981916804492048811e+01
2.923098576986817676e+01
2.923098576986818031e+01
2.923098576986818031e+01
2.923098576986818031e+01
2.923098576986818031e+01
2.923098576986818031e+01
2.923098576986818031e+01
2.934895500684048031e+01
2.934895500684048031e+01
2.993713728189279166e+01
2.993713728189279166e+01
2.993713728189279166e+01
2.993713728189279166e+01
2.993713728189279166e+01
2.993713728189279522e+01
3.017141184602818171e+01
2.954501576519125905e+01
2.954501576519125905e+01
2.954501576519125905e+01
2.954501576519125550e+01
2.954501576519125550e+01
2.954501576519125550e+01
2.954501576519125550e+01
3.013319804024356330e+01
3.036747260437894980e+01
3.028938108300048526e+01
3.052365564713587176e+01
3.052365564713587176e+01
3.052365564713587176e+01
3.052365564713587176e+01
3.052365564713587887e+01
3.052365564713587887e+01
3.052365564713587887e+01
2.993547337208356751e+01
2.974107652354202358e+01
2.974107652354202358e+01
2.974107652354202358e+01
2.974107652354202358e+01
2.997535108767741008e+01
2.938716881262510228e+01
2.938716881262510228e+01
2.938716881262510228e+01
2.938716881262510228e+01
3.044556412575741433e+01
3.044556412575741433e+01
3.021128956162202783e+01
3.021128956162202783e+01
3.021128956162203139e+01
3.021128956162202783e+01
3.021128956162202783e+01
2.962310728656972003e+01
2.962310728656972003e+01
3.001522880327125620e+01
3.001522880327125264e+01
3.024950336740663914e+01
3.024950336740664270e+01
3.024950336740664270e+01
3.024950336740664270e+01
3.024950336740664270e+01
2.966132109235433489e+01
2.966132109235433845e+01
3.013153413043433204e+01
3.013153413043432849e+01
2.954335185538202424e+01
2.954335185538202424e+01
2.954335185538202424e+01
2.954335185538202424e+01
2.954335185538202424e+01
2.930907729124663774e+01
2.930907729124663774e+01
3.017141184602818171e+01
3.017141184602818171e+01
2.993713728189279522e+01
2.934895500684048031e+01
2.934895500684048031e+01
2.934895500684048031e+01
2.934895500684048031e+01
2.934895500684048386e+01
2.934895500684048386e+01
