1.141494636176224908e+01
1.141494636176224908e+01
1.141494636176224908e+01
1.124624907966291154e+01
1.124624907966291154e+01
1.117827015557669057e+01
1.117827015557669057e+01
1.168436200187472096e+01
1.185305928397406205e+01
1.188214411246508284e+01
1.154896698031892122e+01
1.158364364386159018e+01
1.174812349390840893e+01
1.157942621180906606e+01
1.151144728772284509e+01
1.151144728772284509e+01
1.151144728772284509e+01
1.151144728772284509e+01
1.184884185192153438e+01
1.151144728772284509e+01
1.155315300468632245e+01
1.157189714714181683e+01
1.157189714714181683e+01
1.157189714714181683e+01
1.174059442924116148e+01
1.164968533833204489e+01
1.164968533833204489e+01
1.191682077600775536e+01
1.182591168509863699e+01
1.182591168509863699e+01
1.182591168509863699e+01
1.182591168509863699e+01
1.182591168509863699e+01
1.157942621180906606e+01
1.151144728772284509e+01
1.158923547891307138e+01
1.187039761574531127e+01
1.170170033364597018e+01
1.170170033364597018e+01
1.170170033364597018e+01
1.170170033364597018e+01
1.170170033364597018e+01
1.170170033364597018e+01
1.187039761574531482e+01
1.170170033364597018e+01
1.189054756888501529e+01
1.173637699718864269e+01
1.173637699718864269e+01
1.173637699718864269e+01
1.173637699718864269e+01
1.198286247047821007e+01
1.198286247047820829e+01
1.198286247047820829e+01
1.181416518837886365e+01
1.134275000562350399e+01
1.134275000562350399e+01
1.134275000562350399e+01
1.134275000562350399e+01
1.168014456982219151e+01
1.168014456982219151e+01
1.180435592127486011e+01
1.180435592127486011e+01
1.197305320337420120e+01
1.141022891846328235e+01
1.125605834676691153e+01
1.125605834676691330e+01
1.125605834676691330e+01
1.125605834676691330e+01
1.129073501030958226e+01
1.176215019306494547e+01
1.176215019306494547e+01
1.193084747516429012e+01
1.209532732521110532e+01
1.209532732521110532e+01
1.192663004311176067e+01
1.192663004311175889e+01
1.175793276101241602e+01
1.175793276101241602e+01
1.175793276101241602e+01
1.148098805623270380e+01
1.148098805623270557e+01
1.199460896719797809e+01
1.182591168509863522e+01
1.182591168509863699e+01
1.182591168509863699e+01
1.182591168509863699e+01
1.182591168509863699e+01
1.170170033364596840e+01
1.170170033364596840e+01
1.140601148641075824e+01
1.151566471977537987e+01
1.151566471977537987e+01
1.158364364386159906e+01
1.158364364386159906e+01
1.208551805810710178e+01
1.208551805810710178e+01
1.208551805810710178e+01
1.210707382193087689e+01
1.193837653983153402e+01
1.146646134582973175e+01
1.146646134582973175e+01
1.131229077413335915e+01
1.117827015557668702e+01
1.124624907966290799e+01
1.171766426241826942e+01
1.171766426241826942e+01
1.175234092596094015e+01
1.175234092596094015e+01
1.187039761574531127e+01
1.155315300468632245e+01
1.146224391377720586e+01
1.142475562886625262e+01
1.142475562886625262e+01
1.134696743767602634e+01
1.134696743767602634e+01
1.134696743767602634e+01
1.151566471977537098e+01
1.192663004311176245e+01
1.192663004311176067e+01
1.192663004311176067e+01
1.192663004311176067e+01
1.159345291096560260e+01
1.159345291096560437e+01
1.159345291096560437e+01
1.142475562886625973e+01
1.145943229240893046e+01
1.198286247047820474e+01
1.198286247047820474e+01
1.198286247047820474e+01
1.151566471977537631e+01
1.148098805623270557e+01
1.164968533833205022e+01
1.164968533833205022e+01
1.181416518837886720e+01
1.168014456982219329e+01
1.106580530084379532e+01
1.106580530084379532e+01
1.123450258294313997e+01
1.123450258294313997e+01
1.123450258294313997e+01
1.123450258294313997e+01
1.140319986504248106e+01
1.176215019306494547e+01
1.187039761574531305e+01
1.182591168509863522e+01
1.182591168509863522e+01
1.182591168509863699e+01
1.181138497469566850e+01
1.147399041049698099e+01
1.147399041049698099e+01
1.156489950140609757e+01
1.156489950140609757e+01
1.149692057731987660e+01
1.140319986504248462e+01
1.156767971508929804e+01
1.156767971508929804e+01
1.156767971508929804e+01
1.173637699718863914e+01
1.190507427928798379e+01
1.190507427928798379e+01
1.215155975257755294e+01
1.215155975257755294e+01
1.129073501030958049e+01
1.129073501030958049e+01
1.112203772821023939e+01
1.112203772821023939e+01
1.112203772821023939e+01
1.124624907966290799e+01
1.124624907966290799e+01
1.141494636176224908e+01
1.192103820806028125e+01
1.164546790627952078e+01
1.147677062418017613e+01
1.134977905904431061e+01
1.134977905904431061e+01
1.134977905904431061e+01
1.151847634114365349e+01
1.151847634114365349e+01
1.181416518837886365e+01
1.181416518837886187e+01
1.199882639925050754e+01
1.199882639925050754e+01
1.186480578069383718e+01
1.179682685660761621e+01
1.184884185192153438e+01
1.184884185192153438e+01
1.184884185192153438e+01
1.145943229240892158e+01
1.145943229240892158e+01
1.193837653983153224e+01
1.193837653983153224e+01
1.193837653983153047e+01
1.210707382193087334e+01
1.175234092596093305e+01
1.168436200187471208e+01
1.168436200187471208e+01
1.151566471977536921e+01
1.151566471977536921e+01
1.203909489784465592e+01
1.210707382193087689e+01
1.210707382193087511e+01
1.193837653983153402e+01
1.193837653983153402e+01
1.193837653983153402e+01
1.193837653983153402e+01
1.193837653983153224e+01
1.166143183505182002e+01
1.179260942455508854e+01
1.134696743767602989e+01
1.117827015557669235e+01
1.117827015557669235e+01
1.100957287347734770e+01
1.100957287347734770e+01
1.117827015557668879e+01
1.117827015557668879e+01
1.117827015557668879e+01
1.196130670665443319e+01
1.202928563074065416e+01
1.205084139456442749e+01
1.205084139456442749e+01
1.205084139456442927e+01
1.188214411246508639e+01
1.188214411246508639e+01
1.171344683036574175e+01
1.171344683036574175e+01
1.190507427928798023e+01
1.190507427928798023e+01
1.140319986504247574e+01
1.123450258294313464e+01
1.139898243298995162e+01
1.139898243298995162e+01
1.146696135707617259e+01
1.146696135707617259e+01
1.146696135707617259e+01
1.193837653983153402e+01
1.193837653983153402e+01
1.187039761574531305e+01
1.187039761574531305e+01
1.162391214245574389e+01
1.162391214245574389e+01
1.162391214245574389e+01
1.179260942455508854e+01
1.179260942455508854e+01
1.151144728772284864e+01
1.151144728772284864e+01
1.151144728772284864e+01
1.151144728772284864e+01
1.134696743767603522e+01
1.184884185192153794e+01
1.198286247047820474e+01
1.198286247047820474e+01
1.215155975257754939e+01
1.159345291096560082e+01
1.159345291096560082e+01
1.166143183505182357e+01
1.166143183505182357e+01
1.169610849859449431e+01
1.152741121649515321e+01
1.152741121649515321e+01
1.202928563074065416e+01
1.202928563074065416e+01
1.145521486035640102e+01
1.128651757825705637e+01
1.128651757825705637e+01
1.138445572258698135e+01
1.138445572258698135e+01
1.138445572258698135e+01
1.138445572258698135e+01
1.164546790627952078e+01
1.164546790627951900e+01
1.203909489784465592e+01
1.203909489784465592e+01
1.210707382193087689e+01
1.210707382193087689e+01
1.202928563074065416e+01
1.169189106654196664e+01
1.169189106654196664e+01
1.158364364386159906e+01
1.158364364386159906e+01
1.130248150702935916e+01
1.147117878912870026e+01
1.140319986504247929e+01
1.150113800937240072e+01
1.187039761574531127e+01
1.187039761574531127e+01
1.170170033364596840e+01
1.170170033364596840e+01
1.170170033364596840e+01
1.170591776569849429e+01
1.170591776569849429e+01
1.170591776569849429e+01
1.177389668978471526e+01
1.143650212558602774e+01
1.143650212558602774e+01
1.152741121649514433e+01
1.156911693345862169e+01
1.156911693345862169e+01
1.164546790627951900e+01
1.164546790627952078e+01
1.164546790627952078e+01
1.129073501030958049e+01
1.129073501030958049e+01
1.145521486035639747e+01
1.162391214245574211e+01
1.162391214245574211e+01
1.162391214245574211e+01
1.155315300468632600e+01
1.155315300468632600e+01
1.192663004311176067e+01
1.184884185192153616e+01
1.175793276101241780e+01
1.175793276101241602e+01
1.158923547891307138e+01
1.158923547891307138e+01
1.158923547891307138e+01
1.198286247047820652e+01
1.198286247047820652e+01
1.198286247047820829e+01
1.198286247047820829e+01
1.181416518837886365e+01
1.155315300468632245e+01
1.146224391377720586e+01
1.146224391377720586e+01
1.139898243298994984e+01
1.214175048547354940e+01
1.216330624929732451e+01
1.190229406560478864e+01
1.190229406560478864e+01
1.192103820806028125e+01
1.177389668978471526e+01
1.164968533833204667e+01
1.164968533833204667e+01
1.164968533833204667e+01
1.156767971508929271e+01
1.147677062418017613e+01
1.147677062418017613e+01
1.139898243298994984e+01
1.139898243298994984e+01
1.164546790627952078e+01
1.164546790627952078e+01
1.164546790627952078e+01
1.181416518837886542e+01
1.134696743767602989e+01
1.117827015557668524e+01
1.117827015557668524e+01
1.117827015557668524e+01
1.162391214245574389e+01
1.162391214245574389e+01
1.164546790627952078e+01
1.153722048359915320e+01
1.153722048359915320e+01
1.142475562886625617e+01
1.142475562886625617e+01
1.146646134582973353e+01
1.181416518837886542e+01
1.164546790627952078e+01
1.164546790627952078e+01
1.181416518837886365e+01
1.181416518837886365e+01
1.173637699718863914e+01
1.152741121649514433e+01
1.135871393439580146e+01
1.135871393439580146e+01
1.119001665229646392e+01
1.106580530084379532e+01
1.157189714714182571e+01
1.157189714714182571e+01
1.157189714714182571e+01
1.157189714714182571e+01
1.169610849859449431e+01
1.169610849859449431e+01
1.169610849859449431e+01
1.119001665229646392e+01
1.119001665229646392e+01
1.135871393439580501e+01
1.152741121649514433e+01
1.152741121649514433e+01
1.145943229240892336e+01
1.129073501030958049e+01
1.129073501030958049e+01
1.175793276101241602e+01
1.175793276101241602e+01
1.175793276101241425e+01
1.192663004311175712e+01
1.192663004311175712e+01
1.209532732521110177e+01
1.209532732521110354e+01
1.182591168509863877e+01
1.199460896719798164e+01
1.199460896719798164e+01
1.208551805810710178e+01
1.208551805810710178e+01
1.201753913402088081e+01
1.201753913402088081e+01
1.201753913402088081e+01
1.201753913402088081e+01
1.202928563074065416e+01
1.193837653983153402e+01
1.193837653983153402e+01
1.193837653983153402e+01
1.193837653983153402e+01
1.187039761574531305e+01
1.187039761574531305e+01
1.187039761574531305e+01
1.170170033364597018e+01
1.181416518837886542e+01
1.181416518837886542e+01
1.198286247047821007e+01
1.174340605060944931e+01
1.176215019306494547e+01
1.190929171134051145e+01
1.190929171134051145e+01
1.174059442924116681e+01
1.174059442924116681e+01
1.141494636176224908e+01
1.156911693345862169e+01
1.156911693345862169e+01
1.141494636176225264e+01
1.141494636176225264e+01
1.132403727085313605e+01
1.132403727085313605e+01
1.125605834676691508e+01
1.159345291096560082e+01
1.198286247047820829e+01
1.198286247047820829e+01
1.198286247047820829e+01
1.174340605060944753e+01
1.181138497469567028e+01
1.164268769259632741e+01
1.166143183505182002e+01
1.166143183505182179e+01
1.166143183505182179e+01
1.202928563074065416e+01
1.202928563074065416e+01
1.202928563074065416e+01
1.169189106654196664e+01
1.169189106654196664e+01
1.169189106654196664e+01
1.186058834864130773e+01
1.182591168509863699e+01
1.175793276101241780e+01
1.145943229240892514e+01
1.145943229240892514e+01
1.129073501030958404e+01
1.129073501030958404e+01
1.112203772821023939e+01
1.129073501030958049e+01
1.129073501030958049e+01
1.176215019306494192e+01
1.159345291096559905e+01
1.207377156138733021e+01
1.207377156138733021e+01
1.207377156138733021e+01
1.207377156138733021e+01
1.190507427928798556e+01
1.198286247047820829e+01
1.181416518837886542e+01
1.181416518837886542e+01
1.164546790627952078e+01
1.166143183505182179e+01
1.183012911715116466e+01
1.183012911715116466e+01
1.183012911715116466e+01
1.183012911715116466e+01
1.210707382193087511e+01
1.198286247047820652e+01
1.198286247047820474e+01
1.198286247047820652e+01
1.198286247047821007e+01
1.181416518837886542e+01
1.181416518837886542e+01
1.181416518837886542e+01
1.198286247047820829e+01
1.198286247047820652e+01
1.198286247047820652e+01
1.162812957450827156e+01
1.145943229240893046e+01
1.192384982942856375e+01
1.175515254732922088e+01
1.141775798313053336e+01
1.141775798313053336e+01
1.141775798313053336e+01
1.156489950140609757e+01
1.149692057731987660e+01
1.149692057731987660e+01
1.134696743767602811e+01
1.187039761574531127e+01
1.193837653983153224e+01
1.193837653983153402e+01
1.202928563074065416e+01
1.202928563074065416e+01
1.202928563074065416e+01
1.202928563074065416e+01
1.202928563074065416e+01
1.169189106654196664e+01
1.188636154451761229e+01
1.176215019306494369e+01
1.129073501030958404e+01
1.129073501030958404e+01
1.129073501030958404e+01
1.125605834676691508e+01
1.112203772821024295e+01
1.112203772821024295e+01
1.129073501030958049e+01
1.146646134582972998e+01
1.131229077413335915e+01
1.164968533833204845e+01
1.164968533833204845e+01
1.164968533833204845e+01
1.164968533833204845e+01
1.164968533833205022e+01
1.179682685660761621e+01
1.196552413870696085e+01
1.157189714714182216e+01
1.153722048359915142e+01
1.153722048359915142e+01
1.153722048359915320e+01
1.151847634114365704e+01
1.151847634114365704e+01
1.151847634114365704e+01
1.175793276101241780e+01
1.192663004311176245e+01
1.192663004311176067e+01
1.199460896719798164e+01
1.199460896719798164e+01
1.216330624929732451e+01
1.208551805810710178e+01
1.208551805810710178e+01
1.208551805810710178e+01
1.208551805810710178e+01
1.158364364386159906e+01
1.164546790627952078e+01
1.164546790627952078e+01
1.164546790627952078e+01
1.164546790627952078e+01
1.181416518837886542e+01
1.152269377319618116e+01
1.155737043673885012e+01
1.145943229240892514e+01
1.129073501030958404e+01
1.205084139456442749e+01
1.205084139456442927e+01
1.192663004311176067e+01
1.192663004311176067e+01
1.190507427928798556e+01
1.190507427928798556e+01
1.175793276101241780e+01
1.156767971508929804e+01
1.156767971508929804e+01
1.187039761574531127e+01
1.170170033364596840e+01
1.182591168509863699e+01
1.182591168509863699e+01
1.182591168509863522e+01
1.182591168509863522e+01
1.182591168509863522e+01
1.149273455295247359e+01
1.149273455295247359e+01
1.176967925773218937e+01
1.193837653983153224e+01
1.156489950140609757e+01
1.156489950140609757e+01
1.147117878912869671e+01
1.130248150702935561e+01
1.130248150702935561e+01
1.123450258294313464e+01
1.123450258294313464e+01
1.198707990253073596e+01
1.198707990253073596e+01
1.181838262043139132e+01
1.145943229240892336e+01
1.145943229240892336e+01
1.145943229240892336e+01
1.129073501030958226e+01
1.145943229240892158e+01
1.145943229240892158e+01
