-8.388003748827391193e-02
-8.388003748827391193e-02
-8.388003748827391193e-02
-2.525773195876160337e-01
-2.525773195876160337e-01
-2.525773195876160337e-01
-2.525773195876160337e-01
-2.525773195876160337e-01
-8.388003748827391193e-02
-8.388003748827391193e-02
-8.388003748827391193e-02
-8.388003748827391193e-02
8.481724461106822377e-02
-8.388003748827391193e-02
-8.388003748827391193e-02
-8.388003748827391193e-02
-8.388003748827391193e-02
-8.388003748827391193e-02
8.481724461106822377e-02
8.481724461106822377e-02
1.265229615745462610e-01
8.481724461106822377e-02
8.481724461106822377e-02
8.481724461106822377e-02
8.481724461106822377e-02
8.481724461106822377e-02
8.481724461106822377e-02
-2.525773195876160337e-01
-2.525773195876160337e-01
-2.525773195876160337e-01
-2.525773195876160337e-01
-8.388003748827391193e-02
-8.388003748827391193e-02
-8.388003748827391193e-02
-8.388003748827391193e-02
8.481724461106822377e-02
-2.525773195876160337e-01
-2.525773195876160337e-01
-8.388003748827391193e-02
6.419868791005017838e-02
6.419868791005017838e-02
6.419868791005017838e-02
6.419868791005017838e-02
6.419868791005017838e-02
6.419868791005017838e-02
1.827553889409957721e-01
2.858481724462081514e-02
2.858481724462081514e-02
2.858481724462081514e-02
2.858481724462081514e-02
2.858481724462081514e-02
-1.401124648547212304e-01
-1.401124648547212304e-01
-1.401124648547212304e-01
-2.764761012182639227e-02
-2.764761012182639227e-02
-2.764761012182639227e-02
-2.764761012182639227e-02
-2.764761012182639227e-02
-1.963448922211686321e-01
-1.963448922211686321e-01
-1.963448922211686321e-01
-2.764761012182639227e-02
4.967197750708091109e-02
-1.044985941892917491e-01
-1.963448922211686321e-01
-1.963448922211686321e-01
-1.963448922211686321e-01
-1.963448922211686321e-01
-1.963448922211686321e-01
-1.963448922211686321e-01
-1.963448922211686321e-01
1.972820993439630410e-01
1.972820993439630410e-01
1.972820993439630410e-01
2.858481724462081514e-02
7.966260543602769750e-03
7.966260543602769750e-03
7.966260543602769750e-03
7.966260543602769750e-03
-1.401124648547212304e-01
-8.388003748827391193e-02
-8.388003748827391193e-02
8.481724461106822377e-02
1.766635426429451206e-01
1.766635426429451206e-01
1.766635426429451206e-01
1.766635426429451206e-01
1.766635426429451206e-01
4.967197750708091109e-02
-2.525773195876160337e-01
-2.525773195876160337e-01
-2.525773195876160337e-01
-2.525773195876160337e-01
-2.525773195876160337e-01
-8.388003748827391193e-02
-8.388003748827391193e-02
8.481724461106822377e-02
8.481724461106822377e-02
7.029053420809885933e-02
7.029053420809885933e-02
-8.388003748827391193e-02
-2.525773195876160337e-01
-2.525773195876160337e-01
-2.525773195876160337e-01
-2.525773195876160337e-01
-2.525773195876160337e-01
-2.525773195876160337e-01
1.972820993439630410e-01
1.265229615745462610e-01
1.265229615745462610e-01
2.858481724462081514e-02
2.858481724462081514e-02
-1.401124648547212304e-01
-1.401124648547212304e-01
-1.401124648547212304e-01
-1.401124648547212304e-01
1.204311152764975940e-01
-4.826616682284443766e-02
-4.826616682284443766e-02
-4.826616682284443766e-02
-4.826616682284443766e-02
-1.963448922211686321e-01
-1.963448922211686321e-01
-1.963448922211686321e-01
-1.963448922211686321e-01
-1.401124648547212304e-01
-1.401124648547212304e-01
-1.401124648547212304e-01
-1.401124648547212304e-01
-1.401124648547212304e-01
-1.401124648547212304e-01
-1.401124648547212304e-01
2.858481724462081514e-02
-1.401124648547212304e-01
-2.525773195876160337e-01
-2.525773195876160337e-01
-2.525773195876160337e-01
-2.525773195876160337e-01
-2.525773195876160337e-01
-2.525773195876160337e-01
-8.388003748827391193e-02
-8.388003748827391193e-02
8.481724461106822377e-02
-8.388003748827391193e-02
-8.388003748827391193e-02
8.481724461106822377e-02
2.183692596064251146e-01
4.967197750708081394e-02
4.967197750708081394e-02
7.029053420809885933e-02
7.029053420809885933e-02
7.029053420809885933e-02
-2.525773195876160337e-01
-8.388003748827391193e-02
-8.388003748827391193e-02
-8.388003748827391193e-02
8.481724461106822377e-02
8.481724461106822377e-02
8.481724461106822377e-02
8.481724461106822377e-02
8.481724461106822377e-02
-8.388003748827391193e-02
-8.388003748827391193e-02
-2.525773195876160337e-01
-2.525773195876160337e-01
-2.525773195876160337e-01
-2.525773195876160337e-01
-2.525773195876160337e-01
-8.388003748827391193e-02
-8.388003748827391193e-02
8.481724461106822377e-02
8.481724461106822377e-02
4.967197750708091109e-02
4.967197750708091109e-02
4.967197750708091109e-02
1.265229615745462610e-01
1.265229615745462610e-01
2.535145267104104705e-01
8.481724461106822377e-02
-1.401124648547212304e-01
-1.401124648547212304e-01
-3.088097469540633799e-01
-3.088097469540633799e-01
-1.401124648547212304e-01
-1.401124648547212304e-01
-1.401124648547212304e-01
-1.401124648547212304e-01
-1.401124648547212304e-01
2.535145267104104705e-01
2.535145267104104705e-01
8.481724461106822377e-02
8.481724461106822377e-02
8.481724461106822377e-02
8.481724461106822377e-02
8.481724461106822377e-02
-8.388003748827391193e-02
-8.388003748827391193e-02
1.972820993439630410e-01
1.972820993439630410e-01
2.858481724462081514e-02
2.858481724462081514e-02
2.858481724462081514e-02
2.858481724462081514e-02
2.858481724462081514e-02
-1.401124648547212304e-01
-1.401124648547212304e-01
-1.401124648547212304e-01
-1.401124648547212304e-01
-3.088097469540633799e-01
-3.088097469540633799e-01
-3.088097469540633799e-01
-3.088097469540633799e-01
-1.401124648547212304e-01
-1.401124648547212304e-01
-1.401124648547212304e-01
-1.963448922211686321e-01
-1.963448922211686321e-01
-2.764761012182639227e-02
-2.764761012182639227e-02
1.410496719775156393e-01
1.410496719775156393e-01
1.410496719775156393e-01
1.410496719775156393e-01
1.410496719775156393e-01
-2.764761012182639227e-02
-2.764761012182639227e-02
-2.764761012182639227e-02
-1.963448922211686321e-01
-2.764761012182639227e-02
-2.764761012182639227e-02
-2.764761012182639227e-02
-2.764761012182639227e-02
-2.764761012182639227e-02
-3.088097469540633799e-01
-3.088097469540633799e-01
-3.088097469540633799e-01
-1.401124648547212304e-01
-1.401124648547212304e-01
-1.401124648547212304e-01
-1.401124648547212304e-01
2.858481724462081514e-02
2.858481724462081514e-02
-1.401124648547212304e-01
-1.401124648547212304e-01
-1.401124648547212304e-01
-1.401124648547212304e-01
-3.088097469540633799e-01
-3.088097469540633799e-01
-1.401124648547212304e-01
-1.401124648547212304e-01
-1.401124648547212304e-01
-1.401124648547212304e-01
-1.401124648547212304e-01
-1.401124648547212304e-01
-1.401124648547212304e-01
-1.401124648547212304e-01
-3.088097469540633799e-01
-3.088097469540633799e-01
-3.088097469540633799e-01
-1.401124648547212304e-01
-2.764761012182639227e-02
-2.764761012182639227e-02
-2.764761012182639227e-02
7.029053420809885933e-02
7.029053420809885933e-02
7.029053420809885933e-02
7.029053420809885933e-02
1.410496719775156393e-01
-2.764761012182639227e-02
8.481724461106822377e-02
8.481724461106822377e-02
8.481724461106822377e-02
8.481724461106822377e-02
-8.388003748827391193e-02
-8.388003748827391193e-02
-8.388003748827391193e-02
-2.525773195876160337e-01
-2.525773195876160337e-01
-1.963448922211686321e-01
-2.764761012182639227e-02
-2.764761012182639227e-02
7.029053420809885933e-02
1.410496719775156393e-01
1.410496719775156393e-01
6.419868791005028941e-02
6.419868791005028941e-02
6.419868791005028941e-02
-1.401124648547212304e-01
7.966260543602769750e-03
7.966260543602769750e-03
7.966260543602769750e-03
7.966260543602769750e-03
7.966260543602769750e-03
2.858481724462081514e-02
7.029053420809885933e-02
7.029053420809885933e-02
-4.826616682284443766e-02
-1.963448922211686321e-01
-1.963448922211686321e-01
-1.963448922211686321e-01
-1.963448922211686321e-01
-2.764761012182639227e-02
-2.764761012182639227e-02
-2.764761012182639227e-02
-2.764761012182639227e-02
7.029053420809885933e-02
7.029053420809885933e-02
1.972820993439630410e-01
2.858481724462081514e-02
2.858481724462081514e-02
-1.401124648547212304e-01
-1.401124648547212304e-01
-1.401124648547212304e-01
-1.401124648547212304e-01
-2.764761012182639227e-02
-2.764761012182639227e-02
1.410496719775156393e-01
1.410496719775156393e-01
1.410496719775156393e-01
1.265229615745462610e-01
1.265229615745462610e-01
1.265229615745462610e-01
-2.764761012182639227e-02
8.481724461106822377e-02
2.535145267104104705e-01
1.827553889409957721e-01
1.827553889409957721e-01
8.481724461106822377e-02
8.481724461106822377e-02
8.481724461106822377e-02
8.481724461106822377e-02
8.481724461106822377e-02
8.481724461106822377e-02
8.481724461106822377e-02
8.481724461106822377e-02
-8.388003748827391193e-02
-8.388003748827391193e-02
-8.388003748827391193e-02
-8.388003748827391193e-02
-2.525773195876160337e-01
-2.525773195876160337e-01
-1.401124648547212304e-01
-1.401124648547212304e-01
-1.401124648547212304e-01
-1.401124648547212304e-01
-1.401124648547212304e-01
-1.401124648547212304e-01
2.858481724462081514e-02
-1.401124648547212304e-01
-1.401124648547212304e-01
7.966260543602769750e-03
7.966260543602769750e-03
4.967197750708081394e-02
1.766635426429449818e-01
1.766635426429449818e-01
1.766635426429449818e-01
1.972820993439630410e-01
1.972820993439630410e-01
2.858481724462081514e-02
2.858481724462081514e-02
-1.401124648547212304e-01
-1.401124648547212304e-01
-3.088097469540633799e-01
-3.088097469540633799e-01
-3.088097469540633799e-01
-3.088097469540633799e-01
-3.088097469540633799e-01
-3.088097469540633799e-01
-3.088097469540633799e-01
-3.088097469540633799e-01
-3.088097469540633799e-01
-3.088097469540633799e-01
-3.088097469540633799e-01
-1.401124648547212304e-01
2.858481724462081514e-02
2.858481724462081514e-02
2.858481724462081514e-02
-1.963448922211686321e-01
-1.963448922211686321e-01
-1.963448922211686321e-01
-1.963448922211686321e-01
-2.764761012182639227e-02
-2.764761012182639227e-02
-2.764761012182639227e-02
-2.764761012182639227e-02
1.410496719775156393e-01
1.410496719775156393e-01
1.410496719775156393e-01
-2.764761012182639227e-02
-2.764761012182639227e-02
-2.764761012182639227e-02
-2.764761012182639227e-02
-1.963448922211686321e-01
-1.963448922211686321e-01
-1.963448922211686321e-01
-1.963448922211686321e-01
-1.963448922211686321e-01
-2.764761012182639227e-02
-2.764761012182639227e-02
1.410496719775156393e-01
1.410496719775156393e-01
1.410496719775156393e-01
1.410496719775156393e-01
1.410496719775156393e-01
2.535145267104104705e-01
2.535145267104104705e-01
2.535145267104104705e-01
1.827553889409957721e-01
8.481724461106822377e-02
8.481724461106822377e-02
8.481724461106822377e-02
-8.388003748827391193e-02
-8.388003748827391193e-02
-8.388003748827391193e-02
7.029053420809885933e-02
7.029053420809885933e-02
-8.388003748827391193e-02
-8.388003748827391193e-02
-1.044985941892919573e-01
-1.044985941892919573e-01
-1.044985941892919573e-01
-1.044985941892919573e-01
2.535145267104104705e-01
2.535145267104104705e-01
2.535145267104104705e-01
1.827553889409957721e-01
1.827553889409957721e-01
1.059044048735304222e-01
7.966260543602873834e-03
-8.388003748827391193e-02
-8.388003748827391193e-02
-1.963448922211686321e-01
-1.963448922211686321e-01
-2.764761012182639227e-02
-2.764761012182639227e-02
-2.764761012182639227e-02
-2.764761012182639227e-02
1.410496719775156393e-01
1.410496719775156393e-01
1.410496719775156393e-01
-2.764761012182639227e-02
-2.764761012182639227e-02
-1.963448922211686321e-01
-1.963448922211686321e-01
-1.963448922211686321e-01
-2.764761012182639227e-02
-2.764761012182639227e-02
-2.764761012182639227e-02
-2.764761012182639227e-02
-2.525773195876160337e-01
-8.388003748827391193e-02
-8.388003748827391193e-02
-8.388003748827391193e-02
-8.388003748827391193e-02
8.481724461106822377e-02
8.481724461106822377e-02
8.481724461106822377e-02
8.481724461106822377e-02
7.966260543602769750e-03
2.858481724462081514e-02
2.858481724462081514e-02
2.858481724462081514e-02
2.858481724462081514e-02
2.858481724462081514e-02
2.858481724462081514e-02
-1.401124648547212304e-01
2.858481724462081514e-02
1.410496719775156393e-01
1.410496719775156393e-01
1.410496719775156393e-01
1.410496719775156393e-01
1.410496719775156393e-01
-2.764761012182639227e-02
-2.764761012182639227e-02
-2.764761012182639227e-02
-1.963448922211686321e-01
2.389878163074431738e-01
1.621368322399778239e-01
-6.560449859366490610e-03
-6.560449859366490610e-03
-6.560449859366490610e-03
7.029053420809885933e-02
7.029053420809885933e-02
7.029053420809885933e-02
-8.388003748827391193e-02
-1.401124648547212304e-01
-1.401124648547212304e-01
-3.088097469540633799e-01
-3.088097469540633799e-01
-3.088097469540633799e-01
-3.088097469540633799e-01
-1.401124648547212304e-01
-1.401124648547212304e-01
-1.401124648547212304e-01
-8.388003748827391193e-02
-8.388003748827391193e-02
-8.388003748827391193e-02
-8.388003748827391193e-02
-8.388003748827391193e-02
-8.388003748827391193e-02
-2.525773195876160337e-01
-2.525773195876160337e-01
-8.388003748827391193e-02
1.059044048735282156e-01
-4.826616682284443766e-02
-4.826616682284443766e-02
-4.826616682284443766e-02
-4.826616682284443766e-02
-4.826616682284443766e-02
-1.963448922211686321e-01
-1.963448922211686321e-01
-1.963448922211686321e-01
-8.388003748827391193e-02
-8.388003748827391193e-02
-8.388003748827391193e-02
6.419868791005017838e-02
1.621368322399777129e-01
1.621368322399777129e-01
1.621368322399777129e-01
2.328959700093924390e-01
2.328959700093924390e-01
8.481724461106822377e-02
8.481724461106822377e-02
8.481724461106822377e-02
8.481724461106822377e-02
-8.388003748827391193e-02
-2.525773195876160337e-01
-2.525773195876160337e-01
-2.525773195876160337e-01
-2.525773195876160337e-01
1.410496719775156393e-01
1.410496719775156393e-01
1.410496719775156393e-01
1.410496719775156393e-01
1.410496719775156393e-01
7.029053420809885933e-02
7.029053420809885933e-02
-2.764761012182639227e-02
-1.963448922211686321e-01
-2.764761012182639227e-02
1.410496719775156393e-01
1.410496719775156393e-01
1.410496719775156393e-01
-2.764761012182639227e-02
-2.764761012182639227e-02
-2.764761012182639227e-02
-2.764761012182639227e-02
-2.764761012182639227e-02
1.972820993439630410e-01
1.204311152764976911e-01
1.204311152764976911e-01
1.204311152764976911e-01
-4.826616682284453480e-02
-4.826616682284453480e-02
-4.826616682284453480e-02
-4.826616682284453480e-02
-1.401124648547212304e-01
1.410496719775156393e-01
1.410496719775156393e-01
7.029053420809885933e-02
7.029053420809885933e-02
-2.764761012182639227e-02
-1.963448922211686321e-01
-1.963448922211686321e-01
-1.963448922211686321e-01
-1.963448922211686321e-01
-2.764761012182639227e-02
-2.764761012182639227e-02
-2.764761012182639227e-02
-2.764761012182639227e-02
-2.764761012182639227e-02
-2.764761012182639227e-02
-1.963448922211686321e-01
-2.764761012182639227e-02
-2.764761012182639227e-02
