-1.746823550465122776e-01
-1.746823550465122776e-01
-1.746823550465122776e-01
-1.746823550465122776e-01
-1.746823550465122776e-01
-1.746823550465122776e-01
-1.746823550465122776e-01
-1.746823550465122776e-01
-1.842592385468692362e-01
-1.925428932533862769e-01
-2.021197767537432355e-01
-2.021197767537432355e-01
-2.021197767537432355e-01
-2.021197767537432355e-01
-2.021197767537432355e-01
-2.021197767537432355e-01
-2.021197767537432355e-01
-1.925428932533862769e-01
-1.842592385468692362e-01
-2.021197767537432355e-01
-1.746823550465161634e-01
-1.746823550465161634e-01
-1.746823550465161634e-01
-1.746823550465161634e-01
-1.746823550465161634e-01
-1.746823550465161634e-01
-1.746823550465161634e-01
-1.746823550465161634e-01
-1.842592385468730942e-01
-1.567519125805162117e-01
-1.663287960808731425e-01
-1.663287960808731425e-01
-1.663287960808731425e-01
-1.663287960808731425e-01
-1.663287960808731425e-01
-1.663287960808731425e-01
-1.663287960808731425e-01
-1.567519125805162117e-01
-1.842592385468730942e-01
-1.663287960808731425e-01
-1.746823550465122776e-01
-1.746823550465122776e-01
-1.746823550465122776e-01
-1.746823550465122776e-01
-1.746823550465122776e-01
-1.746823550465122776e-01
-1.746823550465122776e-01
-1.746823550465122776e-01
-1.663637482104341758e-01
-1.746474029169473585e-01
-1.663287960808692845e-01
-1.663287960808692845e-01
-1.663287960808692845e-01
-1.663287960808692845e-01
-1.663287960808692845e-01
-1.663287960808692845e-01
-1.663287960808692845e-01
-1.746474029169473585e-01
-1.663637482104341758e-01
-1.663287960808692845e-01
-1.746823550465122776e-01
-1.746823550465122776e-01
-1.746823550465122776e-01
-1.746823550465122776e-01
-1.746823550465122776e-01
-1.746823550465122776e-01
-1.746823550465122776e-01
-1.746823550465122776e-01
-1.663637482104380616e-01
-1.746474029169473585e-01
-1.663287960808731425e-01
-1.663287960808731425e-01
-1.663287960808731425e-01
-1.663287960808731425e-01
-1.663287960808731425e-01
-1.663287960808731425e-01
-1.663287960808731425e-01
-1.746474029169473585e-01
-1.663637482104380616e-01
-1.663287960808731425e-01
-1.836301002147279204e-01
-1.836301002147279204e-01
-1.836301002147279204e-01
-1.836301002147279204e-01
-1.836301002147279204e-01
-1.836301002147279204e-01
-1.836301002147279204e-01
-1.836301002147279204e-01
-1.932069837150887370e-01
-1.656996577487318267e-01
-1.752765412490926711e-01
-1.752765412490926711e-01
-1.752765412490926711e-01
-1.752765412490926711e-01
-1.752765412490926711e-01
-1.752765412490926711e-01
-1.752765412490926711e-01
-1.656996577487318267e-01
-1.932069837150887370e-01
-1.752765412490926711e-01
-1.836301002147317785e-01
-1.836301002147317785e-01
-1.836301002147317785e-01
-1.836301002147317785e-01
-1.836301002147317785e-01
-1.836301002147317785e-01
-1.836301002147317785e-01
-1.836301002147317785e-01
-1.574160030422186440e-01
-2.014906384216057778e-01
-1.752765412490926711e-01
-1.752765412490926711e-01
-1.752765412490926711e-01
-1.752765412490926711e-01
-1.752765412490926711e-01
-1.752765412490926711e-01
-1.752765412490926711e-01
-2.014906384216057778e-01
-1.574160030422186440e-01
-1.752765412490926711e-01
-1.836301002147317785e-01
-1.836301002147317785e-01
-1.836301002147317785e-01
-1.836301002147317785e-01
-1.836301002147317785e-01
-1.836301002147317785e-01
-1.836301002147317785e-01
-1.836301002147317785e-01
-1.753114933786537044e-01
-1.835951480851668871e-01
-1.752765412490887853e-01
-1.752765412490887853e-01
-1.752765412490887853e-01
-1.752765412490887853e-01
-1.752765412490887853e-01
-1.752765412490887853e-01
-1.752765412490887853e-01
-1.835951480851668871e-01
-1.753114933786537044e-01
-1.752765412490887853e-01
-1.836301002147317785e-01
-1.836301002147317785e-01
-1.836301002147317785e-01
-1.836301002147317785e-01
-1.836301002147317785e-01
-1.836301002147317785e-01
-1.836301002147317785e-01
-1.836301002147317785e-01
-2.111024740515237696e-01
-1.835951480851668871e-01
-2.110675219219588505e-01
-2.110675219219588505e-01
-2.110675219219588505e-01
-2.110675219219588505e-01
-2.110675219219588505e-01
-2.110675219219588505e-01
-2.110675219219588505e-01
-1.835951480851668871e-01
-2.111024740515237696e-01
-2.110675219219588505e-01
-1.836301002147317785e-01
-1.836301002147317785e-01
-1.836301002147317785e-01
-1.836301002147317785e-01
-1.836301002147317785e-01
-1.836301002147317785e-01
-1.836301002147317785e-01
-1.836301002147317785e-01
-1.708376207945458691e-01
-1.612257851646201612e-01
-1.484333057444342518e-01
-1.484333057444342518e-01
-1.484333057444342518e-01
-1.484333057444342518e-01
-1.484333057444342518e-01
-1.484333057444342518e-01
-1.484333057444342518e-01
-1.612257851646201612e-01
-1.708376207945458691e-01
-1.484333057444342518e-01
-1.836301002147279204e-01
-1.836301002147279204e-01
-1.836301002147279204e-01
-1.836301002147279204e-01
-1.836301002147279204e-01
-1.836301002147279204e-01
-1.836301002147279204e-01
-1.836301002147279204e-01
-1.708376207945420111e-01
-1.970167658374940844e-01
-1.842242864173082029e-01
-1.842242864173082029e-01
-1.842242864173082029e-01
-1.842242864173082029e-01
-1.842242864173082029e-01
-1.842242864173082029e-01
-1.842242864173082029e-01
-1.970167658374940844e-01
-1.708376207945420111e-01
-1.842242864173082029e-01
-1.836301002147317785e-01
-1.836301002147317785e-01
-1.836301002147317785e-01
-1.836301002147317785e-01
-1.836301002147317785e-01
-1.836301002147317785e-01
-1.836301002147317785e-01
-1.836301002147317785e-01
-1.887331111309809017e-01
-1.791212755010590518e-01
-1.842242864173082029e-01
-1.842242864173082029e-01
-1.842242864173082029e-01
-1.842242864173082029e-01
-1.842242864173082029e-01
-1.842242864173082029e-01
-1.842242864173082029e-01
-1.791212755010590518e-01
-1.887331111309809017e-01
-1.842242864173082029e-01
-1.836301002147317785e-01
-1.836301002147317785e-01
-1.836301002147317785e-01
-1.836301002147317785e-01
-1.836301002147317785e-01
-1.836301002147317785e-01
-1.836301002147317785e-01
-1.836301002147317785e-01
-1.887331111309809017e-01
-1.791212755010590518e-01
-1.842242864173082029e-01
-1.842242864173082029e-01
-1.842242864173082029e-01
-1.842242864173082029e-01
-1.842242864173082029e-01
-1.842242864173082029e-01
-1.842242864173082029e-01
-1.791212755010590518e-01
-1.887331111309809017e-01
-1.842242864173082029e-01
-1.746823550465122776e-01
-1.746823550465122776e-01
-1.746823550465122776e-01
-1.746823550465122776e-01
-1.746823550465122776e-01
-1.746823550465122776e-01
-1.746823550465122776e-01
-1.746823550465122776e-01
-1.708376207945458691e-01
-1.970167658374902264e-01
-1.931720315855238179e-01
-1.931720315855238179e-01
-1.931720315855238179e-01
-1.931720315855238179e-01
-1.931720315855238179e-01
-1.931720315855238179e-01
-1.931720315855238179e-01
-1.970167658374902264e-01
-1.708376207945458691e-01
-1.931720315855238179e-01
-1.746823550465161634e-01
-1.746823550465161634e-01
-1.746823550465161634e-01
-1.746823550465161634e-01
-1.746823550465161634e-01
-1.746823550465161634e-01
-1.746823550465161634e-01
-1.746823550465161634e-01
-2.066286014674159621e-01
-1.612257851646240192e-01
-1.931720315855238179e-01
-1.931720315855238179e-01
-1.931720315855238179e-01
-1.931720315855238179e-01
-1.931720315855238179e-01
-1.931720315855238179e-01
-1.931720315855238179e-01
-1.612257851646240192e-01
-2.066286014674159621e-01
-1.931720315855238179e-01
-1.746823550465122776e-01
-1.746823550465122776e-01
-1.746823550465122776e-01
-1.746823550465122776e-01
-1.746823550465122776e-01
-1.746823550465122776e-01
-1.746823550465122776e-01
-1.746823550465122776e-01
-1.887331111309809017e-01
-1.791212755010590518e-01
-1.931720315855277037e-01
-1.931720315855277037e-01
-1.931720315855277037e-01
-1.931720315855277037e-01
-1.931720315855277037e-01
-1.931720315855277037e-01
-1.931720315855277037e-01
-1.791212755010590518e-01
-1.887331111309809017e-01
-1.931720315855277037e-01
-1.746823550465122776e-01
-1.746823550465122776e-01
-1.746823550465122776e-01
-1.746823550465122776e-01
-1.746823550465122776e-01
-1.746823550465122776e-01
-1.746823550465122776e-01
-1.746823550465122776e-01
-1.529421304581069785e-01
-1.791212755010590518e-01
-1.573810509126537527e-01
-1.573810509126537527e-01
-1.573810509126537527e-01
-1.573810509126537527e-01
-1.573810509126537527e-01
-1.573810509126537527e-01
-1.573810509126537527e-01
-1.791212755010590518e-01
-1.529421304581069785e-01
-1.573810509126537527e-01
-1.612607372941850525e-01
-1.612607372941850525e-01
-1.612607372941850525e-01
-1.612607372941850525e-01
-1.612607372941850525e-01
-1.612607372941850525e-01
-1.612607372941850525e-01
-1.612607372941850525e-01
-1.529421304581069785e-01
-1.656996577487318267e-01
-1.573810509126537527e-01
-1.573810509126537527e-01
-1.573810509126537527e-01
-1.573810509126537527e-01
-1.573810509126537527e-01
-1.573810509126537527e-01
-1.573810509126537527e-01
-1.656996577487318267e-01
-1.529421304581069785e-01
-1.573810509126537527e-01
-1.970517179670551178e-01
-1.970517179670551178e-01
-1.970517179670551178e-01
-1.970517179670551178e-01
-1.970517179670551178e-01
-1.970517179670551178e-01
-1.970517179670551178e-01
-1.970517179670551178e-01
-1.887331111309770437e-01
-2.014906384216019197e-01
-1.931720315855238179e-01
-1.931720315855238179e-01
-1.931720315855238179e-01
-1.931720315855238179e-01
-1.931720315855238179e-01
-1.931720315855238179e-01
-1.931720315855238179e-01
-2.014906384216019197e-01
-1.887331111309770437e-01
-1.931720315855238179e-01
-1.970517179670590036e-01
-1.970517179670590036e-01
-1.970517179670590036e-01
-1.970517179670590036e-01
-1.970517179670590036e-01
-1.970517179670590036e-01
-1.970517179670590036e-01
-1.970517179670590036e-01
-2.066286014674159621e-01
-1.656996577487357125e-01
-1.752765412490926711e-01
-1.752765412490926711e-01
-1.752765412490926711e-01
-1.752765412490926711e-01
-1.752765412490926711e-01
-1.752765412490926711e-01
-1.752765412490926711e-01
-1.656996577487357125e-01
-2.066286014674159621e-01
-1.752765412490926711e-01
-1.612607372941889383e-01
-1.612607372941889383e-01
-1.612607372941889383e-01
-1.612607372941889383e-01
-1.612607372941889383e-01
-1.612607372941889383e-01
-1.612607372941889383e-01
-1.612607372941889383e-01
-1.708376207945458691e-01
-1.656996577487318267e-01
-1.752765412490887853e-01
-1.752765412490887853e-01
-1.752765412490887853e-01
-1.752765412490887853e-01
-1.752765412490887853e-01
-1.752765412490887853e-01
-1.752765412490887853e-01
-1.656996577487318267e-01
-1.708376207945458691e-01
-1.752765412490887853e-01
-1.970517179670590036e-01
-1.970517179670590036e-01
-1.970517179670590036e-01
-1.970517179670590036e-01
-1.970517179670590036e-01
-1.970517179670590036e-01
-1.970517179670590036e-01
-1.970517179670590036e-01
-1.887331111309809017e-01
-1.925428932533862769e-01
-1.842242864173082029e-01
-1.842242864173082029e-01
-1.842242864173082029e-01
-1.842242864173082029e-01
-1.842242864173082029e-01
-1.842242864173082029e-01
-1.842242864173082029e-01
-1.925428932533862769e-01
-1.887331111309809017e-01
-1.842242864173082029e-01
-1.612607372941889383e-01
-1.612607372941889383e-01
-1.612607372941889383e-01
-1.612607372941889383e-01
-1.612607372941889383e-01
-1.612607372941889383e-01
-1.612607372941889383e-01
-1.612607372941889383e-01
-1.887331111309809017e-01
-1.567519125805162117e-01
-1.842242864173082029e-01
-1.842242864173082029e-01
-1.842242864173082029e-01
-1.842242864173082029e-01
-1.842242864173082029e-01
-1.842242864173082029e-01
-1.842242864173082029e-01
-1.567519125805162117e-01
-1.887331111309809017e-01
-1.842242864173082029e-01
-1.612607372941850525e-01
-1.612607372941850525e-01
-1.612607372941850525e-01
-1.612607372941850525e-01
-1.612607372941850525e-01
-1.612607372941850525e-01
-1.612607372941850525e-01
-1.612607372941850525e-01
-1.708376207945458691e-01
-1.925428932533824189e-01
-2.021197767537432355e-01
-2.021197767537432355e-01
-2.021197767537432355e-01
-2.021197767537432355e-01
-2.021197767537432355e-01
-2.021197767537432355e-01
-2.021197767537432355e-01
-1.925428932533824189e-01
-1.708376207945458691e-01
-2.021197767537432355e-01
-1.970517179670551178e-01
-1.970517179670551178e-01
-1.970517179670551178e-01
-1.970517179670551178e-01
-1.970517179670551178e-01
-1.970517179670551178e-01
-1.970517179670551178e-01
-1.970517179670551178e-01
-1.708376207945458691e-01
-1.925428932533824189e-01
-1.663287960808731425e-01
-1.663287960808731425e-01
-1.663287960808731425e-01
-1.663287960808731425e-01
-1.663287960808731425e-01
-1.663287960808731425e-01
-1.663287960808731425e-01
-1.925428932533824189e-01
-1.708376207945458691e-01
-1.663287960808731425e-01
-1.970517179670551178e-01
-1.970517179670551178e-01
-1.970517179670551178e-01
-1.970517179670551178e-01
-1.970517179670551178e-01
-1.970517179670551178e-01
-1.970517179670551178e-01
-1.970517179670551178e-01
-1.976808562991965446e-01
-1.880690206692745836e-01
-1.886981590014160104e-01
-1.886981590014160104e-01
-1.886981590014160104e-01
-1.886981590014160104e-01
-1.886981590014160104e-01
-1.886981590014160104e-01
-1.886981590014160104e-01
-1.880690206692745836e-01
-1.976808562991965446e-01
-1.886981590014160104e-01
-1.612607372941850525e-01
-1.612607372941850525e-01
-1.612607372941850525e-01
-1.612607372941850525e-01
-1.612607372941850525e-01
-1.612607372941850525e-01
-1.612607372941850525e-01
-1.612607372941850525e-01
-1.618898756263264793e-01
-1.522780399964046294e-01
-1.529071783285459452e-01
-1.529071783285459452e-01
-1.529071783285459452e-01
-1.529071783285459452e-01
-1.529071783285459452e-01
-1.529071783285459452e-01
-1.529071783285459452e-01
-1.522780399964046294e-01
-1.618898756263264793e-01
-1.529071783285459452e-01
-1.612607372941889383e-01
-1.612607372941889383e-01
-1.612607372941889383e-01
-1.612607372941889383e-01
-1.612607372941889383e-01
-1.612607372941889383e-01
-1.612607372941889383e-01
-1.612607372941889383e-01
-1.439943852898914467e-01
-1.880690206692784694e-01
-1.708026686649809778e-01
-1.708026686649809778e-01
-1.708026686649809778e-01
-1.708026686649809778e-01
-1.708026686649809778e-01
-1.708026686649809778e-01
-1.708026686649809778e-01
-1.880690206692784694e-01
-1.439943852898914467e-01
-1.708026686649809778e-01
-1.970517179670551178e-01
-1.970517179670551178e-01
-1.970517179670551178e-01
-1.970517179670551178e-01
-1.970517179670551178e-01
-1.970517179670551178e-01
-1.970517179670551178e-01
-1.970517179670551178e-01
-1.797853659627615119e-01
-1.880690206692745836e-01
-1.708026686649809778e-01
-1.708026686649809778e-01
-1.708026686649809778e-01
-1.708026686649809778e-01
-1.708026686649809778e-01
-1.708026686649809778e-01
-1.708026686649809778e-01
-1.880690206692745836e-01
-1.797853659627615119e-01
-1.708026686649809778e-01
-1.612607372941850525e-01
-1.612607372941850525e-01
-1.612607372941850525e-01
-1.612607372941850525e-01
-1.612607372941850525e-01
-1.612607372941850525e-01
-1.612607372941850525e-01
-1.612607372941850525e-01
-1.708376207945420111e-01
-1.701735303328396620e-01
-1.797504138331965928e-01
-1.797504138331965928e-01
-1.797504138331965928e-01
-1.797504138331965928e-01
-1.797504138331965928e-01
-1.797504138331965928e-01
-1.797504138331965928e-01
-1.701735303328396620e-01
-1.708376207945420111e-01
-1.797504138331965928e-01
-1.970517179670551178e-01
-1.970517179670551178e-01
-1.970517179670551178e-01
-1.970517179670551178e-01
-1.970517179670551178e-01
-1.970517179670551178e-01
-1.970517179670551178e-01
-1.970517179670551178e-01
-1.708376207945420111e-01
-2.059645110057096162e-01
-1.797504138331965928e-01
-1.797504138331965928e-01
-1.797504138331965928e-01
-1.797504138331965928e-01
-1.797504138331965928e-01
-1.797504138331965928e-01
-1.797504138331965928e-01
-2.059645110057096162e-01
-1.708376207945420111e-01
-1.797504138331965928e-01
-1.970517179670590036e-01
-1.970517179670590036e-01
-1.970517179670590036e-01
-1.970517179670590036e-01
-1.970517179670590036e-01
-1.970517179670590036e-01
-1.970517179670590036e-01
-1.970517179670590036e-01
-1.887331111309809017e-01
-1.701735303328435200e-01
-1.618549234967654460e-01
-1.618549234967654460e-01
-1.618549234967654460e-01
-1.618549234967654460e-01
-1.618549234967654460e-01
-1.618549234967654460e-01
-1.618549234967654460e-01
-1.701735303328435200e-01
-1.887331111309809017e-01
-1.618549234967654460e-01
-1.612607372941889383e-01
-1.612607372941889383e-01
-1.612607372941889383e-01
-1.612607372941889383e-01
-1.612607372941889383e-01
-1.612607372941889383e-01
-1.612607372941889383e-01
-1.612607372941889383e-01
-1.887331111309809017e-01
-1.701735303328435200e-01
-1.976459041696354002e-01
-1.976459041696354002e-01
-1.976459041696354002e-01
-1.976459041696354002e-01
-1.976459041696354002e-01
-1.976459041696354002e-01
-1.976459041696354002e-01
-1.701735303328435200e-01
-1.887331111309809017e-01
-1.976459041696354002e-01
