-1.722500477012979814e-01
-1.722500477012979814e-01
-1.722500477012979814e-01
-1.797917280226246917e-01
-1.722500477012979814e-01
-1.757332155198084167e-01
-1.722500477012979814e-01
-1.722500477012979814e-01
-1.688260768479332152e-01
-1.722500477012979814e-01
-1.798965290480160073e-01
-1.798965290480160073e-01
-1.723236527193282019e-01
-1.798965290480160073e-01
-1.763989531766192442e-01
-1.798965290480160073e-01
-1.798965290480160073e-01
-1.832748958411333784e-01
-1.798965290480160073e-01
-1.798965290480160073e-01
-1.944481005859091671e-01
-1.944481005859091671e-01
-1.944481005859091671e-01
-1.861315116764658550e-01
-1.944481005859091671e-01
-1.821043693659567808e-01
-1.944481005859091671e-01
-1.944481005859091671e-01
-1.910899951171589894e-01
-1.944481005859091671e-01
-1.703435482787830357e-01
-1.703435482787830357e-01
-1.786948065654765661e-01
-1.703435482787830357e-01
-1.827387368304638215e-01
-1.703435482787830357e-01
-1.703435482787830357e-01
-1.737877804565149953e-01
-1.703435482787830357e-01
-1.703435482787830357e-01
-1.754490861628328902e-01
-1.754490861628328902e-01
-1.754490861628328902e-01
-1.750308626380080446e-01
-1.754490861628328902e-01
-1.789187924428826126e-01
-1.754490861628328902e-01
-1.754490861628328902e-01
-1.784231922325445752e-01
-1.754490861628328902e-01
-1.814636684710922154e-01
-1.814636684710922154e-01
-1.818803834885556470e-01
-1.814636684710922154e-01
-1.780064772150812824e-01
-1.814636684710922154e-01
-1.814636684710922154e-01
-1.785005689180576283e-01
-1.814636684710922154e-01
-1.814636684710922154e-01
-1.690510092397564668e-01
-1.690510092397564668e-01
-1.690510092397564668e-01
-1.686295405226237998e-01
-1.690510092397564668e-01
-1.725476385967293358e-01
-1.690510092397564668e-01
-1.690510092397564668e-01
-1.720251153094648766e-01
-1.690510092397564668e-01
-1.750892694326264543e-01
-1.750892694326264543e-01
-1.755092296423990950e-01
-1.750892694326264543e-01
-1.716051550996937347e-01
-1.750892694326264543e-01
-1.750892694326264543e-01
-1.721261698795966411e-01
-1.750892694326264543e-01
-1.750892694326264543e-01
-1.738495669320646864e-01
-1.738495669320646864e-01
-1.738495669320646864e-01
-1.694574611956976284e-01
-1.738495669320646864e-01
-1.733529330678832414e-01
-1.738495669320646864e-01
-1.738495669320646864e-01
-1.704255960786950075e-01
-1.738495669320646864e-01
-1.655165951537826141e-01
-1.655165951537826141e-01
-1.699269039212477073e-01
-1.655165951537826141e-01
-1.660152873112314409e-01
-1.655165951537826141e-01
-1.655165951537826141e-01
-1.689608273315162112e-01
-1.655165951537826141e-01
-1.655165951537826141e-01
-1.674514900089882630e-01
-1.674514900089882630e-01
-1.674514900089882630e-01
-1.630253698495451598e-01
-1.674514900089882630e-01
-1.669510099909584933e-01
-1.674514900089882630e-01
-1.674514900089882630e-01
-1.768236730017778702e-01
-1.674514900089882630e-01
-1.719525326537816312e-01
-1.719525326537816312e-01
-1.763288269981691803e-01
-1.719525326537816312e-01
-1.724473786573886835e-01
-1.719525326537816312e-01
-1.719525326537816312e-01
-1.625248898315155288e-01
-1.719525326537816312e-01
-1.719525326537816312e-01
-1.786274395282192173e-01
-1.786274395282192173e-01
-1.786274395282192173e-01
-1.742183265803142755e-01
-1.786274395282192173e-01
-1.701519715294207979e-01
-1.786274395282192173e-01
-1.786274395282192173e-01
-1.815729398286984320e-01
-1.786274395282192173e-01
-1.687345639037813039e-01
-1.687345639037813039e-01
-1.731278654597085132e-01
-1.687345639037813039e-01
-1.771796382727712227e-01
-1.687345639037813039e-01
-1.687345639037813039e-01
-1.657428585815158839e-01
-1.687345639037813039e-01
-1.687345639037813039e-01
-1.691332327974480743e-01
-1.691332327974480743e-01
-1.691332327974480743e-01
-1.805888794649318507e-01
-1.691332327974480743e-01
-1.765538946063422709e-01
-1.691332327974480743e-01
-1.691332327974480743e-01
-1.592167138671614912e-01
-1.691332327974480743e-01
-1.783183139037841092e-01
-1.783183139037841092e-01
-1.667259423827854026e-01
-1.783183139037841092e-01
-1.708090853881601978e-01
-1.783183139037841092e-01
-1.783183139037841092e-01
-1.880095412738260474e-01
-1.783183139037841092e-01
-1.783183139037841092e-01
-1.825877760666809735e-01
-1.825877760666809735e-01
-1.825877760666809735e-01
-1.901075964120462203e-01
-1.825877760666809735e-01
-1.741531734524979502e-01
-1.825877760666809735e-01
-1.825877760666809735e-01
-1.871174109825466947e-01
-1.825877760666809735e-01
-1.862076979182069048e-01
-1.862076979182069048e-01
-1.787295481520184415e-01
-1.862076979182069048e-01
-1.945955607487352690e-01
-1.862076979182069048e-01
-1.862076979182069048e-01
-1.816729937978616705e-01
-1.862076979182069048e-01
-1.862076979182069048e-01
-1.602512616436037873e-01
-1.602512616436037873e-01
-1.602512616436037873e-01
-1.678293752582010190e-01
-1.602512616436037873e-01
-1.677512503755764495e-01
-1.602512616436037873e-01
-1.602512616436037873e-01
-1.648688773286993703e-01
-1.602512616436037873e-01
-1.798640681105157513e-01
-1.798640681105157513e-01
-1.723276250750936933e-01
-1.798640681105157513e-01
-1.724053203641197907e-01
-1.798640681105157513e-01
-1.798640681105157513e-01
-1.753293639901720435e-01
-1.798640681105157513e-01
-1.798640681105157513e-01
-1.714502880859114786e-01
-1.714502880859114786e-01
-1.714502880859114786e-01
-1.630608175658927739e-01
-1.714502880859114786e-01
-1.709522119140356178e-01
-1.714502880859114786e-01
-1.714502880859114786e-01
-1.696258364633148052e-01
-1.714502880859114786e-01
-1.607187195528214929e-01
-1.607187195528214929e-01
-1.691266635366330262e-01
-1.607187195528214929e-01
-1.612178924795050761e-01
-1.607187195528214929e-01
-1.607187195528214929e-01
-1.625627413940152755e-01
-1.607187195528214929e-01
-1.607187195528214929e-01
-1.778483650089895396e-01
-1.778483650089895396e-01
-1.778483650089895396e-01
-1.853390387197412503e-01
-1.778483650089895396e-01
-1.773541349909587561e-01
-1.778483650089895396e-01
-1.778483650089895396e-01
-1.760239133863945038e-01
-1.778483650089895396e-01
-1.830358830143581084e-01
-1.830358830143581084e-01
-1.755285866135543604e-01
-1.830358830143581084e-01
-1.835312097871966419e-01
-1.830358830143581084e-01
-1.830358830143581084e-01
-1.848448087017088293e-01
-1.830358830143581084e-01
-1.830358830143581084e-01
-1.690728902493715546e-01
-1.690728902493715546e-01
-1.690728902493715546e-01
-1.766072839120444438e-01
-1.690728902493715546e-01
-1.765296097505749118e-01
-1.690728902493715546e-01
-1.690728902493715546e-01
-1.704540876652377857e-01
-1.690728902493715546e-01
-1.854202820528197126e-01
-1.854202820528197126e-01
-1.778984123347084334e-01
-1.854202820528197126e-01
-1.779759573833474273e-01
-1.854202820528197126e-01
-1.854202820528197126e-01
-1.840640034132478287e-01
-1.854202820528197126e-01
-1.854202820528197126e-01
-1.755017364032194493e-01
-1.755017364032194493e-01
-1.755017364032194493e-01
-1.671932454505056787e-01
-1.755017364032194493e-01
-1.829007635967265510e-01
-1.755017364032194493e-01
-1.755017364032194493e-01
-1.640252415113898909e-01
-1.755017364032194493e-01
-1.631031185912797943e-01
-1.631031185912797943e-01
-1.715272584885534912e-01
-1.631031185912797943e-01
-1.556011016141161662e-01
-1.631031185912797943e-01
-1.631031185912797943e-01
-1.745922726440142791e-01
-1.631031185912797943e-01
-1.631031185912797943e-01
-1.722873133262980416e-01
-1.722873133262980416e-01
-1.722873133262980416e-01
-1.718694954505060324e-01
-1.722873133262980416e-01
-1.797151866736507453e-01
-1.722873133262980416e-01
-1.722873133262980416e-01
-1.672396645883163502e-01
-1.722873133262980416e-01
-1.742924695528187684e-01
-1.742924695528187684e-01
-1.747128354116309623e-01
-1.742924695528187684e-01
-1.668192987295041840e-01
-1.742924695528187684e-01
-1.742924695528187684e-01
-1.792973687978620390e-01
-1.742924695528187684e-01
-1.742924695528187684e-01
-1.818276739032174405e-01
-1.818276739032174405e-01
-1.818276739032174405e-01
-1.814066108351225504e-01
-1.818276739032174405e-01
-1.733440328274974684e-01
-1.818276739032174405e-01
-1.818276739032174405e-01
-1.894881982421620648e-01
-1.818276739032174405e-01
-1.806668685912813932e-01
-1.806668685912813932e-01
-1.810839892577858767e-01
-1.806668685912813932e-01
-1.890710775756575535e-01
-1.806668685912813932e-01
-1.806668685912813932e-01
-1.729229697594026893e-01
-1.806668685912813932e-01
-1.806668685912813932e-01
-1.659403271484096165e-01
-1.659403271484096165e-01
-1.659403271484096165e-01
-1.734492175057958108e-01
-1.659403271484096165e-01
-1.624723035606690791e-01
-1.659403271484096165e-01
-1.659403271484096165e-01
-1.689501904296625279e-01
-1.659403271484096165e-01
-1.729764749614760566e-01
-1.729764749614760566e-01
-1.654946818659606411e-01
-1.729764749614760566e-01
-1.764319835251763058e-01
-1.729764749614760566e-01
-1.729764749614760566e-01
-1.699811939180553011e-01
-1.729764749614760566e-01
-1.729764749614760566e-01
-1.754422261868707200e-01
-1.754422261868707200e-01
-1.754422261868707200e-01
-1.670325107750234295e-01
-1.754422261868707200e-01
-1.719472795222086736e-01
-1.754422261868707200e-01
-1.754422261868707200e-01
-1.783948779296588294e-01
-1.754422261868707200e-01
-1.665328451537821663e-01
-1.665328451537821663e-01
-1.749124462890370713e-01
-1.665328451537821663e-01
-1.700152767944039245e-01
-1.665328451537821663e-01
-1.665328451537821663e-01
-1.635375641103630207e-01
-1.665328451537821663e-01
-1.665328451537821663e-01
-1.786181877253339711e-01
-1.786181877253339711e-01
-1.786181877253339711e-01
-1.781985444288740339e-01
-1.786181877253339711e-01
-1.671790223106731366e-01
-1.786181877253339711e-01
-1.786181877253339711e-01
-1.752189163912003522e-01
-1.786181877253339711e-01
-1.633110302499367894e-01
-1.633110302499367894e-01
-1.637324102313460206e-01
-1.633110302499367894e-01
-1.747975364097943962e-01
-1.633110302499367894e-01
-1.633110302499367894e-01
-1.667593790142115617e-01
-1.633110302499367894e-01
-1.633110302499367894e-01
-1.849701108022588358e-01
-1.849701108022588358e-01
-1.849701108022588358e-01
-1.845537126981018072e-01
-1.849701108022588358e-01
-1.894116905799025086e-01
-1.849701108022588358e-01
-1.849701108022588358e-01
-1.815708394681237181e-01
-1.849701108022588358e-01
-1.856128090960900423e-01
-1.856128090960900423e-01
-1.860309438851915909e-01
-1.856128090960900423e-01
-1.811527046790238349e-01
-1.856128090960900423e-01
-1.856128090960900423e-01
-1.889952924757471175e-01
-1.856128090960900423e-01
-1.856128090960900423e-01
-1.730436745041800672e-01
-1.730436745041800672e-01
-1.730436745041800672e-01
-1.766097523615634823e-01
-1.730436745041800672e-01
-1.775285235125946826e-01
-1.730436745041800672e-01
-1.730436745041800672e-01
-1.760106291315859939e-01
-1.730436745041800672e-01
-1.840326708749371876e-01
-1.840326708749371876e-01
-1.804793873948067617e-01
-1.840326708749371876e-01
-1.795639126117148099e-01
-1.840326708749371876e-01
-1.840326708749371876e-01
-1.810946013699780976e-01
-1.840326708749371876e-01
-1.840326708749371876e-01
-1.794263668118716570e-01
-1.794263668118716570e-01
-1.794263668118716570e-01
-1.829649206307978337e-01
-1.794263668118716570e-01
-1.680535475510583354e-01
-1.794263668118716570e-01
-1.794263668118716570e-01
-1.696279368238929053e-01
-1.794263668118716570e-01
-1.617001227980157385e-01
-1.617001227980157385e-01
-1.581193152794247714e-01
-1.617001227980157385e-01
-1.732087443424870088e-01
-1.617001227980157385e-01
-1.617001227980157385e-01
-1.715921013699796271e-01
-1.617001227980157385e-01
-1.617001227980157385e-01
-1.841773163311046513e-01
-1.841773163311046513e-01
-1.841773163311046513e-01
-1.718450408231017856e-01
-1.841773163311046513e-01
-1.886448576472118110e-01
-1.841773163311046513e-01
-1.841773163311046513e-01
-1.807945113431230766e-01
-1.841773163311046513e-01
-1.728971660672413979e-01
-1.728971660672413979e-01
-1.852805772986527988e-01
-1.728971660672413979e-01
-1.684111001117116757e-01
-1.728971660672413979e-01
-1.728971660672413979e-01
-1.763125821392074466e-01
-1.728971660672413979e-01
-1.728971660672413979e-01
-1.618484942157190631e-01
-1.618484942157190631e-01
-1.618484942157190631e-01
-1.654283340923359547e-01
-1.618484942157190631e-01
-1.663506509164411340e-01
-1.618484942157190631e-01
-1.618484942157190631e-01
-1.712882853815838047e-01
-1.618484942157190631e-01
-1.792792574133972583e-01
-1.792792574133972583e-01
-1.757397359524987546e-01
-1.792792574133972583e-01
-1.748278068424824194e-01
-1.792792574133972583e-01
-1.792792574133972583e-01
-1.699304907930563602e-01
-1.792792574133972583e-01
-1.792792574133972583e-01
-1.822217844801472253e-01
-1.822217844801472253e-01
-1.822217844801472253e-01
-1.758153563279130083e-01
-1.822217844801472253e-01
-1.867109604116334309e-01
-1.822217844801472253e-01
-1.822217844801472253e-01
-1.820000972806251061e-01
-1.822217844801472253e-01
-1.800823253220511233e-01
-1.800823253220511233e-01
-1.864904901592296937e-01
-1.800823253220511233e-01
-1.755919324434480344e-01
-1.800823253220511233e-01
-1.800823253220511233e-01
-1.803045322594008515e-01
-1.800823253220511233e-01
-1.800823253220511233e-01
-1.726891162109097100e-01
-1.726891162109097100e-01
-1.726891162109097100e-01
-1.663320870971396748e-01
-1.726891162109097100e-01
-1.771436767577875826e-01
-1.726891162109097100e-01
-1.726891162109097100e-01
-1.724631020883143351e-01
-1.726891162109097100e-01
-1.705601137835896508e-01
-1.705601137835896508e-01
-1.769188795823041782e-01
-1.705601137835896508e-01
-1.661043362895983089e-01
-1.705601137835896508e-01
-1.705601137835896508e-01
-1.707866476440175196e-01
-1.705601137835896508e-01
-1.705601137835896508e-01
-1.774246811147593694e-01
-1.774246811147593694e-01
-1.774246811147593694e-01
-1.710429524817582148e-01
-1.774246811147593694e-01
-1.818965493539430323e-01
-1.774246811147593694e-01
-1.774246811147593694e-01
-1.835681381460081141e-01
-1.774246811147593694e-01
-1.816725416682088423e-01
-1.816725416682088423e-01
-1.880066079476921392e-01
-1.816725416682088423e-01
-1.772340718665248172e-01
-1.816725416682088423e-01
-1.816725416682088423e-01
-1.755148207209417388e-01
-1.816725416682088423e-01
-1.816725416682088423e-01
-1.710573734224496434e-01
-1.710573734224496434e-01
-1.710573734224496434e-01
-1.806492986356028618e-01
-1.710573734224496434e-01
-1.595408041616310224e-01
-1.710573734224496434e-01
-1.710573734224496434e-01
-1.772008304537015244e-01
-1.710573734224496434e-01
-1.752904503220497068e-01
-1.752904503220497068e-01
-1.657696127553814625e-01
-1.752904503220497068e-01
-1.867216680203697687e-01
-1.752904503220497068e-01
-1.752904503220497068e-01
-1.691327293747842409e-01
-1.752904503220497068e-01
-1.752904503220497068e-01
-1.790165080378361140e-01
-1.790165080378361140e-01
-1.790165080378361140e-01
-1.885163358952197943e-01
-1.790165080378361140e-01
-1.715778173827865738e-01
-1.790165080378361140e-01
-1.790165080378361140e-01
-1.756090035306249186e-01
-1.790165080378361140e-01
-1.776786955143611346e-01
-1.776786955143611346e-01
-1.681394384765386718e-01
-1.776786955143611346e-01
-1.851482605684457439e-01
-1.776786955143611346e-01
-1.776786955143611346e-01
-1.810776452401718639e-01
-1.776786955143611346e-01
-1.776786955143611346e-01
-1.726492003455278867e-01
-1.726492003455278867e-01
-1.726492003455278867e-01
-1.662304224336796921e-01
-1.726492003455278867e-01
-1.811451010366324221e-01
-1.726492003455278867e-01
-1.726492003455278867e-01
-1.819763112229315083e-01
-1.726492003455278867e-01
-1.840300176297455237e-01
-1.840300176297455237e-01
-1.903764336688460734e-01
-1.840300176297455237e-01
-1.756298951838325961e-01
-1.840300176297455237e-01
-1.840300176297455237e-01
-1.747263231247858650e-01
-1.840300176297455237e-01
-1.840300176297455237e-01
-1.599021089993721001e-01
-1.599021089993721001e-01
-1.599021089993721001e-01
-1.614734032029080946e-01
-1.599021089993721001e-01
-1.603999447866313877e-01
-1.599021089993721001e-01
-1.599021089993721001e-01
-1.629191237229307698e-01
-1.599021089993721001e-01
-1.649808229182010422e-01
-1.649808229182010422e-01
-1.634151716496107520e-01
-1.649808229182010422e-01
-1.644847749915194224e-01
-1.649808229182010422e-01
-1.649808229182010422e-01
-1.619712389901673821e-01
-1.649808229182010422e-01
-1.649808229182010422e-01
-1.822001618839845516e-01
-1.822001618839845516e-01
-1.822001618839845516e-01
-1.837593166644481968e-01
-1.822001618839845516e-01
-1.826941515174004271e-01
-1.822001618839845516e-01
-1.822001618839845516e-01
-1.724253496844667666e-01
-1.822001618839845516e-01
-1.745030344566673164e-01
-1.745030344566673164e-01
-1.729252437649982099e-01
-1.745030344566673164e-01
-1.740031403761374829e-01
-1.745030344566673164e-01
-1.745030344566673164e-01
-1.842533062978640723e-01
-1.745030344566673164e-01
-1.745030344566673164e-01
