-2.559746954075963268e-02
-2.559746954075963268e-02
-2.559746954075963268e-02
-3.447531044985058246e-02
-2.559746954075963268e-02
-2.969775070289751989e-02
-2.559746954075963268e-02
-2.559746954075963268e-02
-2.559746954075963268e-02
-2.559746954075963268e-02
-3.857559161198847314e-02
-3.857559161198847314e-02
-2.969775070289751989e-02
-3.857559161198847314e-02
-3.447531044985058246e-02
-3.857559161198847314e-02
-3.857559161198847314e-02
-3.857559161198847314e-02
-3.857559161198847314e-02
-3.857559161198847314e-02
-4.434161199623794236e-02
-4.434161199623794236e-02
-4.434161199623794236e-02
-3.447531044984641913e-02
-4.434161199623794236e-02
-2.969775070289336003e-02
-4.434161199623794236e-02
-4.434161199623794236e-02
-4.434161199623794236e-02
-4.434161199623794236e-02
-1.983144915650184026e-02
-1.983144915650184026e-02
-2.969775070289336003e-02
-1.983144915650184026e-02
-3.447531044984641913e-02
-1.983144915650184026e-02
-1.983144915650184026e-02
-1.983144915650184026e-02
-1.983144915650184026e-02
-1.983144915650184026e-02
-2.559746954075546935e-02
-2.559746954075546935e-02
-2.559746954075546935e-02
-2.510323922210716194e-02
-2.559746954075546935e-02
-2.969775070289336003e-02
-2.559746954075546935e-02
-2.559746954075546935e-02
-2.559746954075546935e-02
-2.559746954075546935e-02
-2.920352038424526078e-02
-2.920352038424526078e-02
-2.969775070289336003e-02
-2.920352038424526078e-02
-2.510323922210716194e-02
-2.920352038424526078e-02
-2.920352038424526078e-02
-2.920352038424526078e-02
-2.920352038424526078e-02
-2.920352038424526078e-02
-2.559746954075546935e-02
-2.559746954075546935e-02
-2.559746954075546935e-02
-2.510323922210716194e-02
-2.559746954075546935e-02
-2.969775070289336003e-02
-2.559746954075546935e-02
-2.559746954075546935e-02
-2.559746954075546935e-02
-2.559746954075546935e-02
-2.920352038424526078e-02
-2.920352038424526078e-02
-2.969775070289336003e-02
-2.920352038424526078e-02
-2.510323922210716194e-02
-2.920352038424526078e-02
-2.920352038424526078e-02
-2.920352038424526078e-02
-2.920352038424526078e-02
-2.920352038424526078e-02
-2.559746954075546935e-02
-2.559746954075546935e-02
-2.559746954075546935e-02
-2.041720360823368399e-02
-2.559746954075546935e-02
-2.501171508902383378e-02
-2.559746954075546935e-02
-2.559746954075546935e-02
-2.559746954075546935e-02
-2.559746954075546935e-02
-1.983144915650184026e-02
-1.983144915650184026e-02
-2.501171508902383378e-02
-1.983144915650184026e-02
-2.041720360823368399e-02
-1.983144915650184026e-02
-1.983144915650184026e-02
-1.983144915650184026e-02
-1.983144915650184026e-02
-1.983144915650184026e-02
-2.559746954075963268e-02
-2.559746954075963268e-02
-2.559746954075963268e-02
-2.041720360823763569e-02
-2.559746954075963268e-02
-2.501171508902383378e-02
-2.559746954075963268e-02
-2.559746954075963268e-02
-2.559746954075963268e-02
-2.559746954075963268e-02
-1.983144915650184026e-02
-1.983144915650184026e-02
-2.501171508902383378e-02
-1.983144915650184026e-02
-2.041720360823763569e-02
-1.983144915650184026e-02
-1.983144915650184026e-02
-1.983144915650184026e-02
-1.983144915650184026e-02
-1.983144915650184026e-02
-3.496954076849868170e-02
-3.496954076849868170e-02
-3.496954076849868170e-02
-2.978927483597689635e-02
-3.496954076849868170e-02
-2.501171508902383378e-02
-3.496954076849868170e-02
-3.496954076849868170e-02
-3.496954076849868170e-02
-3.496954076849868170e-02
-1.983144915650184026e-02
-1.983144915650184026e-02
-2.501171508902383378e-02
-1.983144915650184026e-02
-2.978927483597689635e-02
-1.983144915650184026e-02
-1.983144915650184026e-02
-1.983144915650184026e-02
-1.983144915650184026e-02
-1.983144915650184026e-02
-1.622539831301620869e-02
-1.622539831301620869e-02
-1.622539831301620869e-02
-2.978927483598084805e-02
-1.622539831301620869e-02
-2.501171508902383378e-02
-1.622539831301620869e-02
-1.622539831301620869e-02
-1.622539831301620869e-02
-1.622539831301620869e-02
-3.857559161198847314e-02
-3.857559161198847314e-02
-2.501171508902383378e-02
-3.857559161198847314e-02
-2.978927483598084805e-02
-3.857559161198847314e-02
-3.857559161198847314e-02
-3.857559161198847314e-02
-3.857559161198847314e-02
-3.857559161198847314e-02
-3.496954076849868170e-02
-3.496954076849868170e-02
-3.496954076849868170e-02
-4.384738167758963495e-02
-3.496954076849868170e-02
-2.501171508902383378e-02
-3.496954076849868170e-02
-3.496954076849868170e-02
-3.496954076849868170e-02
-3.496954076849868170e-02
-3.388955599811478703e-02
-3.388955599811478703e-02
-2.501171508902383378e-02
-3.388955599811478703e-02
-4.384738167758963495e-02
-3.388955599811478703e-02
-3.388955599811478703e-02
-3.388955599811478703e-02
-3.388955599811478703e-02
-3.388955599811478703e-02
-1.622539831301620869e-02
-1.622539831301620869e-02
-1.622539831301620869e-02
-2.510323922210716194e-02
-1.622539831301620869e-02
-2.501171508902383378e-02
-1.622539831301620869e-02
-1.622539831301620869e-02
-1.622539831301620869e-02
-1.622539831301620869e-02
-3.388955599811478703e-02
-3.388955599811478703e-02
-2.501171508902383378e-02
-3.388955599811478703e-02
-2.510323922210716194e-02
-3.388955599811478703e-02
-3.388955599811478703e-02
-3.388955599811478703e-02
-3.388955599811478703e-02
-3.388955599811478703e-02
-2.559746954075963268e-02
-2.559746954075963268e-02
-2.559746954075963268e-02
-1.573116799436810945e-02
-2.559746954075963268e-02
-2.501171508902383378e-02
-2.559746954075963268e-02
-2.559746954075963268e-02
-2.559746954075963268e-02
-2.559746954075963268e-02
-1.514541354263231401e-02
-1.514541354263231401e-02
-2.501171508902383378e-02
-1.514541354263231401e-02
-1.573116799436810945e-02
-1.514541354263231401e-02
-1.514541354263231401e-02
-1.514541354263231401e-02
-1.514541354263231401e-02
-1.514541354263231401e-02
-2.559746954075963268e-02
-2.559746954075963268e-02
-2.559746954075963268e-02
-3.447531044985058246e-02
-2.559746954075963268e-02
-2.501171508902383378e-02
-2.559746954075963268e-02
-2.559746954075963268e-02
-2.559746954075963268e-02
-2.559746954075963268e-02
-3.388955599811478703e-02
-3.388955599811478703e-02
-2.501171508902383378e-02
-3.388955599811478703e-02
-3.447531044985058246e-02
-3.388955599811478703e-02
-3.388955599811478703e-02
-3.388955599811478703e-02
-3.388955599811478703e-02
-3.388955599811478703e-02
-2.091143392688594310e-02
-2.091143392688594310e-02
-2.091143392688594310e-02
-2.978927483597689635e-02
-2.091143392688594310e-02
-2.969775070289336003e-02
-2.091143392688594310e-02
-2.091143392688594310e-02
-2.091143392688594310e-02
-2.091143392688594310e-02
-3.857559161198430980e-02
-3.857559161198430980e-02
-2.969775070289336003e-02
-3.857559161198430980e-02
-2.978927483597689635e-02
-3.857559161198430980e-02
-3.857559161198430980e-02
-3.857559161198430980e-02
-3.857559161198430980e-02
-3.857559161198430980e-02
-2.091143392688594310e-02
-2.091143392688594310e-02
-2.091143392688594310e-02
-1.104513238049442334e-02
-2.091143392688594310e-02
-2.969775070289336003e-02
-2.091143392688594310e-02
-2.091143392688594310e-02
-2.091143392688594310e-02
-2.091143392688594310e-02
-1.983144915650184026e-02
-1.983144915650184026e-02
-2.969775070289336003e-02
-1.983144915650184026e-02
-1.104513238049442334e-02
-1.983144915650184026e-02
-1.983144915650184026e-02
-1.983144915650184026e-02
-1.983144915650184026e-02
-1.983144915650184026e-02
-2.091143392688989827e-02
-2.091143392688989827e-02
-2.091143392688989827e-02
-2.041720360823763569e-02
-2.091143392688989827e-02
-2.969775070289336003e-02
-2.091143392688989827e-02
-2.091143392688989827e-02
-2.091143392688989827e-02
-2.091143392688989827e-02
-2.920352038424109745e-02
-2.920352038424109745e-02
-2.969775070289336003e-02
-2.920352038424109745e-02
-2.041720360823763569e-02
-2.920352038424109745e-02
-2.920352038424109745e-02
-2.920352038424109745e-02
-2.920352038424109745e-02
-2.920352038424109745e-02
-3.965557638236841265e-02
-3.965557638236841265e-02
-3.965557638236841265e-02
-3.916134606372010524e-02
-3.965557638236841265e-02
-2.969775070289336003e-02
-3.965557638236841265e-02
-3.965557638236841265e-02
-3.965557638236841265e-02
-3.965557638236841265e-02
-2.920352038424526078e-02
-2.920352038424526078e-02
-2.969775070289336003e-02
-2.920352038424526078e-02
-3.916134606372010524e-02
-2.920352038424526078e-02
-2.920352038424526078e-02
-2.920352038424526078e-02
-2.920352038424526078e-02
-2.920352038424526078e-02
-1.388238050608155139e-02
-1.388238050608155139e-02
-1.388238050608155139e-02
-2.276022141517250116e-02
-1.388238050608155139e-02
-9.782099343943454275e-03
-1.388238050608155139e-02
-1.388238050608155139e-02
-1.388238050608155139e-02
-1.388238050608155139e-02
-1.865994025303461396e-02
-1.865994025303461396e-02
-9.782099343943454275e-03
-1.865994025303461396e-02
-2.276022141517250116e-02
-1.865994025303461396e-02
-1.865994025303461396e-02
-1.865994025303461396e-02
-1.865994025303461396e-02
-1.865994025303461396e-02
-3.262652296155985759e-02
-3.262652296155985759e-02
-3.262652296155985759e-02
-2.276022141516834130e-02
-3.262652296155985759e-02
-2.852624179942592555e-02
-3.262652296155985759e-02
-3.262652296155985759e-02
-3.262652296155985759e-02
-3.262652296155985759e-02
-1.865994025303461396e-02
-1.865994025303461396e-02
-2.852624179942592555e-02
-1.865994025303461396e-02
-2.276022141516834130e-02
-1.865994025303461396e-02
-1.865994025303461396e-02
-1.865994025303461396e-02
-1.865994025303461396e-02
-1.865994025303461396e-02
-3.262652296156402093e-02
-3.262652296156402093e-02
-3.262652296156402093e-02
-3.213229264291571352e-02
-3.262652296156402093e-02
-1.915417057168687306e-02
-3.262652296156402093e-02
-3.262652296156402093e-02
-3.262652296156402093e-02
-3.262652296156402093e-02
-1.865994025303856566e-02
-1.865994025303856566e-02
-1.915417057168687306e-02
-1.865994025303856566e-02
-3.213229264291571352e-02
-1.865994025303856566e-02
-1.865994025303856566e-02
-1.865994025303856566e-02
-1.865994025303856566e-02
-1.865994025303856566e-02
-3.262652296156402093e-02
-3.262652296156402093e-02
-3.262652296156402093e-02
-3.213229264291175835e-02
-3.262652296156402093e-02
-3.789831302716934608e-02
-3.262652296156402093e-02
-3.262652296156402093e-02
-3.262652296156402093e-02
-3.262652296156402093e-02
-3.740408270851708350e-02
-3.740408270851708350e-02
-3.789831302716934608e-02
-3.740408270851708350e-02
-3.213229264291175835e-02
-3.740408270851708350e-02
-3.740408270851708350e-02
-3.740408270851708350e-02
-3.740408270851708350e-02
-3.740408270851708350e-02
-2.794048734769428999e-02
-2.794048734769428999e-02
-2.794048734769428999e-02
-3.213229264291175835e-02
-2.794048734769428999e-02
-3.321227741329961514e-02
-2.794048734769428999e-02
-2.794048734769428999e-02
-2.794048734769428999e-02
-2.794048734769428999e-02
-3.740408270851708350e-02
-3.740408270851708350e-02
-3.321227741329961514e-02
-3.740408270851708350e-02
-3.213229264291175835e-02
-3.740408270851708350e-02
-3.740408270851708350e-02
-3.740408270851708350e-02
-3.740408270851708350e-02
-3.740408270851708350e-02
-2.794048734769428999e-02
-2.794048734769428999e-02
-2.794048734769428999e-02
-3.213229264291571352e-02
-2.794048734769428999e-02
-1.446813495781714212e-02
-2.794048734769428999e-02
-2.794048734769428999e-02
-2.794048734769428999e-02
-2.794048734769428999e-02
-1.865994025303856566e-02
-1.865994025303856566e-02
-1.446813495781714212e-02
-1.865994025303856566e-02
-3.213229264291571352e-02
-1.865994025303856566e-02
-1.865994025303856566e-02
-1.865994025303856566e-02
-1.865994025303856566e-02
-1.865994025303856566e-02
-3.731255857543355064e-02
-3.731255857543355064e-02
-3.731255857543355064e-02
-2.276022141516834130e-02
-3.731255857543355064e-02
-4.258434864103886885e-02
-3.731255857543355064e-02
-3.731255857543355064e-02
-3.731255857543355064e-02
-3.731255857543355064e-02
-2.803201148077366298e-02
-2.803201148077366298e-02
-4.258434864103886885e-02
-2.803201148077366298e-02
-2.276022141516834130e-02
-2.803201148077366298e-02
-2.803201148077366298e-02
-2.803201148077366298e-02
-2.803201148077366298e-02
-2.803201148077366298e-02
-1.856841611995107763e-02
-1.856841611995107763e-02
-1.856841611995107763e-02
-2.276022141517250116e-02
-1.856841611995107763e-02
-2.384020618555639931e-02
-1.856841611995107763e-02
-1.856841611995107763e-02
-1.856841611995107763e-02
-1.856841611995107763e-02
-2.803201148077782631e-02
-2.803201148077782631e-02
-2.384020618555639931e-02
-2.803201148077782631e-02
-2.276022141517250116e-02
-2.803201148077782631e-02
-2.803201148077782631e-02
-2.803201148077782631e-02
-2.803201148077782631e-02
-2.803201148077782631e-02
-3.965557638237236782e-02
-3.965557638237236782e-02
-3.965557638237236782e-02
-3.213229264291571352e-02
-3.965557638237236782e-02
-4.492736644797373780e-02
-3.965557638237236782e-02
-3.965557638237236782e-02
-3.965557638237236782e-02
-3.965557638237236782e-02
-3.740408270851708350e-02
-3.740408270851708350e-02
-4.492736644797373780e-02
-3.740408270851708350e-02
-3.213229264291571352e-02
-3.740408270851708350e-02
-3.740408270851708350e-02
-3.740408270851708350e-02
-3.740408270851708350e-02
-3.740408270851708350e-02
-2.091143392688594310e-02
-2.091143392688594310e-02
-2.091143392688594310e-02
-1.338815018742929054e-02
-2.091143392688594310e-02
-2.618322399249126825e-02
-2.091143392688594310e-02
-2.091143392688594310e-02
-2.091143392688594310e-02
-2.091143392688594310e-02
-1.865994025303461396e-02
-1.865994025303461396e-02
-2.618322399249126825e-02
-1.865994025303461396e-02
-1.338815018742929054e-02
-1.865994025303461396e-02
-1.865994025303461396e-02
-1.865994025303461396e-02
-1.865994025303461396e-02
-1.865994025303461396e-02
-3.028350515462915546e-02
-3.028350515462915546e-02
-3.028350515462915546e-02
-2.276022141517250116e-02
-3.028350515462915546e-02
-3.555529522023447714e-02
-3.028350515462915546e-02
-3.028350515462915546e-02
-3.028350515462915546e-02
-3.028350515462915546e-02
-2.803201148077782631e-02
-2.803201148077782631e-02
-3.555529522023447714e-02
-2.803201148077782631e-02
-2.276022141517250116e-02
-2.803201148077782631e-02
-2.803201148077782631e-02
-2.803201148077782631e-02
-2.803201148077782631e-02
-2.803201148077782631e-02
-3.028350515462915546e-02
-3.028350515462915546e-02
-3.028350515462915546e-02
-4.150436387065497418e-02
-3.028350515462915546e-02
-1.681115276474784426e-02
-3.028350515462915546e-02
-3.028350515462915546e-02
-3.028350515462915546e-02
-3.028350515462915546e-02
-2.803201148077366298e-02
-2.803201148077366298e-02
-1.681115276474784426e-02
-2.803201148077366298e-02
-4.150436387065497418e-02
-2.803201148077366298e-02
-2.803201148077366298e-02
-2.803201148077366298e-02
-2.803201148077366298e-02
-2.803201148077366298e-02
-3.028350515462915546e-02
-3.028350515462915546e-02
-3.028350515462915546e-02
-4.150436387065497418e-02
-3.028350515462915546e-02
-2.149718837862153384e-02
-3.028350515462915546e-02
-3.028350515462915546e-02
-3.028350515462915546e-02
-3.028350515462915546e-02
-3.271804709464735256e-02
-3.271804709464735256e-02
-2.149718837862153384e-02
-3.271804709464735256e-02
-4.150436387065497418e-02
-3.271804709464735256e-02
-3.271804709464735256e-02
-3.271804709464735256e-02
-3.271804709464735256e-02
-3.271804709464735256e-02
-3.028350515462915546e-02
-3.028350515462915546e-02
-3.028350515462915546e-02
-2.276022141517250116e-02
-3.028350515462915546e-02
-4.024133083410400685e-02
-3.028350515462915546e-02
-3.028350515462915546e-02
-3.028350515462915546e-02
-3.028350515462915546e-02
-3.271804709464735256e-02
-3.271804709464735256e-02
-4.024133083410400685e-02
-3.271804709464735256e-02
-2.276022141517250116e-02
-3.271804709464735256e-02
-3.271804709464735256e-02
-3.271804709464735256e-02
-3.271804709464735256e-02
-3.271804709464735256e-02
-1.153936269914668591e-02
-1.153936269914668591e-02
-1.153936269914668591e-02
-1.338815018742929054e-02
-1.153936269914668591e-02
-1.212511715087832148e-02
-1.153936269914668591e-02
-1.153936269914668591e-02
-1.153936269914668591e-02
-1.153936269914668591e-02
-1.397390463916092611e-02
-1.397390463916092611e-02
-1.212511715087832148e-02
-1.397390463916092611e-02
-1.338815018742929054e-02
-1.397390463916092611e-02
-1.397390463916092611e-02
-1.397390463916092611e-02
-1.397390463916092611e-02
-1.397390463916092611e-02
-3.028350515462499559e-02
-3.028350515462499559e-02
-3.028350515462499559e-02
-3.213229264291175835e-02
-3.028350515462499559e-02
-3.086925960636079103e-02
-3.028350515462499559e-02
-3.028350515462499559e-02
-3.028350515462499559e-02
-3.028350515462499559e-02
-3.271804709464735256e-02
-3.271804709464735256e-02
-3.086925960636079103e-02
-3.271804709464735256e-02
-3.213229264291175835e-02
-3.271804709464735256e-02
-3.271804709464735256e-02
-3.271804709464735256e-02
-3.271804709464735256e-02
-3.271804709464735256e-02
